-0.401564
-0.394546
-0.387266
-0.379822
-0.372361
-0.364965
-0.357671
-0.350589
-0.343978
-0.338147
-0.333309
-0.329504
-0.326581
-0.324268
-0.322264
-0.319913
-0.315295
-0.310116
-0.304478
-0.298504
-0.29227800000000004
-0.28579899999999997
-0.279062
-0.27234400000000003
-0.26669699999999996
-0.264495
-0.269644
-0.286635
-0.31752800000000003
-0.35751700000000003
-0.391995
-0.406754
-0.396929
-0.387233
-0.37766500000000003
-0.368226
-0.358917
-0.349735
-0.34068000000000004
-0.33174899999999996
-0.32294
-0.314252
-0.305681
-0.297227
-0.288889
-0.280665
-0.272556
-0.26456199999999996
-0.256684
-0.248921
-0.241275
-0.233746
-0.226333
-0.219038
-0.21185900000000002
-0.204796
-0.197848
-0.19101400000000002
-0.184293
-0.17768299999999998
-0.171183
-0.164793
-0.158512
-0.152339
-0.146274
-0.140318
-0.134471
-0.128734
-0.123107
-0.117593
-0.11219200000000001
-0.106905
-0.101733
-0.0966771
-0.091737
-0.086913
-0.082205
-0.07761280000000001
-0.07313589999999999
-0.068774
-0.0645269
-0.060394500000000004
-0.0563769
-0.0524745
-0.048687699999999993
-0.0450172
-0.0414639
-0.0380287
-0.034712400000000004
-0.0315159
-0.0284402
-0.0254857
-0.022653
-0.0199424
-0.017353999999999998
-0.0148877
-0.0125434
-0.010320600000000001
-0.00821889
-0.00623784
-0.00437694
-0.0026357
-0.00101367
0.0004895580000000001
0.00187434
0.00314099
0.00428974
0.00532082
0.00623438
0.00703055
0.00770944
0.00827113
0.00871571
0.00904324
0.00925381
0.00934751
0.00932443
0.0091847
0.00892843
0.008555799999999999
0.00806696
0.00746212
0.00674148
0.00590527
0.00495375
0.00388718
0.00270582
0.00140999
-1.93406e-20
