-0.24553699999999998
-0.24424099999999999
-0.242265
-0.241319
-0.240229
-0.23488
-0.231136
-0.22764600000000002
-0.22471799999999997
-0.21974899999999997
-0.211796
-0.204864
-0.1963
-0.19042699999999999
-0.1857
-0.18349000000000001
-0.183819
-0.18601900000000002
-0.188589
-0.19004000000000001
-0.19006900000000002
-0.188718
-0.185565
-0.183372
-0.184015
-0.18295799999999998
-0.18138900000000002
-0.17421199999999998
-0.16457
-0.15399000000000002
-0.143486
-0.13599
-0.130555
-0.129364
-0.127648
-0.12551199999999998
-0.123821
-0.123953
-0.12649000000000002
-0.130049
-0.131689
-0.130071
-0.12654200000000002
-0.12404100000000001
-0.121496
-0.11554
-0.109727
-0.104012
-0.100584
-0.09747560000000001
-0.09383630000000001
-0.0886704
-0.08201939999999999
-0.07753600000000001
-0.0737865
-0.0717804
-0.0703248
-0.0701316
-0.07101569999999999
-0.07348500000000001
-0.0758127
-0.07618380000000001
-0.0736291
-0.07048739999999999
-0.06887810000000001
-0.0679812
-0.0681165
-0.0666048
-0.0650477
-0.060879499999999996
-0.0557885
-0.051809400000000005
-0.0504087
-0.052229899999999996
-0.05356419999999999
-0.0545967
-0.052420900000000006
-0.047450900000000004
-0.041799199999999995
-0.0373032
-0.0343326
-0.033848500000000004
-0.0348296
-0.0346949
-0.0322932
-0.0289442
-0.0276531
-0.027187
-0.0269723
-0.0241349
-0.0207732
-0.0192692
-0.020761599999999998
-0.023778099999999996
-0.024205
-0.021750400000000003
-0.0170424
-0.013853200000000001
-0.013200700000000001
-0.0147556
-0.016184999999999998
-0.0162314
-0.0155226
-0.0145338
-0.0129221
-0.010168
-0.00654331
-0.00322235
-0.00326433
-0.00585821
-0.00972172
-0.0110595
-0.00868177
-0.00432022
-0.00110293
-0.00202427
-0.00453037
-0.00573613
-0.00524133
-0.00489564
-0.00461627
-0.00248998
0.00243376
0.00723566
0.00876734
0.00659258
0.00304194
0.00101202
-7.58484e-05
