-0.203165
-0.201431
-0.199018
-0.196717
-0.194272
-0.191698
-0.190729
-0.192296
-0.194426
-0.194325
-0.191241
-0.186134
-0.179395
-0.171935
-0.16562000000000002
-0.16133
-0.159579
-0.15981900000000002
-0.160431
-0.160347
-0.158842
-0.15511
-0.149576
-0.144645
-0.142549
-0.14258099999999999
-0.142102
-0.139037
-0.133507
-0.127182
-0.120933
-0.115881
-0.11289
-0.111124
-0.10883499999999999
-0.10569500000000001
-0.103001
-0.10218300000000001
-0.103771
-0.10631700000000001
-0.106946
-0.10382100000000001
-0.0987853
-0.0941577
-0.0894857
-0.0840338
-0.0787253
-0.07519939999999999
-0.07396069999999999
-0.0741549
-0.0738185
-0.07156649999999999
-0.06782919999999999
-0.0640049
-0.060914300000000005
-0.0584544
-0.05654490000000001
-0.0555355
-0.0556034
-0.0566846
-0.057624199999999993
-0.0563134
-0.0520769
-0.0468589
-0.0431733
-0.0417144
-0.0412877
-0.04142
-0.041507
-0.040313699999999994
-0.0381976
-0.0372087
-0.0387982
-0.04181869999999999
-0.0443524
-0.0449913
-0.0424218
-0.036889099999999994
-0.030674400000000004
-0.0254703
-0.0217916
-0.0203864
-0.020446400000000003
-0.0190829
-0.0154524
-0.0112489
-0.00910325
-0.00963518
-0.0104185
-0.00915315
-0.00736341
-0.00783937
-0.011311700000000001
-0.0157876
-0.0176739
-0.015248099999999999
-0.010569
-0.006847
-0.00566169
-0.00623098
-0.00667464
-0.00608509
-0.00474034
-0.00347751
-0.00159184
0.00186666
0.00619576
0.00915409
0.0087495
0.00497692
-6.53032e-05
-0.0032067
-0.00263258
0.000368832
0.00222599
0.0008852039999999999
-0.00204034
-0.00327931
-0.00281773
-0.00253154
-0.00231167
-0.00031169
0.00448574
0.00940031
0.011044700000000001
0.00889384
0.00536713
0.00221254
1.6958999999999999e-16
