Residual: 
4.03869
2.70866
2.30605
2.09395
1.95067
1.83636
1.73667
1.64601
1.56199
1.48346
1.40978
1.3405
1.2753
1.2139
1.15607
1.10157
1.0502
1.00177
0.956106
0.913034
0.872399
0.834057
0.797868
0.763705
0.731446
0.700978
0.672193
0.644993
0.619282
0.594972
0.571981
0.550231
0.529648
0.510164
0.491714
0.474237
0.457677
0.44198
0.427095
0.412976
0.399578
0.386859
0.37478
0.363304
0.352397
0.342026
0.332161
0.322772
0.313834
0.30532
0.297207
0.289473
0.282096
0.275057
0.268338
0.26192
0.255788
0.249926
0.244319
0.238954
0.233819
0.228901
0.224188
0.219671
0.215339
0.211182
0.207193
0.203362
0.199681
0.196144
0.192742
0.189471
0.186322
0.183291
0.180372
0.17756
0.174849
0.172235
0.169714
0.167281
0.164933
0.162666
0.160476
0.15836
0.156314
0.154336
0.152423
0.150572
0.14878
0.147046
0.145366
0.143739
0.142163
0.140635
0.139153
0.137716
0.136322
0.13497
0.133657
0.132383
0.131145
0.129944
0.128776
0.127641
0.126538
0.125466
0.124423
0.123409
0.122422
0.121462
0.120527
0.119617
0.118731
0.117868
0.117028
0.116209
0.115411
0.114633
0.113875
0.113136
0.112415
0.111712
0.111025
0.110356
0.109702
0.109064
0.108442
0.107834
0.10724
0.106659
0.106093
0.105539
0.104997
0.104468
0.103951
0.103445
0.10295
0.102466
0.101993
0.101529
0.101076
0.100632
0.100198
0.0997724
0.0993559
0.0989479
0.0985484
0.0981569
0.0977733
0.0973973
0.0970289
0.0966677
0.0963136
0.0959663
0.0956257
0.0952917
0.0949639
0.0946424
0.0943268
0.0940172
0.0937132
0.0934147
0.0931217
0.092834
0.0925514
0.0922737
0.092001
0.0917331
0.0914697
0.0912109
0.0909565
0.0907064
0.0904605
0.0902187
0.0899809
0.089747
0.0895169
0.0892905
0.0890678
0.0888485
0.0886327
0.0884203
0.0882112
0.0880053
0.0878025
0.0876028
0.0874061
0.0872123
0.0870214
0.0868332
0.0866478
0.0864651
0.086285
0.0861074
0.0859323
0.0857597
0.0855895
0.0854216
0.085256
0.0850925
0.0849313
0.0847722
0.0846152
0.0844603
0.0843073
0.0841563
0.0840072
0.08386
0.0837147
0.0835711
0.0834293
0.0832892
0.0831508
0.0830141
0.082879
0.0827455
0.0826134
0.082483
0.0823541
0.0822265
0.0821005
0.0819759
0.0818525
0.0817306
0.08161
0.0814907
0.0813727
0.0812559
0.0811403
0.081026
0.0809128
0.0808008
0.0806899
0.0805801
0.0804714
0.0803638
0.0802572
0.0801517
0.0800472
0.0799436
0.0798411
0.0797395
0.0796388
0.0795391
0.0794403
0.0793423
0.0792452
0.079149
0.0790537
0.0789591
0.0788654
0.0787725
0.0786804
0.0785889
0.0784984
0.0784085
0.0783194
0.078231
0.0781433
0.0780563
0.0779699
0.0778843
0.0777993
0.077715
0.0776313
0.0775482
0.0774658
0.0773839
0.0773027
0.077222
0.077142
0.0770625
0.0769835
0.0769051
0.0768273
0.07675
0.0766732
0.0765968
0.0765211
0.0764459
0.0763711
0.0762968
0.076223
0.0761497
0.0760768
0.0760044
0.0759324
0.0758609
0.0757898
0.0757192
0.075649
0.0755792
0.0755098
0.0754407
0.0753722
0.075304
0.0752361
0.0751687
0.0751017
0.075035
0.0749686
0.0749027
0.0748371
0.0747718
0.0747069
0.0746423
0.0745781
0.0745142
0.0744506
0.0743873
0.0743244
0.0742617
0.0741994
0.0741374
0.0740757
0.0740143
0.0739532
0.0738923
0.0738318
0.0737715
0.0737115
0.0736517
0.0735923
0.0735331
0.0734742
0.0734155
0.0733571
0.073299
0.073241
0.0731834
0.0731259
0.0730688
0.0730118
0.0729551
0.0728986
0.0728423
0.0727863
0.0727305
0.0726749
0.0726195
0.0725644
0.0725095
0.0724547
0.0724002
0.0723459
0.0722917
0.0722378
0.0721841
0.0721305
0.0720771
0.072024
0.071971
0.0719182
0.0718656
0.0718132
0.071761
0.0717089
0.071657
0.0716053
0.0715538
0.0715024
0.0714511
0.0714001
0.0713492
0.0712985
0.071248
0.0711975
0.0711473
0.0710972
0.0710473
0.0709975
0.0709478
0.0708983
0.0708489
0.0707997
0.0707506
0.0707018
0.070653
0.0706043
0.0705558
0.0705074
0.0704592
0.0704111
0.0703631
0.0703152
0.0702675
0.07022
0.0701725
0.0701252
0.070078
0.0700308
0.0699838
0.069937
0.0698902
0.0698436
0.0697971
0.0697507
0.0697044
0.0696583
0.0696122
0.0695663
0.0695204
0.0694747
0.0694291
0.0693835
0.0693382
0.0692928
0.0692477
0.0692025
0.0691575
0.0691127
0.0690679
0.0690232
0.0689786
0.068934
0.0688896
0.0688453
0.0688011
0.068757
0.0687129
0.068669
0.0686251
0.0685813
0.0685377
0.0684941
0.0684507
0.0684071
0.0683638
0.0683206
0.0682774
0.0682343
0.0681914
0.0681484
0.0681055
0.0680629
0.0680202
0.0679776
0.067935
0.0678926
0.0678502
0.067808
0.0677657
0.0677236
0.0676816
0.0676396
0.0675976
0.0675558
0.067514
0.0674723
0.0674307
0.0673892
0.0673477
0.0673063
0.0672649
0.0672236
0.0671824
0.0671413
0.0671002
0.0670592
0.0670183
0.0669774
0.0669366
0.0668959
0.0668551
0.0668145
0.066774
0.0667335
0.066693
0.0666526
0.0666123
0.0665721
0.0665318
0.0664918
0.0664517
0.0664117
0.0663717
0.0663318
0.0662919
0.0662522
0.0662124
0.0661728
0.0661331
0.0660936
0.0660541
0.0660146
0.0659752
0.0659358
0.0658965
0.0658573
0.0658181
0.065779
0.0657399
0.0657009
0.0656619
0.065623
0.0655841
0.0655452
0.0655065
0.0654678
0.0654291
0.0653904
0.0653519
0.0653133
0.0652748
0.0652364
0.0651981
0.0651596
0.0651213
0.0650831
0.0650449
0.0650067
0.0649686
0.0649305
0.0648925
0.0648545
0.0648166
0.0647787
0.0647408
0.064703
0.0646653
0.0646275
0.0645899
0.0645523
0.0645147
0.0644771
0.0644396
0.0644021
0.0643647
0.0643274
0.06429
0.0642527
0.0642154
0.0641782
0.064141
0.0641039
0.0640668
0.0640297
0.0639927
0.0639557
0.0639188
0.0638819
0.063845
0.0638082
0.0637714
0.0637346
0.0636979
0.0636612
0.0636246
0.063588
0.0635513
0.0635148
0.0634783
0.0634418
0.0634055
0.063369
0.0633327
0.0632964
0.0632601
0.0632238
0.0631877
0.0631515
0.0631152
0.0630791
0.0630432
0.0630071
0.062971
0.0629351
0.0628991
0.0628632
0.0628274
0.0627915
0.0627557
0.0627199
0.0626842
0.0626485
0.0626128
0.0625771
0.0625415
0.0625059
0.0624704
0.0624348
0.0623994
0.0623639
0.0623285
0.062293
0.0622577
0.0622223
0.062187
0.0621518
0.0621165
0.0620813
0.0620461
0.0620109
0.0619758
0.0619408
0.0619057
0.0618706
0.0618356
0.0618006
0.0617657
0.0617308
0.0616959
0.0616609
0.0616261
0.0615913
0.0615566
0.0615219
0.0614871
0.0614524
0.0614178
0.0613831
0.0613485
0.0613139
0.0612794
0.0612449
0.0612104
0.0611759
0.0611414
0.0611069
0.0610726
0.0610382
0.0610039
0.0609695
0.0609353
0.060901
0.0608668
0.0608326
0.0607984
0.0607642
0.06073
0.0606959
0.0606619
0.0606278
0.0605938
0.0605598
0.0605258
0.0604919
0.0604579
0.060424
0.0603902
0.0603563
0.0603225
0.0602886
0.0602549
0.0602211
0.0601874
0.0601537
0.06012
0.0600864
0.0600527
0.0600191
0.0599855
0.059952
0.0599184
0.0598849
0.0598514
0.059818
0.0597845
0.0597511
0.0597177
0.0596844
0.059651
0.0596177
0.0595844
0.0595511
0.0595179
0.0594847
0.0594514
0.0594182
0.0593851
0.059352
0.0593188
0.0592857
0.0592527
0.0592197
0.0591866
0.0591536
0.0591207
0.0590877
0.0590547
0.0590218
0.0589889
0.058956
0.0589231
0.0588904
0.0588576
0.0588248
0.058792
0.0587593
0.0587266
0.0586939
0.0586612
0.0586285
0.0585958
0.0585633
0.0585307
0.0584982
0.0584656
0.0584331
0.0584005
Residual: 
0.0635829
0.0632546
0.0629323
0.0626159
0.062305
0.0619994
0.0616988
0.0614031
0.0611119
0.0608251
0.0605425
0.060264
0.0599894
0.0597185
0.0594513
0.0591875
0.058927
0.0586698
0.0584157
0.0581647
0.0579166
0.0576713
0.0574288
0.057189
0.0569518
0.0567171
0.0564848
0.056255
0.0560274
0.0558022
0.0555792
0.0553583
0.0551395
0.0549228
0.0547082
0.0544954
0.0542846
0.0540757
0.0538686
0.0536633
0.0534598
0.053258
0.0530579
0.0528595
0.0526627
0.0524675
0.0522738
0.0520817
0.0518911
0.051702
0.0515144
0.0513281
0.0511433
0.0509599
0.0507778
0.050597
0.0504176
0.0502395
0.0500626
0.049887
0.0497127
0.0495395
0.0493676
0.0491968
0.0490272
0.0488587
0.0486914
0.0485251
0.04836
0.048196
0.048033
0.047871
0.0477102
0.0475503
0.0473914
0.0472335
0.0470767
0.0469208
0.0467658
0.0466118
0.0464588
0.0463066
0.0461554
0.046005
0.0458556
0.0457071
0.0455594
0.0454126
0.0452666
0.0451215
0.0449772
0.0448337
0.044691
0.0445491
0.0444081
0.0442678
0.0441283
0.0439896
0.0438516
0.0437144
0.0435779
0.0434422
0.0433072
0.043173
0.0430394
0.0429066
0.0427745
0.042643
0.0425123
0.0423822
0.0422528
0.0421241
0.0419961
0.0418687
0.0417419
0.0416158
0.0414904
0.0413656
0.0412414
0.0411179
0.0409949
0.0408726
0.0407509
0.0406298
0.0405093
0.0403894
0.04027
0.0401513
0.0400331
0.0399156
0.0397985
0.0396821
0.0395662
0.0394509
0.0393361
0.0392219
0.0391082
0.0389951
0.0388825
0.0387704
0.0386589
0.0385479
0.0384374
0.0383274
0.0382179
0.038109
0.0380005
0.0378926
0.0377851
0.0376782
0.0375717
0.0374658
0.0373603
0.0372553
0.0371508
0.0370468
0.0369432
0.0368401
0.0367375
0.0366353
0.0365336
0.0364324
0.0363316
0.0362312
0.0361313
0.0360319
0.0359329
0.0358343
0.0357362
0.0356385
0.0355413
0.0354444
0.035348
0.0352521
0.0351565
0.0350614
0.0349667
0.0348724
0.0347785
0.034685
0.034592
0.0344993
0.034407
0.0343152
0.0342238
0.0341327
0.034042
0.0339517
0.0338618
0.0337723
0.0336832
0.0335945
0.0335061
0.0334182
0.0333306
0.0332433
0.0331565
0.03307
0.0329839
0.0328981
0.0328128
0.0327277
0.0326431
0.0325588
0.0324748
0.0323912
0.032308
0.0322251
0.0321425
0.0320603
0.0319785
0.031897
0.0318158
0.031735
0.0316545
0.0315743
0.0314945
0.031415
0.0313358
0.031257
0.0311785
0.0311003
0.0310224
0.0309449
0.0308677
0.0307908
0.0307142
0.0306379
0.030562
0.0304863
0.030411
0.0303359
0.0302612
0.0301868
0.0301127
0.0300389
0.0299654
0.0298922
0.0298192
0.0297466
0.0296743
0.0296022
0.0295305
0.0294591
0.0293879
0.029317
0.0292464
0.0291761
0.029106
0.0290363
0.0289668
0.0288976
0.0288287
0.02876
0.0286916
0.0286235
0.0285557
0.0284881
0.0284208
0.0283538
0.028287
0.0282206
0.0281543
0.0280883
0.0280226
0.0279571
0.0278919
0.0278269
0.0277622
0.0276977
0.0276336
0.0275696
0.0275059
0.0274424
0.0273792
0.0273162
0.0272535
0.027191
0.0271288
0.0270668
0.027005
0.0269435
0.0268822
0.0268211
0.0267603
0.0266996
0.0266393
0.0265791
0.0265192
0.0264595
0.0264
0.0263408
0.0262818
0.026223
0.0261644
0.0261061
0.0260479
0.02599
0.0259323
0.0258748
0.0258175
0.0257604
0.0257036
0.0256469
0.0255904
0.0255342
0.0254782
0.0254224
0.0253667
0.0253113
0.0252561
0.0252011
0.0251463
0.0250916
0.0250372
0.024983
0.0249289
0.0248751
0.0248215
0.024768
0.0247147
0.0246617
0.0246088
0.0245561
0.0245036
0.0244513
0.0243991
0.0243472
0.0242954
0.0242438
0.0241924
0.0241411
0.0240901
0.0240392
0.0239885
0.023938
0.0238876
0.0238374
0.0237874
0.0237376
0.0236879
0.0236385
0.0235891
0.02354
0.023491
0.0234421
0.0233935
0.023345
0.0232967
0.0232485
0.0232005
0.0231526
0.0231049
0.0230574
0.02301
0.0229628
0.0229157
0.0228688
0.0228221
0.0227755
0.0227291
0.0226828
0.0226366
0.0225906
0.0225448
0.0224991
0.0224535
0.0224081
0.0223629
0.0223178
0.0222728
0.022228
0.0221833
0.0221387
0.0220944
0.0220501
0.022006
0.021962
0.0219181
0.0218745
0.0218309
0.0217874
0.0217441
0.021701
0.021658
0.0216151
0.0215723
0.0215297
0.0214871
0.0214448
0.0214025
0.0213604
0.0213184
0.0212765
0.0212348
0.0211932
0.0211517
0.0211104
0.0210691
0.021028
0.020987
0.0209461
0.0209054
0.0208648
0.0208242
0.0207838
0.0207436
0.0207034
0.0206634
0.0206235
0.0205836
0.020544
0.0205044
0.0204649
0.0204255
0.0203863
0.0203472
0.0203082
0.0202692
0.0202305
0.0201918
0.0201532
0.0201147
0.0200764
0.0200381
0.02
0.0199619
0.019924
0.0198862
0.0198484
0.0198108
0.0197733
0.0197359
0.0196986
0.0196614
0.0196243
0.0195872
0.0195504
0.0195136
0.0194768
0.0194402
0.0194037
0.0193673
0.019331
0.0192948
0.0192587
0.0192226
0.0191867
0.0191509
0.0191151
0.0190795
0.0190439
0.0190085
0.0189731
0.0189378
0.0189026
0.0188676
0.0188326
0.0187976
0.0187628
0.0187281
0.0186934
0.0186589
0.0186244
0.01859
0.0185558
0.0185216
0.0184874
0.0184534
0.0184195
0.0183856
0.0183518
0.0183181
0.0182845
0.018251
0.0182175
0.0181842
0.0181509
0.0181177
0.0180846
0.0180516
0.0180186
0.0179858
0.017953
0.0179202
0.0178876
0.0178551
0.0178226
0.0177902
0.0177579
0.0177257
0.0176935
0.0176614
0.0176294
0.0175975
0.0175656
0.0175339
0.0175022
0.0174705
0.017439
0.0174075
0.0173761
0.0173448
0.0173135
0.0172823
0.0172512
0.0172202
0.0171892
0.0171583
0.0171275
0.0170967
0.0170661
0.0170355
0.0170049
0.0169745
0.0169441
0.0169137
0.0168835
0.0168533
0.0168232
0.0167931
0.0167631
0.0167332
0.0167034
0.0166736
0.0166438
0.0166142
0.0165846
0.0165551
0.0165257
0.0164963
0.016467
0.0164377
0.0164085
0.0163794
0.0163503
0.0163213
0.0162924
0.0162635
0.0162347
0.016206
0.0161773
0.0161487
0.0161202
0.0160917
0.0160632
0.0160349
0.0160066
0.0159783
0.0159501
0.015922
0.0158939
0.015866
0.015838
0.0158101
0.0157823
0.0157546
0.0157268
0.0156992
0.0156716
0.0156441
0.0156166
0.0155892
0.0155619
0.0155346
0.0155073
0.0154802
0.0154531
0.015426
0.015399
0.0153721
0.0153452
0.0153183
0.0152916
0.0152648
0.0152382
0.0152115
0.015185
0.0151585
0.015132
0.0151057
0.0150793
0.015053
0.0150268
0.0150006
0.0149745
0.0149485
0.0149224
0.0148965
0.0148706
0.0148447
0.0148189
0.0147932
0.0147675
0.0147418
0.0147162
0.0146907
0.0146652
0.0146398
0.0146144
0.0145891
0.0145638
0.0145386
0.0145134
0.0144883
0.0144632
0.0144381
0.0144132
0.0143883
0.0143634
0.0143385
0.0143138
0.014289
0.0142644
0.0142397
0.0142151
0.0141906
0.0141661
0.0141417
0.0141173
0.014093
0.0140687
0.0140444
0.0140202
0.0139961
0.013972
0.0139479
0.0139239
0.0139
0.013876
0.0138522
0.0138284
0.0138046
0.0137809
0.0137572
0.0137335
0.0137099
0.0136864
0.0136629
0.0136395
0.0136161
0.0135927
0.0135694
0.0135461
0.0135229
0.0134997
0.0134766
0.0134535
0.0134305
0.0134074
0.0133845
0.0133616
0.0133387
0.0133159
0.0132931
0.0132703
0.0132476
0.013225
0.0132023
0.0131798
0.0131573
0.0131348
0.0131123
0.01309
0.0130676
0.0130453
0.013023
0.0130008
0.0129786
0.0129564
0.0129343
0.0129123
0.0128902
0.0128683
0.0128463
0.0128244
0.0128026
0.0127807
0.012759
0.0127372
0.0127155
0.0126939
0.0126723
0.0126507
0.0126292
0.0126077
0.0125862
0.0125648
0.0125434
0.0125221
0.0125008
0.0124795
0.0124583
0.0124371
0.012416
0.0123949
0.0123738
0.0123528
0.0123318
0.0123109
Residual: 
0.0107689
0.0104602
0.0101716
0.00990243
0.00965189
0.0094193
0.00920396
0.00900524
0.00882252
0.00865522
0.00850276
0.00836462
0.00824027
0.00812925
0.00803107
0.0079453
0.00787153
0.00780935
0.00775839
0.0077183
0.00768874
0.0076694
0.00765997
0.00766019
0.00766977
0.00768847
0.00771607
0.00775233
0.00779705
0.00785002
0.00791107
0.00798001
0.00805668
0.00814091
0.00823255
0.00833145
0.00843746
0.00855045
0.00867029
0.00879684
0.00892997
0.00906957
0.00921551
0.00936767
0.00952593
0.00969019
0.00986031
0.0100362
0.0102177
0.0104048
0.0105973
0.0107951
0.0109982
0.0112063
0.0114194
0.0116375
0.0118603
0.0120878
0.0123199
0.0125565
0.0127974
0.0130426
0.013292
0.0135455
0.013803
0.0140643
0.0143294
0.0145982
0.0148706
0.0151465
0.0154258
0.0157083
0.0159941
0.0162831
0.016575
0.0168699
0.0171676
0.0174681
0.0177712
0.0180769
0.0183852
0.0186958
0.0190087
0.0193239
0.0196412
0.0199606
0.0202819
0.0206052
0.0209302
0.021257
0.0215855
0.0219155
0.022247
0.02258
0.0229142
0.0232498
0.0235865
0.0239243
0.0242632
0.024603
0.0249437
0.0252853
0.0256275
0.0259705
0.026314
0.0266581
0.0270026
0.0273476
0.0276928
0.0280384
0.0283841
0.0287299
0.0290758
0.0294217
0.0297676
0.0301133
0.0304588
0.0308041
0.031149
0.0314936
0.0318378
0.0321815
0.0325246
0.0328671
0.033209
0.0335501
0.0338905
0.03423
0.0345687
0.0349065
0.0352432
0.0355789
0.0359135
0.036247
0.0365793
0.0369104
0.0372402
0.0375686
0.0378957
0.0382213
0.0385455
0.0388681
0.0391892
0.0395087
0.0398265
0.0401427
0.0404571
0.0407697
0.0410805
0.0413895
0.0416965
0.0420016
0.0423047
0.0426058
0.0429049
0.0432019
0.0434967
0.0437894
0.0440799
0.0443681
0.0446541
0.0449378
0.0452191
0.0454981
0.0457747
0.0460488
0.0463205
0.0465897
0.0468564
0.0471205
0.047382
0.047641
0.0478972
0.0481509
0.0484018
0.04865
0.0488955
0.0491382
0.0493781
0.0496152
0.0498494
0.0500808
0.0503093
0.0505348
0.0507575
0.0509772
0.0511939
0.0514075
0.0516182
0.0518258
0.0520304
0.0522319
0.0524303
0.0526256
0.0528177
0.0530067
0.0531925
0.0533751
0.0535546
0.0537308
0.0539039
0.0540736
0.0542402
0.0544034
0.0545633
0.0547199
0.0548733
0.0550233
0.0551701
0.0553134
0.0554534
0.0555901
0.0557233
0.0558532
0.0559797
0.0561028
0.0562225
0.0563388
0.0564518
0.0565612
0.0566672
0.0567698
0.0568689
0.0569647
0.057057
0.0571458
0.0572312
0.0573131
0.0573916
0.0574666
0.0575382
0.0576063
0.057671
0.0577321
0.0577899
0.0578442
0.057895
0.0579424
0.0579864
0.0580269
0.058064
0.0580977
0.0581278
0.0581546
0.0581781
0.0581981
0.0582147
0.0582279
0.0582377
0.0582442
0.0582473
0.058247
0.0582434
0.0582366
0.0582263
0.0582127
0.0581959
0.0581757
0.0581524
0.0581258
0.0580958
0.0580627
0.0580264
0.0579869
0.0579442
0.0578984
0.0578494
0.0577972
0.0577421
0.0576838
0.0576225
0.057558
0.0574906
0.0574203
0.0573469
0.0572705
0.0571913
0.057109
0.0570239
0.056936
0.0568452
0.0567517
0.0566553
0.0565561
0.0564543
0.0563496
0.0562425
0.0561326
0.0560199
0.0559049
0.0557872
0.055667
0.0555443
0.0554191
0.0552915
0.0551615
0.0550291
0.0548943
0.0547573
0.054618
0.0544764
0.0543327
0.0541867
0.0540386
0.0538884
0.0537361
0.0535818
0.0534255
0.0532672
0.0531071
0.0529451
0.0527812
0.0526154
0.052448
0.0522788
0.0521079
0.0519353
0.0517612
0.0515855
0.0514082
0.0512294
0.0510493
0.0508676
0.0506847
0.0505003
0.0503148
0.0501279
0.0499399
0.0497507
0.0495604
0.0493691
0.0491766
0.0489832
0.0487889
0.0485936
0.0483975
0.0482006
0.0480029
0.0478045
0.0476054
0.0474056
0.0472053
0.0470044
0.046803
0.0466011
0.0463989
0.0461962
0.0459931
0.0457899
0.0455863
0.0453825
0.0451786
0.0449745
0.0447705
0.0445663
0.0443621
0.044158
0.043954
0.0437503
0.0435465
0.043343
0.0431398
0.0429369
0.0427344
0.0425322
0.0423304
0.0421291
0.0419283
0.0417281
0.0415284
0.0413294
0.041131
0.0409333
0.0407363
0.0405402
0.0403447
0.0401502
0.0399565
0.0397638
0.0395719
0.039381
0.0391912
0.0390024
0.0388146
0.0386281
0.0384425
0.0382583
0.0380751
0.0378932
0.0377125
0.0375331
0.037355
0.0371783
0.0370028
0.0368288
0.0366562
0.0364849
0.0363152
0.0361469
0.03598
0.0358146
0.0356508
0.0354885
0.0353278
0.0351685
0.0350109
0.0348549
0.0347005
0.0345477
0.0343965
0.0342469
0.0340989
0.0339527
0.0338081
0.0336652
0.0335238
0.0333842
0.0332463
0.03311
0.0329754
0.0328424
0.0327112
0.0325816
0.0324536
0.0323274
0.0322027
0.0320797
0.0319584
0.0318387
0.0317206
0.0316042
0.0314892
0.031376
0.0312643
0.0311542
0.0310456
0.0309386
0.0308331
0.0307291
0.0306265
0.0305255
0.030426
0.0303278
0.0302311
0.0301358
0.0300418
0.0299493
0.029858
0.029768
0.0296794
0.029592
0.0295058
0.0294209
0.0293372
0.0292546
0.0291732
0.0290928
0.0290136
0.0289355
0.0288582
0.0287823
0.0287072
0.0286329
0.0285598
0.0284874
0.028416
0.0283454
0.0282755
0.0282066
0.0281384
0.0280709
0.0280042
0.0279382
0.0278728
0.0278079
0.0277438
0.0276802
0.0276173
0.0275548
0.0274926
0.0274312
0.0273701
0.0273095
0.0272491
0.0271893
0.0271298
0.0270706
0.0270117
0.026953
0.0268947
0.0268365
0.0267786
0.0267208
0.0266633
0.0266057
0.0265485
0.0264913
0.0264341
0.0263771
0.02632
0.0262631
0.0262061
0.0261491
0.026092
0.0260349
0.0259778
0.0259205
0.0258632
0.0258058
0.0257483
0.0256905
0.0256328
0.0255747
0.0255165
0.0254581
0.0253995
0.0253407
0.0252817
0.0252225
0.0251629
0.0251031
0.0250431
0.0249827
0.0249222
0.0248613
0.0248002
0.0247386
0.0246768
0.0246147
0.0245521
0.0244895
0.0244262
0.0243629
0.024299
0.0242348
0.0241703
0.0241054
0.0240403
0.0239747
0.0239088
0.0238425
0.0237759
0.0237087
0.0236414
0.0235736
0.0235055
0.0234369
0.0233681
0.0232988
0.0232293
0.0231593
0.023089
0.0230184
0.0229474
0.0228759
0.0228042
0.0227321
0.0226598
0.022587
0.022514
0.0224404
0.0223668
0.0222927
0.0222183
0.0221436
0.0220686
0.0219934
0.0219177
0.0218419
0.0217657
0.0216893
0.0216127
0.0215356
0.0214584
0.0213809
0.0213033
0.0212253
0.0211471
0.0210686
0.0209901
0.0209112
0.0208322
0.020753
0.0206736
0.020594
0.0205143
0.0204343
0.0203542
0.0202742
0.0201938
0.0201133
0.0200328
0.019952
0.0198713
0.0197904
0.0197094
0.0196284
0.0195473
0.0194661
0.0193849
0.0193037
0.0192224
0.019141
0.0190598
0.0189784
0.018897
0.0188157
0.0187345
0.0186532
0.018572
0.0184907
0.0184096
0.0183285
0.0182475
0.0181665
0.0180857
0.0180049
0.0179243
0.0178438
0.0177634
0.017683
0.0176029
0.0175228
0.0174429
0.0173633
0.0172837
0.0172043
0.017125
0.0170461
0.0169672
0.0168886
0.0168102
0.016732
0.0166539
0.0165761
0.0164988
0.0164213
0.0163444
0.0162675
0.016191
0.0161147
0.0160387
0.015963
0.0158876
0.0158124
0.0157376
0.015663
0.0155888
0.0155148
0.0154411
0.0153678
0.0152947
0.0152221
0.0151497
0.0150777
0.015006
0.0149347
0.0148637
0.0147931
0.0147227
0.0146528
0.0145832
0.014514
0.0144451
0.0143766
0.0143085
0.0142407
0.0141733
0.0141064
0.0140397
0.0139735
0.0139075
0.0138421
0.013777
0.0137122
0.013648
0.013584
0.0135205
0.0134574
0.0133946
0.0133323
0.0132702
0.0132087
0.0131475
0.0130867
0.0130263
0.0129663
0.0129066
0.0128474
0.0127886
0.0127302
0.0126721
0.0126144
0.0125572
0.0125003
0.0124437
0.0123876
0.0123319
0.0122765
0.0122216
Residual: 
0.0440977
0.0428582
0.0419894
0.0413522
0.0408681
0.0404884
0.0401808
0.0399227
0.0396976
0.0394934
0.039301
0.0391135
0.0389257
0.0387334
0.0385339
0.0383247
0.0381044
0.0378718
0.0376261
0.037367
0.0370942
0.0368079
0.036508
0.0361951
0.0358696
0.035532
0.035183
0.0348232
0.0344536
0.0340747
0.0336875
0.0332929
0.0328918
0.032485
0.0320735
0.0316582
0.0312402
0.0308204
0.0303999
0.0299795
0.0295602
0.0291432
0.0287293
0.0283196
0.027915
0.0275165
0.027125
0.0267416
0.026367
0.0260022
0.025648
0.0253051
0.0249742
0.0246561
0.0243513
0.0240603
0.0237838
0.0235217
0.0232746
0.0230425
0.0228255
0.0226236
0.0224365
0.0222641
0.0221059
0.0219615
0.0218304
0.0217118
0.0216051
0.0215095
0.021424
0.0213478
0.0212799
0.0212193
0.0211651
0.0211161
0.0210714
0.0210297
0.0209903
0.0209522
0.0209142
0.0208755
0.0208352
0.0207924
0.0207464
0.0206965
0.0206418
0.0205818
0.0205158
0.0204433
0.0203639
0.0202771
0.0201826
0.0200801
0.0199693
0.0198498
0.0197219
0.0195852
0.0194397
0.0192854
0.0191224
0.0189506
0.0187703
0.0185816
0.0183847
0.0181799
0.0179673
0.0177472
0.0175201
0.0172862
0.0170459
0.0167997
0.0165477
0.0162906
0.0160288
0.0157626
0.0154925
0.0152193
0.0149429
0.0146642
0.0143836
0.0141015
0.0138185
0.013535
0.0132514
0.0129684
0.0126864
0.0124056
0.0121268
0.0118503
0.0115765
0.0113059
0.0110387
0.0107755
0.0105165
0.0102623
0.0100128
0.00976867
0.00952991
0.00929691
0.00906978
0.00884887
0.00863417
0.00842588
0.00822407
0.00802888
0.00784013
0.0076581
0.00748252
0.00731348
0.00715085
0.0069945
0.00684429
0.0067
0.00656141
0.00642848
0.00630081
0.00617822
0.00606039
0.00594703
0.005838
0.00573296
0.00563152
0.00553348
0.00543853
0.0053464
0.0052569
0.00516966
0.00508451
0.00500114
0.00491948
0.00483917
0.00476014
0.00468223
0.00460523
0.00452897
0.00445346
0.00437851
0.00430405
0.00423012
0.00415644
0.00408323
0.00401029
0.00393768
0.0038654
0.00379336
0.00372183
0.00365055
0.00357974
0.00350937
0.00343956
0.00337028
0.00330174
0.00323391
0.0031668
0.00310062
0.00303536
0.00297119
0.00290809
0.00284622
0.0027856
0.00272638
0.0026686
0.00261233
0.00255766
0.0025047
0.00245344
0.00240403
0.00235646
0.00231083
0.00226718
0.00222553
0.00218593
0.00214842
0.002113
0.00207968
0.00204848
0.00201943
0.00199247
0.00196755
0.00194469
0.00192383
0.00190491
0.00188793
0.0018728
0.0018594
0.00184772
0.00183765
0.00182918
0.00182206
0.00181637
0.00181189
0.00180861
0.00180643
0.0018052
0.00180485
0.00180526
0.00180644
0.00180818
0.00181047
0.00181319
0.00181621
0.00181952
0.00182298
0.00182657
0.00183022
0.00183375
0.00183724
0.00184049
0.00184356
0.00184632
0.00184882
0.00185071
0.0018523
0.00185331
0.00185377
0.00185371
0.00185301
0.00185161
0.00184951
0.00184674
0.00184329
0.00183894
0.00183381
0.0018279
0.00182113
0.00181355
0.00180505
0.00179573
0.00178556
0.00177442
0.0017625
0.00174966
0.00173594
0.00172142
0.00170608
0.00168985
0.00167275
0.00165503
0.00163637
0.00161702
0.00159701
0.0015761
0.00155461
0.00153258
0.00150991
0.0014867
0.00146292
0.00143859
0.00141381
0.00138869
0.00136318
0.00133734
0.00131124
0.00128503
0.0012585
0.001232
0.00120541
0.00117876
0.00115217
0.00112578
0.00109956
0.00107352
0.00104783
0.00102242
0.000997565
0.000973029
0.000949172
0.000925828
0.000903214
0.000881254
0.00086009
0.000839762
0.000820284
0.000801728
0.000784111
0.000767452
0.000751863
0.000737391
0.000723959
0.000711477
0.000700158
0.000689848
0.000680659
0.00067241
0.000665225
0.00065896
0.000653519
0.000649028
0.000645261
0.000642301
0.000639908
0.000638191
0.000636872
0.000636124
0.000635626
0.000635612
0.000635747
0.000636094
0.000636552
0.000637112
0.000637691
0.000638302
0.000638789
0.000639177
0.000639455
0.000639443
0.000639346
0.000639025
0.000638452
0.000637564
0.00063639
0.000634956
0.000633271
0.0006312
0.000628899
0.000626203
0.0006232
0.000619834
0.00061622
0.000612321
0.000608091
0.00060351
0.000598734
0.000593654
0.000588278
0.000582669
0.000576787
0.000570746
0.00056437
0.000557833
0.000551151
0.0005443
0.000537208
0.000530082
0.000522684
0.00051522
0.000507687
0.000499996
0.00049231
0.000484461
0.000476675
0.000468794
0.000460842
0.000452875
0.000445026
0.000437085
0.000429226
0.000421402
0.000413593
0.000405832
0.000398126
0.000390561
0.000383024
0.000375532
0.000368247
0.000360919
0.000353688
0.00034667
0.000339771
0.000332947
0.000326193
0.000319662
0.000313242
0.000306922
0.000300742
0.000294748
0.000288801
0.000282981
0.000277299
0.000271864
0.000266466
0.000261264
0.00025615
0.00025116
0.000246386
0.000241663
0.000237087
0.000232695
0.000228399
0.000224252
0.000220185
0.000216348
0.00021263
0.000208962
0.00020544
0.000202041
0.000198796
0.0001956
0.000192562
0.000189734
0.000186932
0.000184267
0.000181738
0.000179214
0.000176938
0.00017465
0.000172535
0.000170534
0.000168524
0.000166726
0.000164944
0.000163279
0.000161722
0.000160155
0.000158809
0.000157382
0.000156086
0.000154887
0.0001537
0.000152548
0.000151481
0.000150489
0.000149431
0.000148489
0.000147542
0.000146653
0.000145798
0.000144914
0.000144076
0.000143261
0.000142415
0.000141656
0.000140839
0.00013999
0.000139191
0.000138348
0.000137537
0.000136755
0.000135886
0.000135031
0.000134287
0.000133364
0.000132533
0.000131548
0.000130664
0.000129709
0.000128833
0.000127881
0.000126896
0.000125951
0.00012497
0.00012396
0.000122931
0.000121885
0.000120881
0.00011987
0.000118805
0.000117745
0.000116716
0.000115663
0.000114571
0.000113537
0.000112441
0.000111414
0.000110268
0.000109231
0.000108149
0.000107091
0.00010604
0.000104978
0.000103891
0.000102832
0.000101761
0.000100728
9.9706e-05
9.86369e-05
9.75853e-05
9.6619e-05
9.552e-05
9.44867e-05
9.35123e-05
9.24317e-05
9.14158e-05
9.03273e-05
8.93468e-05
8.83219e-05
8.73909e-05
8.63267e-05
8.52338e-05
8.42558e-05
8.32145e-05
8.21708e-05
8.12179e-05
8.01531e-05
7.91164e-05
7.80056e-05
7.69542e-05
7.59933e-05
7.4935e-05
7.37676e-05
7.27116e-05
7.16576e-05
7.06065e-05
6.95617e-05
6.84476e-05
6.73885e-05
6.63137e-05
6.51781e-05
6.40374e-05
6.29181e-05
6.185e-05
6.077e-05
5.96291e-05
5.8497e-05
5.74394e-05
5.64474e-05
5.52779e-05
5.43006e-05
5.31501e-05
5.2127e-05
5.10217e-05
5.00646e-05
4.90657e-05
4.80965e-05
4.70886e-05
4.60586e-05
4.51144e-05
4.42068e-05
4.33039e-05
4.24527e-05
4.1576e-05
4.07475e-05
3.99753e-05
3.91778e-05
3.84792e-05
3.77132e-05
3.7071e-05
3.64202e-05
3.57717e-05
3.5168e-05
3.46636e-05
3.41132e-05
3.3637e-05
3.31355e-05
3.27124e-05
3.23217e-05
3.1957e-05
3.15553e-05
3.125e-05
3.09489e-05
3.06267e-05
3.03361e-05
3.014e-05
2.9858e-05
2.97285e-05
2.94506e-05
2.93324e-05
2.91047e-05
2.89646e-05
2.88006e-05
2.86327e-05
2.84714e-05
2.83559e-05
2.81627e-05
2.80537e-05
2.78438e-05
2.77119e-05
2.75834e-05
2.73613e-05
2.72377e-05
2.70161e-05
2.68494e-05
2.67333e-05
2.65291e-05
2.63051e-05
2.60599e-05
2.5827e-05
2.56062e-05
2.5406e-05
2.51404e-05
2.49406e-05
2.46665e-05
2.44062e-05
2.4082e-05
2.38334e-05
2.36221e-05
2.32889e-05
2.29518e-05
2.26397e-05
2.23707e-05
2.20309e-05
2.17289e-05
2.14243e-05
2.11123e-05
2.08279e-05
2.04659e-05
2.01855e-05
1.99552e-05
1.95688e-05
1.92511e-05
1.89002e-05
1.85948e-05
1.82806e-05
1.79672e-05
1.76586e-05
1.73905e-05
1.70518e-05
1.67923e-05
1.64986e-05
1.61854e-05
1.59446e-05
1.56634e-05
1.5436e-05
1.52094e-05
1.49137e-05
1.46768e-05
1.44509e-05
1.42202e-05
1.39877e-05
1.37891e-05
1.3589e-05
1.34039e-05
1.32412e-05
1.30461e-05
1.29085e-05
1.27306e-05
1.25672e-05
1.24642e-05
1.23359e-05
1.21778e-05
1.20557e-05
1.19586e-05
1.18796e-05
1.17798e-05
1.16768e-05
1.15608e-05
1.14821e-05
1.14168e-05
1.13484e-05
1.128e-05
1.11848e-05
1.11088e-05
1.10524e-05
1.10485e-05
1.09528e-05
1.09191e-05
1.08355e-05
1.07886e-05
1.07544e-05
1.07181e-05
1.06544e-05
1.06096e-05
1.05563e-05
1.05277e-05
1.04537e-05
1.04477e-05
1.03815e-05
1.03296e-05
1.02692e-05
1.02061e-05
1.01564e-05
1.01371e-05
1.00992e-05
1.00022e-05
9.93186e-06
9.90695e-06
9.77535e-06
9.73709e-06
9.6722e-06
Residual: 
0.21895
0.178521
0.166286
0.157565
0.150066
0.143405
0.137414
0.131983
0.12703
0.122488
0.118305
0.114435
0.110842
0.107495
0.104368
0.101437
0.0986824
0.0960876
0.0936372
0.0913183
0.0891193
0.0870301
0.0850414
0.0831455
0.081335
0.0796036
0.0779454
0.0763554
0.0748289
0.0733617
0.0719499
0.07059
0.0692789
0.0680137
0.0667918
0.0656106
0.0644681
0.0633621
0.0622907
0.0612522
0.0602449
0.0592674
0.0583182
0.057396
0.0564996
0.0556278
0.0547797
0.0539541
0.0531501
0.0523669
0.0516035
0.0508593
0.0501334
0.0494252
0.048734
0.0480591
0.0474
0.0467561
0.0461269
0.0455118
0.0449103
0.0443221
0.0437466
0.0431834
0.0426321
0.0420923
0.0415637
0.0410459
0.0405386
0.0400414
0.039554
0.0390762
0.0386076
0.0381481
0.0376972
0.0372547
0.0368206
0.0363943
0.0359759
0.035565
0.0351615
0.0347651
0.0343756
0.0339929
0.0336168
0.0332472
0.0328837
0.0325264
0.032175
0.0318294
0.0314894
0.0311549
0.0308258
0.030502
0.0301833
0.0298695
0.0295606
0.0292565
0.0289571
0.0286622
0.0283717
0.0280855
0.0278037
0.027526
0.0272523
0.0269826
0.0267168
0.0264548
0.0261965
0.0259419
0.0256908
0.0254433
0.0251991
0.0249583
0.0247208
0.0244865
0.0242555
0.0240274
0.0238024
0.0235804
0.0233613
0.0231451
0.0229317
0.0227211
0.0225132
0.0223079
0.0221053
0.0219052
0.0217076
0.0215126
0.0213199
0.0211297
0.0209418
0.0207562
0.020573
0.0203919
0.0202131
0.0200364
0.0198619
0.0196894
0.0195191
0.0193508
0.0191845
0.0190201
0.0188578
0.0186973
0.0185387
0.018382
0.0182271
0.0180741
0.0179228
0.0177733
0.0176255
0.0174794
0.017335
0.0171922
0.0170512
0.0169116
0.0167737
0.0166374
0.0165026
0.0163694
0.0162376
0.0161073
0.0159785
0.0158512
0.0157252
0.0156007
0.0154775
0.0153558
0.0152353
0.0151162
0.0149984
0.0148818
0.0147665
0.0146525
0.0145398
0.0144282
0.0143178
0.0142087
0.0141006
0.0139938
0.0138881
0.0137835
0.0136799
0.0135775
0.0134762
0.0133759
0.0132766
0.0131784
0.0130811
0.0129849
0.0128897
0.0127954
0.0127021
0.0126098
0.0125183
0.0124278
0.0123382
0.0122495
0.0121616
0.0120747
0.0119886
0.0119033
0.0118189
0.0117354
0.0116526
0.0115707
0.0114895
0.0114092
0.0113296
0.0112508
0.0111728
0.0110956
0.011019
0.0109433
0.0108683
0.010794
0.0107204
0.0106475
0.0105753
0.0105039
0.0104331
0.0103631
0.0102937
0.010225
0.010157
0.0100896
0.0100229
0.00995689
0.00989146
0.00982674
0.00976262
0.00969916
0.00963634
0.0095741
0.0095125
0.00945155
0.00939117
0.0093314
0.00927224
0.0092137
0.00915575
0.00909841
0.00904157
0.00898539
0.00892979
0.00887473
0.00882023
0.00876629
0.00871295
0.00866013
0.00860785
0.00855616
0.00850501
0.00845433
0.00840427
0.00835466
0.0083056
0.00825706
0.00820906
0.00816153
0.00811449
0.00806795
0.00802196
0.00797641
0.00793133
0.00788678
0.0078427
0.00779905
0.00775586
0.00771314
0.00767088
0.00762909
0.00758771
0.00754676
0.0075063
0.00746617
0.00742656
0.00738735
0.00734852
0.0073101
0.0072721
0.00723452
0.0071973
0.00716045
0.00712401
0.00708793
0.00705227
0.00701693
0.00698198
0.00694735
0.00691312
0.00687924
0.00684569
0.00681246
0.00677962
0.00674704
0.00671481
0.00668291
0.00665133
0.00662004
0.00658906
0.00655837
0.00652804
0.00649795
0.00646816
0.00643868
0.00640949
0.00638057
0.00635191
0.00632352
0.00629542
0.00626757
0.00623992
0.00621261
0.00618558
0.00615869
0.00613216
0.00610577
0.00607966
0.00605384
0.00602817
0.00600278
0.00597763
0.0059526
0.00592792
0.00590337
0.00587907
0.00585498
0.00583112
0.00580745
0.00578399
0.00576074
0.00573764
0.0057148
0.00569215
0.00566964
0.00564736
0.0056252
0.00560331
0.00558158
0.00556002
0.00553863
0.0055174
0.00549634
0.00547551
0.00545483
0.00543428
0.00541392
0.00539378
0.00537366
0.0053538
0.0053341
0.00531452
0.00529516
0.00527587
0.00525675
0.00523778
0.00521902
0.00520034
0.00518183
0.00516348
0.00514523
0.00512713
0.00510918
0.00509136
0.00507366
0.00505613
0.00503867
0.00502141
0.00500428
0.00498722
0.00497031
0.00495349
0.00493685
0.0049203
0.00490389
0.00488762
0.00487147
0.00485535
0.00483939
0.00482353
0.00480782
0.00479222
0.00477673
0.00476134
0.00474603
0.00473087
0.00471578
0.00470084
0.00468595
0.00467126
0.00465655
0.00464194
0.00462746
0.00461317
0.00459884
0.00458471
0.0045706
0.00455662
0.00454271
0.00452892
0.00451517
0.00450157
0.004488
0.00447451
0.00446117
0.00444788
0.00443473
0.00442155
0.00440854
0.00439555
0.00438272
0.00436991
0.00435716
0.00434453
0.00433198
0.00431948
0.0043071
0.00429469
0.00428248
0.00427022
0.00425815
0.00424609
0.00423409
0.00422216
0.00421031
0.00419851
0.00418677
0.00417518
0.0041636
0.00415204
0.00414057
0.0041292
0.00411788
0.00410657
0.00409539
0.00408421
0.00407315
0.00406209
0.00405113
0.00404018
0.00402931
0.00401852
0.00400777
0.00399707
0.0039864
0.00397585
0.00396526
0.0039548
0.0039444
0.00393403
0.00392368
0.00391342
0.00390312
0.00389299
0.00388289
0.00387273
0.0038627
0.0038527
0.00384279
0.00383291
0.00382301
0.00381321
0.00380348
0.00379378
0.00378414
0.00377443
0.00376482
0.00375528
0.00374583
0.00373636
0.00372689
0.00371751
0.00370815
0.00369888
0.00368966
0.00368041
0.00367125
0.00366211
0.00365302
0.00364397
0.00363488
0.00362591
0.00361699
0.00360807
0.00359914
0.00359031
0.00358153
0.00357273
0.00356402
0.00355532
0.00354665
0.00353801
0.00352941
0.00352085
0.0035123
0.00350381
0.00349531
0.00348693
0.00347849
0.00347012
0.00346179
0.0034535
0.00344523
0.00343701
0.00342873
0.0034206
0.00341247
0.00340429
0.00339621
0.00338819
0.00338011
0.00337215
0.00336418
0.00335621
0.00334833
0.00334042
0.00333257
0.0033247
0.00331694
0.00330914
0.00330141
0.00329368
0.00328598
0.00327834
0.00327067
0.00326307
0.00325551
0.00324798
0.00324042
0.00323292
0.00322543
0.00321798
0.00321058
0.00320318
0.0031958
0.00318843
0.00318113
0.0031738
0.0031665
0.00315928
0.00315208
0.00314487
0.00313776
0.00313054
0.00312342
0.00311629
0.00310923
0.00310212
0.0030951
0.00308811
0.00308108
0.00307414
0.0030672
0.0030603
0.00305333
0.00304649
0.00303965
0.00303281
0.003026
0.00301928
0.00301247
0.00300568
0.00299901
0.00299229
0.00298559
0.00297889
0.00297232
0.00296563
0.0029591
0.00295251
0.00294596
0.00293945
0.00293294
0.00292642
0.00292
0.00291355
0.00290709
0.00290066
0.00289432
0.0028879
0.00288154
0.00287525
0.00286891
0.00286261
0.00285634
0.00285007
0.00284383
0.00283762
0.00283139
0.00282526
0.00281907
0.00281298
0.00280687
0.00280071
0.00279464
0.00278861
0.00278257
0.0027765
0.0027705
0.00276448
0.0027585
0.00275257
0.00274659
0.00274068
0.00273474
0.00272891
0.00272303
0.00271714
0.00271132
0.00270548
0.00269966
0.0026939
0.00268815
0.00268241
0.00267667
0.00267095
0.00266532
0.00265951
0.0026539
0.00264826
0.00264262
0.00263696
0.00263137
0.00262581
0.00262024
0.00261472
0.00260913
0.00260359
0.00259807
0.00259257
0.00258715
0.00258166
0.00257622
0.00257082
0.00256532
0.00255996
0.00255455
0.00254924
0.00254387
0.00253854
0.00253323
0.00252786
0.0025226
0.00251729
0.00251204
0.00250678
0.00250155
0.00249636
0.00249114
0.00248598
0.00248074
0.00247559
0.00247046
0.00246534
0.00246025
0.0024551
0.00245004
0.00244495
0.00243988
0.0024348
0.0024298
0.00242481
0.00241972
0.00241473
0.00240979
0.00240482
0.00239983
0.00239489
0.00238994
0.00238502
0.00238016
0.00237531
0.00237035
0.0023655
0.00236068
0.00235583
0.00235095
0.00234621
0.00234134
0.00233664
0.0023318
0.00232708
0.00232225
0.0023176
0.00231287
0.00230816
0.00230348
0.00229876
0.00229414
0.00228947
0.0022848
0.00228011
0.00227551
0.00227092
0.00226633
0.00226173
0.00225716
Residual: 
0.25326
0.249326
0.246946
0.245107
0.243474
0.241932
0.240437
0.238974
0.237534
0.236116
0.234716
0.233333
0.231967
0.230616
0.22928
0.227958
0.226649
0.225353
0.224069
0.222798
0.221538
0.220289
0.219051
0.217825
0.216608
0.215402
0.214206
0.213019
0.211842
0.210675
0.209516
0.208367
0.207227
0.206095
0.204971
0.203856
0.202749
0.201651
0.20056
0.199477
0.198402
0.197335
0.196275
0.195222
0.194177
0.193139
0.192108
0.191084
0.190067
0.189057
0.188054
0.187057
0.186068
0.185084
0.184107
0.183137
0.182172
0.181214
0.180263
0.179317
0.178377
0.177444
0.176516
0.175595
0.174679
0.173769
0.172865
0.171967
0.171074
0.170187
0.169305
0.168429
0.167559
0.166694
0.165834
0.16498
0.164131
0.163288
0.16245
0.161617
0.160789
0.159967
0.15915
0.158337
0.15753
0.156729
0.155932
0.15514
0.154353
0.153571
0.152795
0.152023
0.151256
0.150494
0.149737
0.148984
0.148237
0.147495
0.146757
0.146024
0.145296
0.144572
0.143854
0.143139
0.14243
0.141726
0.141026
0.14033
0.13964
0.138954
0.138272
0.137595
0.136923
0.136255
0.135592
0.134933
0.134279
0.133629
0.132984
0.132343
0.131707
0.131075
0.130447
0.129823
0.129205
0.12859
0.127979
0.127373
0.126771
0.126174
0.125581
0.124991
0.124406
0.123825
0.123249
0.122676
0.122108
0.121543
0.120983
0.120427
0.119874
0.119326
0.118782
0.118241
0.117705
0.117172
0.116644
0.116119
0.115598
0.115081
0.114567
0.114058
0.113552
0.11305
0.112551
0.112056
0.111565
0.111078
0.110593
0.110113
0.109636
0.109163
0.108693
0.108226
0.107764
0.107304
0.106848
0.106395
0.105945
0.105499
0.105056
0.104617
0.10418
0.103747
0.103317
0.10289
0.102466
0.102046
0.101628
0.101214
0.100802
0.100394
0.0999883
0.0995858
0.0991862
0.0987897
0.0983957
0.0980049
0.0976168
0.0972316
0.0968491
0.0964694
0.0960923
0.0957182
0.0953466
0.0949775
0.0946115
0.0942479
0.0938868
0.0935283
0.0931726
0.092819
0.0924682
0.0921198
0.091774
0.0914304
0.0910893
0.0907508
0.0904144
0.0900806
0.0897491
0.0894199
0.0890929
0.0887682
0.0884458
0.0881257
0.0878076
0.0874918
0.0871782
0.0868669
0.0865576
0.0862503
0.0859453
0.0856423
0.0853414
0.0850424
0.0847456
0.0844507
0.0841579
0.083867
0.0835782
0.0832911
0.0830061
0.0827228
0.0824417
0.0821623
0.0818847
0.0816092
0.0813353
0.0810633
0.080793
0.0805245
0.080258
0.0799932
0.0797299
0.0794685
0.0792087
0.0789506
0.0786944
0.0784396
0.0781867
0.0779354
0.0776855
0.0774375
0.0771911
0.0769461
0.0767027
0.0764609
0.0762206
0.0759819
0.075745
0.0755093
0.0752751
0.0750425
0.0748114
0.0745816
0.0743534
0.0741268
0.0739015
0.0736776
0.0734551
0.0732341
0.0730144
0.0727963
0.0725793
0.0723638
0.0721497
0.0719369
0.0717254
0.0715153
0.0713066
0.071099
0.0708928
0.0706879
0.0704843
0.0702819
0.0700809
0.0698812
0.0696825
0.0694853
0.0692891
0.0690942
0.0689006
0.0687082
0.068517
0.0683267
0.068138
0.0679502
0.0677638
0.0675784
0.0673941
0.0672111
0.0670292
0.0668485
0.0666687
0.0664902
0.0663125
0.0661363
0.0659611
0.065787
0.0656139
0.0654418
0.0652709
0.065101
0.0649321
0.0647643
0.0645975
0.0644318
0.0642671
0.0641035
0.0639408
0.0637793
0.0636187
0.0634589
0.0633003
0.0631425
0.0629858
0.06283
0.0626754
0.0625217
0.0623687
0.0622168
0.062066
0.061916
0.0617668
0.0616187
0.0614712
0.061325
0.0611794
0.0610351
0.0608914
0.0607486
0.0606067
0.0604658
0.0603257
0.0601863
0.0600481
0.0599105
0.059774
0.0596381
0.0595031
0.0593689
0.0592356
0.0591032
0.0589715
0.0588407
0.0587107
0.0585813
0.0584531
0.0583255
0.0581986
0.0580727
0.0579473
0.0578229
0.0576992
0.0575762
0.0574541
0.0573327
0.0572121
0.0570923
0.0569731
0.0568546
0.056737
0.05662
0.0565039
0.0563883
0.0562736
0.0561595
0.0560461
0.0559336
0.0558216
0.0557104
0.0555999
0.0554899
0.0553807
0.0552724
0.0551644
0.0550574
0.0549509
0.0548452
0.05474
0.0546354
0.0545317
0.0544284
0.0543259
0.0542239
0.0541227
0.054022
0.053922
0.0538226
0.0537238
0.0536255
0.0535278
0.053431
0.0533345
0.0532389
0.0531437
0.0530491
0.052955
0.0528618
0.0527689
0.0526767
0.0525849
0.0524939
0.0524034
0.0523133
0.0522239
0.052135
0.0520467
0.0519589
0.0518718
0.0517851
0.0516988
0.0516131
0.0515282
0.0514436
0.0513595
0.0512759
0.0511929
0.0511103
0.0510283
0.0509468
0.0508658
0.0507852
0.0507052
0.0506258
0.0505467
0.0504682
0.0503901
0.0503125
0.0502353
0.0501587
0.0500823
0.0500068
0.0499315
0.0498567
0.0497823
0.0497082
0.049635
0.0495619
0.0494892
0.0494171
0.0493454
0.0492742
0.0492032
0.0491328
0.0490629
0.0489933
0.048924
0.0488553
0.0487869
0.0487191
0.0486514
0.0485843
0.0485176
0.0484513
0.0483853
0.0483196
0.0482545
0.0481897
0.0481255
0.0480613
0.0479977
0.0479343
0.0478714
0.0478087
0.0477466
0.0476848
0.0476232
0.047562
0.0475013
0.0474408
0.0473809
0.0473211
0.0472617
0.0472026
0.0471438
0.0470855
0.0470275
0.0469698
0.0469123
0.0468553
0.0467984
0.046742
0.0466859
0.0466301
0.0465744
0.0465192
0.0464643
0.0464098
0.0463554
0.0463014
0.0462477
0.0461943
0.0461411
0.0460884
0.0460358
0.0459834
0.0459314
0.0458797
0.0458282
0.045777
0.0457262
0.0456756
0.0456252
0.045575
0.0455251
0.0454756
0.0454262
0.0453771
0.0453283
0.0452797
0.0452314
0.0451833
0.0451355
0.0450879
0.0450406
0.0449934
0.0449466
0.0448999
0.0448534
0.0448072
0.0447613
0.0447156
0.04467
0.0446248
0.0445796
0.0445348
0.0444901
0.0444457
0.0444014
0.0443574
0.0443135
0.04427
0.0442265
0.0441834
0.0441405
0.0440976
0.044055
0.0440126
0.0439705
0.0439284
0.0438867
0.0438449
0.0438035
0.0437622
0.0437212
0.0436802
0.0436395
0.043599
0.0435586
0.0435184
0.0434782
0.0434384
0.0433987
0.0433592
0.04332
0.0432806
0.0432417
0.0432028
0.0431641
0.0431254
0.0430871
0.0430489
0.0430107
0.0429728
0.0429351
0.0428975
0.04286
0.0428226
0.0427855
0.0427483
0.0427116
0.0426749
0.0426381
0.0426017
0.0425653
0.0425292
0.042493
0.0424572
0.0424212
0.0423856
0.0423501
0.0423147
0.0422794
0.0422443
0.0422092
0.0421744
0.0421395
0.0421049
0.0420704
0.0420359
0.0420017
0.0419675
0.0419335
0.0418994
0.0418657
0.0418318
0.0417984
0.0417649
0.0417315
0.0416982
0.0416651
0.041632
0.041599
0.041566
0.0415335
0.0415008
0.0414683
0.0414359
0.0414034
0.0413713
0.041339
0.0413071
0.0412752
0.0412434
0.0412117
0.04118
0.0411483
0.0411169
0.0410856
0.0410542
0.0410231
0.0409921
0.0409609
0.0409301
0.0408992
0.0408685
0.0408378
0.0408073
0.0407767
0.0407465
0.040716
0.0406859
0.0406557
0.0406257
0.0405956
0.0405657
0.0405357
0.0405062
0.0404763
0.0404467
0.0404173
0.0403879
0.0403584
0.0403292
0.0402998
0.0402708
0.0402417
0.0402126
0.0401837
0.0401548
0.0401261
0.0400971
0.0400687
0.0400401
0.0400115
0.0399831
0.0399548
0.0399263
0.0398981
0.0398699
0.0398418
0.0398138
0.0397857
0.0397576
0.0397299
0.0397021
0.0396742
0.0396466
0.0396191
0.0395914
0.0395639
0.0395365
0.0395091
0.0394818
0.0394547
0.0394273
0.0394
0.0393731
0.0393461
0.0393192
0.0392921
0.0392653
0.0392385
0.0392116
0.039185
0.0391583
0.0391318
0.0391051
