0.0980201
0.09359630000000001
0.0890078
0.0838107
0.0774172
0.06949960000000001
0.0603185
0.0505981
0.041123
0.032436400000000004
0.024833
0.0184425
0.013199200000000001
0.00883224
0.00505679
0.00201902
-0.00108672
-0.00410795
-0.00680828
-0.00898312
-0.010450200000000002
-0.0110631
-0.010784
-0.00974579
-0.00822748
-0.0065609
-0.00501973
-0.00376107
-0.00276798
-0.00184424
-0.000692443
0.0026002
0.00531972
0.00767738
0.009750700000000001
0.011582700000000001
0.013202700000000001
0.014633100000000001
0.0158921
0.0169952
0.0179558
0.018785800000000002
0.0194958
0.020095500000000002
0.020593599999999997
0.0209982
0.0213165
0.0215553
0.0217209
0.0218188
0.0218544
0.0218322
0.021756599999999997
0.0216312
0.0214592
0.0212433
0.0209855
0.0206877
0.0203511
0.019977
0.019566800000000002
0.019122099999999996
0.018644900000000002
0.018138400000000002
0.017606200000000002
0.017053099999999998
0.0164842
0.015905600000000002
0.0153231
0.014742400000000001
0.014168700000000001
0.013606100000000001
0.013057599999999999
0.0125252
0.0120095
0.01151
0.011025499999999999
0.0105539
0.0100932
0.00964074
0.00919448
0.00875251
0.00831348
0.00787666
0.00744199
0.00701009
0.00658221
0.00616006
0.00574573
0.00534144
0.00494936
0.0045714
0.00420906
0.00386328
0.00353437
0.00322201
0.00292534
0.00264307
0.00237365
0.0021155
0.00186717
0.00162755
0.00139595
0.00117219
0.000956571
0.000749836
0.000553056
0.000367504
0.00019451400000000002
3.5347e-05
-0.000108942
-0.000237612
-0.000350338
-0.00044728
-0.0005291219999999999
-0.000597082
-0.000652854
-0.0006985110000000001
-0.000736352
-0.000768699
-0.00079769
-0.0008250660000000001
-0.0008519980000000001
-0.0008789789999999999
-0.0009057789999999999
-0.0009314910000000001
-0.000954642
-0.0009733519999999999
-1.50104e-21
