0.0982462
0.0912245
0.078322
0.0623991
0.0480528
0.0379569
0.0314147
0.0244217
0.0192981
0.014096100000000002
0.011146099999999999
0.00411247
-0.00338406
-0.012933600000000002
-0.0215403
-0.026957299999999997
-0.03390580000000001
-0.038103500000000005
-0.042586
-0.0400729
-0.0356531
-0.027338799999999996
-0.019591499999999998
-0.016252799999999998
-0.0140271
-0.012847200000000001
-0.0114257
-0.010668
-0.00901996
-0.0078348
-0.00694082
-0.00999037
-0.0141241
-0.022209700000000002
-0.030330000000000003
-0.03836780000000001
-0.0462
-0.0486272
-0.0487298
-0.0432559
-0.038621800000000005
-0.0330574
-0.0288311
-0.025006999999999998
-0.020138299999999998
-0.0168895
-0.014176099999999999
-0.013267500000000002
-0.0119804
-0.00980841
-0.00653498
-0.00465248
-0.00458619
-0.00988415
-0.0169579
-0.0264139
-0.035147000000000005
-0.040114300000000006
-0.0448459
-0.0465106
-0.047843800000000006
-0.045004
-0.0408085
-0.0352859
-0.029617900000000003
-0.0262411
-0.023521200000000003
-0.0215229
-0.0175916
-0.013407599999999999
-0.010623200000000001
-0.0104085
-0.0111719
-0.013624899999999999
-0.0154595
-0.018373300000000002
-0.020838299999999997
-0.0220942
-0.0238628
-0.0244479
-0.0255068
-0.023631
-0.0208469
-0.0171264
-0.014043700000000001
-0.0119451
-0.0077923
-0.00318778
-0.0016184
-0.00545768
-0.0114172
-0.0164345
-0.018807400000000002
-0.0193185
-0.017680200000000004
-0.0173808
-0.0176409
-0.0183854
-0.0193082
-0.0190312
-0.0192736
-0.0182167
-0.0183279
-0.0173547
-0.0162639
-0.0147576
-0.0128561
-0.0127771
-0.0135031
-0.013319999999999999
-0.01047
-0.00773404
-0.00644627
-0.00704978
-0.00814461
-0.00960509
-0.00934895
-0.00748333
-0.00473659
-0.00278021
-0.00420037
-0.00636961
-0.00823568
-0.00780918
-0.00558793
-0.00115805
0.00386058
0.00915135
-0.00022188
