0.0980201
0.0898116
0.0757224
0.0573941
0.0406424
0.0284485
0.0198084
0.0127045
0.00747014
0.00520555
0.00519293
0.00564818
0.0056405
0.00546077
0.00622385
0.00755837
0.00736134
0.00512969
0.0026133000000000003
0.00151161
0.00231671
0.00420836
0.00553289
0.00535573
0.00406566
0.00279141
0.00175891
0.000716712
0.000564833
0.00157181
0.00228761
0.00181025
0.000248663
-0.00151119
-0.00330573
-0.00573614
-0.00796083
-0.00810434
-0.00592319
-0.00259814
-0.00011292600000000001
2.46119e-05
-0.00117596
-0.00142194
-0.000623381
0.000272559
0.000632981
0.00029797
0.000341386
0.00201755
0.00479513
0.00716755
0.00772375
0.00615211
0.00280469
-0.00156731
-0.00521651
-0.00731905
-0.00918593
-0.0116772
-0.013837
-0.014996
-0.0147993
-0.0135362
-0.0121277
-0.0111728
-0.0108749
-0.010098000000000001
-0.00738802
-0.00371932
-0.0014501
-0.00116528
-0.00185853
-0.00241424
-0.00235149
-0.00173986
-0.000679496
0.00047791099999999997
0.00112268
0.0007214410000000001
-0.000153587
-0.000312778
0.000436372
0.00109256
0.00111086
0.00142707
0.00379735
0.00729567
0.00775884
0.0032209000000000005
-0.00343728
-0.00879289
-0.011504
-0.011362100000000002
-0.00907067
-0.00620924
-0.00390734
-0.0020944
-0.000459782
0.00103453
0.00200937
0.00200054
0.000823595
-0.00101798
-0.00274204
-0.00367095
-0.00420467
-0.00570337
-0.00800702
-0.00856631
-0.00645871
-0.00371694
-0.00242334
-0.00253488
-0.00313774
-0.00288751
-0.00092067
0.00280123
0.00740427
0.010295700000000001
0.00981063
0.0073742
0.00524093
0.00420126
0.00495634
0.00811297
0.0118583
0.013261199999999999
-1.1782700000000001e-18
