Residual: 
1.13631
0.962094
0.866842
0.816338
0.789154
0.77347
0.763313
0.755815
0.74964
0.74417
0.73912
0.734351
0.72979
0.725395
0.721138
0.716998
0.712958
0.709005
0.705127
0.701315
0.697563
0.693863
0.690211
0.686601
0.683031
0.679498
0.675999
0.672532
0.669095
0.665686
0.662304
0.658949
0.655618
0.652311
0.649028
0.645767
0.642527
0.639309
0.636112
0.632935
0.629777
0.626639
0.623519
0.620418
0.617336
0.614271
0.611224
0.608194
0.605182
0.602186
0.599207
0.596245
0.593299
0.590369
0.587454
0.584556
0.581673
0.578805
0.575953
0.573116
0.570293
0.567486
0.564693
0.561915
0.559151
0.556402
0.553667
0.550945
0.548238
0.545545
0.542865
0.540199
0.537547
0.534909
0.532283
0.529671
0.527072
0.524486
0.521914
0.519354
0.516807
0.514273
0.511751
0.509242
0.506746
0.504262
0.501791
0.499331
0.496884
0.49445
0.492027
0.489616
0.487217
0.484831
0.482456
0.480092
0.477741
0.475401
0.473072
0.470755
0.46845
0.466156
0.463873
0.461601
0.459341
0.457091
0.454853
0.452626
0.450409
0.448204
0.446009
0.443825
0.441652
0.439489
0.437337
0.435196
0.433065
0.430944
0.428834
0.426734
0.424644
0.422565
0.420496
0.418436
0.416387
0.414348
0.412319
0.410299
0.40829
0.406291
0.404301
0.40232
0.40035
0.398389
0.396437
0.394496
0.392563
0.39064
0.388727
0.386822
0.384927
0.383041
0.381165
0.379297
0.377439
0.375589
0.373749
0.371917
0.370095
0.368281
0.366476
0.36468
0.362893
0.361114
0.359343
0.357582
0.355829
0.354085
0.352349
0.350622
0.348903
0.347192
0.345489
0.343795
0.342109
0.340431
0.338762
0.3371
0.335447
0.333801
0.332164
0.330534
0.328913
0.327299
0.325693
0.324095
0.322505
0.320922
0.319347
0.31778
0.316221
0.314669
0.313124
0.311587
0.310057
0.308535
0.30702
0.305513
0.304013
0.30252
0.301035
0.299556
0.298085
0.296621
0.295164
0.293714
0.292271
0.290836
0.289407
0.287985
0.28657
0.285162
0.28376
0.282366
0.280978
0.279597
0.278223
0.276855
0.275494
0.27414
0.272792
0.271451
0.270116
0.268788
0.267466
0.26615
0.264841
0.263539
0.262242
0.260953
0.259669
0.258391
0.25712
0.255855
0.254596
0.253343
0.252096
0.250855
0.249621
0.248392
0.24717
0.245952
0.244742
0.243537
0.242338
0.241144
0.239957
0.238775
0.237599
0.236429
0.235264
0.234105
0.232952
0.231804
0.230662
0.229526
0.228395
0.227269
0.226149
0.225034
0.223925
0.222821
0.221723
0.22063
0.219542
0.21846
0.217382
0.21631
0.215244
0.214182
0.213126
0.212074
0.211028
0.209987
0.208951
0.207921
0.206895
0.205873
0.204858
0.203847
0.202841
0.201839
0.200843
0.199852
0.198865
0.197883
0.196906
0.195934
0.194966
0.194003
0.193045
0.192092
0.191143
0.190199
0.189259
0.188324
0.187394
0.186468
0.185546
0.184629
0.183717
0.182809
0.181906
0.181007
0.180112
0.179221
0.178335
0.177453
0.176576
0.175703
0.174834
0.173969
0.173109
0.172252
0.1714
0.170552
0.169709
0.168869
0.168033
0.167202
0.166375
0.165551
0.164732
0.163916
0.163105
0.162298
0.161494
0.160695
0.159899
0.159107
0.15832
0.157535
0.156755
0.155979
0.155206
0.154437
0.153672
0.152911
0.152153
0.151399
0.150649
0.149902
0.14916
0.14842
0.147685
0.146952
0.146224
0.145499
0.144778
0.14406
0.143345
0.142635
0.141927
0.141223
0.140523
0.139826
0.139133
0.138442
0.137755
0.137072
0.136392
0.135715
0.135042
0.134371
0.133704
0.133041
0.13238
0.131723
0.131069
0.130419
0.129771
0.129127
0.128485
0.127847
0.127213
0.126581
0.125952
0.125326
0.124704
0.124084
0.123468
0.122854
0.122244
0.121636
0.121032
0.12043
0.119832
0.119236
0.118643
0.118054
0.117467
0.116883
0.116301
0.115723
0.115148
0.114575
0.114005
0.113438
0.112874
0.112313
0.111754
0.111198
0.110645
0.110094
0.109546
0.109001
0.108459
0.107919
0.107382
0.106847
0.106315
0.105786
0.10526
0.104736
0.104214
0.103695
0.103179
0.102665
0.102154
0.101645
0.101139
0.100635
0.100133
0.0996347
0.0991384
0.0986443
0.0981529
0.0976634
0.0971772
0.096693
0.0962109
0.0957311
0.0952541
0.0947788
0.0943067
0.0938365
0.0933685
0.092903
0.09244
0.0919793
0.0915203
0.0910638
0.09061
0.0901577
0.0897079
0.0892605
0.0888153
0.0883723
0.0879313
0.0874923
0.0870556
0.0866217
0.0861894
0.0857592
0.0853309
0.0849053
0.0844815
0.0840596
0.08364
0.0832226
0.0828068
0.0823936
0.0819819
0.0815728
0.0811652
0.08076
0.0803565
0.0799555
0.079556
0.0791586
0.0787629
0.0783691
0.0779779
0.0775886
0.0772011
0.0768151
0.0764309
0.076049
0.0756688
0.0752909
0.0749144
0.0745398
0.0741676
0.0737965
0.0734277
0.0730605
0.0726952
0.0723317
0.0719702
0.0716102
0.071252
0.0708957
0.0705412
0.0701882
0.0698372
0.069488
0.06914
0.0687942
0.0684502
0.0681077
0.0677669
0.0674277
0.0670906
0.0667545
0.0664204
0.0660884
0.0657574
0.0654284
0.0651006
0.0647749
Residual: 
0.0590305
0.0529429
0.0479967
0.0438964
0.0404533
0.0375385
0.0350581
0.0329399
0.0311262
0.0295693
0.0282296
0.0270731
0.0260709
0.0251983
0.0244341
0.0237603
0.0231617
0.0226254
0.0221406
0.0216983
0.021291
0.0209126
0.0205581
0.0202234
0.0199051
0.0196004
0.0193073
0.0190239
0.0187488
0.0184809
0.0182193
0.0179633
0.0177122
0.0174657
0.0172235
0.0169851
0.0167505
0.0165195
0.0162918
0.0160676
0.0158466
0.0156288
0.0154141
0.0152026
0.0149941
0.0147887
0.0145862
0.0143867
0.0141901
0.0139963
0.0138053
0.0136171
0.0134316
0.0132487
0.0130685
0.0128909
0.0127157
0.012543
0.0123728
0.0122049
0.0120394
0.0118762
0.0117153
0.0115565
0.0114
0.0112456
0.0110933
0.0109431
0.010795
0.0106488
0.0105047
0.0103626
0.0102223
0.010084
0.0099476
0.00981304
0.00968031
0.0095494
0.00942027
0.0092929
0.00916727
0.00904336
0.00892114
0.00880059
0.00868169
0.00856441
0.00844873
0.00833464
0.0082221
0.00811111
0.00800163
0.00789365
0.00778714
0.00768209
0.00757847
0.00747627
0.00737546
0.00727604
0.00717797
0.00708124
0.00698583
0.00689172
0.00679889
0.00670734
0.00661703
0.00652795
0.00644009
0.00635344
0.00626796
0.00618364
0.00610047
0.00601844
0.00593754
0.00585773
0.00577902
0.00570137
0.00562479
0.00554925
0.00547474
0.00540125
0.00532876
0.00525726
0.00518673
0.00511717
0.00504856
0.00498088
0.00491412
0.00484829
0.00478334
0.00471928
0.0046561
0.00459378
0.00453231
0.00447169
0.00441188
0.0043529
0.00429473
0.00423734
0.00418074
0.00412492
0.00406986
0.00401555
0.00396199
0.00390916
0.00385706
0.00380566
0.00375497
0.00370498
0.00365567
0.00360703
0.00355906
0.00351176
0.0034651
0.00341908
0.00337369
0.00332893
0.00328479
0.00324125
0.00319831
0.00315596
0.00311419
0.003073
0.00303238
0.00299232
0.00295281
0.00291385
0.00287542
0.00283753
0.00280015
0.0027633
0.00272696
0.00269112
0.00265578
0.00262092
0.00258655
0.00255265
0.00251923
0.00248627
0.00245377
0.00242172
0.00239011
0.00235895
0.00232822
0.00229791
0.00226803
0.00223856
0.00220951
0.00218085
0.00215259
0.00212474
0.00209727
0.00207018
0.00204347
0.00201713
0.00199116
0.00196555
0.00194029
0.00191539
0.00189083
0.00186661
0.00184274
0.00181919
0.00179597
0.00177307
0.00175049
0.00172823
0.00170627
0.00168461
0.00166326
0.0016422
0.00162143
0.00160095
0.00158075
0.00156083
0.00154118
0.00152181
0.00150269
0.00148384
0.00146525
0.00144691
0.00142882
0.00141098
0.00139338
0.00137602
0.0013589
0.001342
0.00132533
0.00130889
0.00129267
0.00127667
0.00126088
0.0012453
0.00122993
0.00121476
0.0011998
0.00118504
0.00117046
0.00115609
0.0011419
0.0011279
0.00111408
0.00110045
0.00108699
0.00107371
0.00106059
0.00104765
0.00103488
0.00102227
0.00100982
0.000997539
0.00098541
0.000973435
0.000961615
0.000949949
0.000938427
0.000927048
0.000915818
0.000904731
0.000893781
0.000882971
0.000872294
0.000861752
0.000851343
0.000841063
0.000830912
0.000820886
0.000810985
0.000801207
0.000791548
0.000782011
0.000772588
0.000763283
0.000754094
0.000745015
0.000736048
0.000727192
0.000718443
0.000709802
0.000701265
0.000692831
0.0006845
0.000676268
0.000668137
0.000660106
0.00065217
0.000644333
0.000636588
0.000628935
0.000621378
0.000613908
0.000606528
0.000599237
0.000592032
0.000584914
0.000577883
0.000570936
0.000564068
0.000557288
0.000550581
0.000543958
0.000537415
0.000530949
0.00052456
0.000518246
0.000512007
0.000505841
0.000499748
0.000493727
0.000487781
0.0004819
0.000476094
0.000470353
0.00046468
0.000459076
0.000453537
0.000448062
0.000442653
0.000437308
0.000432029
0.000426805
0.000421651
0.000416552
0.000411515
0.000406536
0.000401621
0.000396761
0.000391957
0.00038721
0.00038252
0.000377885
0.000373305
0.000368778
0.000364307
0.000359887
0.00035552
0.000351202
0.000346935
0.000342721
0.000338557
0.00033444
0.000330372
0.000326357
0.000322385
0.000318457
0.00031458
0.00031075
0.000306965
0.000303223
0.000299528
0.000295873
0.000292262
0.000288696
0.000285174
0.000281692
0.000278251
0.000274852
0.00027149
0.000268171
0.000264893
0.000261654
0.000258453
0.000255287
0.000252162
0.000249074
0.000246022
0.000243011
0.00024003
0.000237089
0.000234182
0.00023131
0.000228471
0.00022567
0.0002229
0.000220161
0.000217459
0.000214788
0.00021215
0.000209541
0.000206965
0.000204421
0.000201908
0.000199425
0.000196972
0.000194549
0.000192158
0.00018979
0.000187455
0.000185147
0.000182865
0.000180614
0.00017839
0.000176191
0.000174022
0.000171877
0.000169759
0.000167667
0.000165596
0.000163559
0.000161538
0.000159546
0.00015758
0.000155634
0.000153718
0.000151817
0.000149946
0.000148097
0.000146264
0.00014446
0.00014268
0.00014092
0.000139181
0.00013746
0.000135761
0.000134086
0.000132431
0.000130797
0.000129181
0.000127587
0.000126009
0.000124453
0.000122917
0.0001214
0.000119897
0.00011842
0.000116954
0.00011551
0.000114087
0.000112676
0.000111285
0.000109911
0.000108554
0.00010721
0.000105886
0.000104583
0.000103289
0.000102014
0.000100755
9.95107e-05
9.82838e-05
9.70669e-05
9.58697e-05
9.46874e-05
9.35185e-05
9.23639e-05
9.12213e-05
9.00943e-05
8.89849e-05
8.78903e-05
8.68051e-05
8.57348e-05
8.46758e-05
8.36319e-05
8.26006e-05
8.15817e-05
8.05769e-05
7.9584e-05
7.86039e-05
7.76335e-05
7.66799e-05
7.57305e-05
7.48002e-05
7.38778e-05
7.29694e-05
7.20696e-05
7.1183e-05
7.03083e-05
6.94418e-05
6.85871e-05
6.77431e-05
6.69113e-05
6.60857e-05
6.52737e-05
6.44683e-05
6.36796e-05
6.28969e-05
6.21232e-05
6.13595e-05
6.06062e-05
5.98615e-05
5.9128e-05
5.84021e-05
5.76864e-05
5.69801e-05
5.62794e-05
5.55879e-05
5.49054e-05
5.42337e-05
5.35708e-05
5.29132e-05
5.22631e-05
5.16239e-05
5.09905e-05
5.03675e-05
4.97491e-05
4.91413e-05
4.85387e-05
4.79471e-05
4.736e-05
4.678e-05
4.62062e-05
4.56422e-05
4.50834e-05
4.45341e-05
4.39891e-05
4.34512e-05
4.29209e-05
4.23985e-05
4.18782e-05
4.13689e-05
4.0864e-05
4.03661e-05
3.98706e-05
3.93855e-05
3.8906e-05
3.8431e-05
3.79631e-05
3.74997e-05
3.70406e-05
3.65917e-05
3.6144e-05
3.57041e-05
3.52689e-05
3.48394e-05
3.4417e-05
3.39964e-05
3.3583e-05
3.31757e-05
3.2767e-05
3.237e-05
3.19778e-05
3.15881e-05
3.12029e-05
3.08241e-05
3.0449e-05
3.00791e-05
2.97118e-05
2.93513e-05
2.89941e-05
2.86426e-05
2.82925e-05
2.795e-05
2.76077e-05
2.72721e-05
2.69423e-05
2.6615e-05
2.62903e-05
2.5969e-05
2.56542e-05
2.53404e-05
2.50316e-05
2.47303e-05
2.44284e-05
2.41286e-05
2.38368e-05
2.35466e-05
2.32602e-05
2.29771e-05
2.26972e-05
2.24209e-05
2.21473e-05
2.18758e-05
2.16106e-05
2.13476e-05
2.10848e-05
2.08301e-05
2.05749e-05
2.03248e-05
2.00787e-05
1.98323e-05
1.95916e-05
1.93515e-05
1.91132e-05
1.88809e-05
1.86502e-05
1.84211e-05
1.81967e-05
1.79744e-05
1.77555e-05
1.75363e-05
1.73211e-05
1.71083e-05
1.68988e-05
1.66911e-05
1.64868e-05
1.62833e-05
1.60833e-05
1.58883e-05
1.56912e-05
1.54976e-05
1.53067e-05
1.51177e-05
1.49325e-05
1.47484e-05
1.45656e-05
1.43847e-05
1.42079e-05
1.40314e-05
1.38568e-05
1.3686e-05
1.35163e-05
1.3347e-05
1.3182e-05
1.30197e-05
1.2857e-05
1.2695e-05
1.25363e-05
1.23805e-05
1.2226e-05
1.20743e-05
1.19225e-05
1.1774e-05
1.16259e-05
1.14784e-05
1.1335e-05
1.11926e-05
1.105e-05
1.09116e-05
1.07738e-05
1.06381e-05
1.05035e-05
1.03713e-05
1.02403e-05
1.01087e-05
9.97995e-06
9.85186e-06
9.72685e-06
9.60334e-06
9.4794e-06
9.35871e-06
9.23726e-06
9.12027e-06
9.0015e-06
8.88529e-06
8.77095e-06
8.65666e-06
8.54615e-06
8.43434e-06
8.3259e-06
8.21788e-06
8.10867e-06
8.00343e-06
7.9e-06
7.79614e-06
7.69388e-06
7.59236e-06
7.49322e-06
7.39472e-06
7.29648e-06
7.20178e-06
7.10364e-06
7.00951e-06
6.91636e-06
6.82391e-06
6.73232e-06
6.64315e-06
6.55336e-06
6.46547e-06
6.38023e-06
6.29269e-06
6.20649e-06
6.1231e-06
6.03977e-06
5.95797e-06
5.87754e-06
5.79677e-06
5.71672e-06
5.63844e-06
5.55979e-06
5.48306e-06
5.40881e-06
5.33479e-06
5.25852e-06
5.18546e-06
5.11366e-06
5.04252e-06
4.97271e-06
4.90186e-06
4.83187e-06
4.76421e-06
4.69723e-06
4.63099e-06
4.56399e-06
4.49984e-06
4.435e-06
4.37061e-06
4.30746e-06
4.24527e-06
4.18592e-06
4.12373e-06
4.06369e-06
4.00529e-06
3.94804e-06
3.8901e-06
3.83104e-06
3.77472e-06
3.71904e-06
3.6652e-06
3.61011e-06
3.55738e-06
3.50331e-06
3.45025e-06
3.40019e-06
3.34765e-06
3.29824e-06
3.24845e-06
3.19877e-06
3.14967e-06
3.10284e-06
3.05502e-06
3.00709e-06
2.96229e-06
2.91595e-06
2.87123e-06
2.82751e-06
2.78271e-06
2.73909e-06
2.69397e-06
2.65378e-06
2.60925e-06
2.5685e-06
2.5301e-06
2.48822e-06
2.44821e-06
2.4101e-06
2.37189e-06
2.33368e-06
2.29498e-06
2.26029e-06
2.22184e-06
2.18599e-06
2.14933e-06
2.1144e-06
2.0798e-06
2.04597e-06
2.0115e-06
1.97725e-06
1.94524e-06
1.91223e-06
1.87977e-06
1.8491e-06
1.81785e-06
1.78768e-06
1.75802e-06
1.72924e-06
1.69893e-06
1.66988e-06
1.64226e-06
1.61278e-06
1.58594e-06
1.55894e-06
1.53108e-06
1.50463e-06
1.47662e-06
1.45146e-06
1.42701e-06
1.40228e-06
1.37766e-06
1.35221e-06
1.3278e-06
1.30683e-06
1.28211e-06
1.25891e-06
1.23801e-06
1.21531e-06
1.19255e-06
1.1732e-06
1.15137e-06
1.13062e-06
1.11192e-06
1.0912e-06
1.07217e-06
1.05233e-06
1.03486e-06
1.01636e-06
9.97744e-07
9.78779e-07
9.61487e-07
9.43702e-07
9.27639e-07
9.09736e-07
8.93125e-07
8.76574e-07
8.59746e-07
8.44442e-07
8.28496e-07
8.15772e-07
7.99956e-07
7.84647e-07
7.71639e-07
7.57507e-07
7.41203e-07
7.334e-07
7.17131e-07
7.05035e-07
6.89647e-07
6.81012e-07
6.65979e-07
6.55932e-07
6.4066e-07
6.314e-07
6.20741e-07
6.09233e-07
5.97092e-07
5.87086e-07
5.76627e-07
5.65045e-07
5.56447e-07
5.44828e-07
5.35513e-07
5.26201e-07
5.17418e-07
5.10943e-07
5.00127e-07
4.91093e-07
4.83993e-07
4.76555e-07
4.6722e-07
4.6026e-07
4.53094e-07
4.45734e-07
4.38602e-07
4.32488e-07
4.24601e-07
4.18576e-07
4.11326e-07
4.05828e-07
3.99386e-07
3.92503e-07
3.87568e-07
3.80498e-07
3.75751e-07
3.69041e-07
3.63085e-07
3.60295e-07
3.55592e-07
3.48133e-07
3.41445e-07
3.37522e-07
3.33433e-07
3.27603e-07
3.22446e-07
3.17447e-07
3.13407e-07
3.09494e-07
3.04297e-07
2.98897e-07
2.95289e-07
2.92802e-07
2.86672e-07
2.84599e-07
2.79935e-07
2.75219e-07
2.73809e-07
2.7101e-07
2.67936e-07
2.63255e-07
2.57968e-07
2.55017e-07
2.52181e-07
2.46812e-07
2.46488e-07
2.41821e-07
2.388e-07
2.36209e-07
2.32898e-07
2.31591e-07
2.29499e-07
2.23461e-07
2.23174e-07
2.21795e-07
2.19306e-07
2.16861e-07
2.13205e-07
2.13149e-07
2.10448e-07
2.06928e-07
2.0452e-07
2.04325e-07
2.02424e-07
1.98816e-07
1.96394e-07
1.92215e-07
1.91621e-07
1.88801e-07
1.88413e-07
1.87333e-07
1.85036e-07
1.83235e-07
1.81134e-07
1.80376e-07
1.76838e-07
1.72961e-07
1.70132e-07
1.69684e-07
1.68847e-07
1.67132e-07
1.6691e-07
1.63234e-07
1.60981e-07
1.59416e-07
1.58843e-07
1.58448e-07
1.52034e-07
1.51604e-07
1.5017e-07
1.51643e-07
1.47575e-07
1.47138e-07
1.47919e-07
1.44082e-07
1.40427e-07
1.40689e-07
1.37611e-07
1.36734e-07
1.35054e-07
1.35241e-07
1.31314e-07
1.32248e-07
1.28125e-07
1.27819e-07
1.27409e-07
1.27599e-07
1.25185e-07
1.22389e-07
1.21625e-07
1.21051e-07
1.20126e-07
1.15568e-07
1.11786e-07
1.11115e-07
1.09745e-07
1.08806e-07
1.0725e-07
1.07116e-07
1.04195e-07
1.02344e-07
1.03221e-07
1.03055e-07
9.89051e-08
1.00776e-07
9.85031e-08
9.76551e-08
9.95534e-08
9.72645e-08
9.47353e-08
9.59002e-08
9.13105e-08
9.01418e-08
8.99475e-08
8.8467e-08
9.19725e-08
8.62941e-08
8.69776e-08
8.24806e-08
8.18423e-08
8.22146e-08
7.99074e-08
8.0816e-08
8.21031e-08
7.96359e-08
7.83472e-08
7.6754e-08
7.52412e-08
7.68448e-08
7.29127e-08
7.1118e-08
7.16325e-08
6.87158e-08
6.93238e-08
7.06677e-08
6.67973e-08
6.46121e-08
6.80545e-08
6.51054e-08
6.73095e-08
6.74198e-08
6.30222e-08
6.3131e-08
6.23138e-08
6.0284e-08
5.8463e-08
6.10698e-08
5.82462e-08
5.63264e-08
5.5704e-08
5.91936e-08
6.02314e-08
6.12476e-08
6.10486e-08
5.85537e-08
5.43007e-08
4.73287e-08
4.69116e-08
4.34923e-08
4.5672e-08
4.32362e-08
4.28456e-08
4.30434e-08
4.1305e-08
4.15339e-08
4.31211e-08
4.32582e-08
4.14904e-08
4.07364e-08
3.99279e-08
3.97064e-08
3.94599e-08
3.78044e-08
3.68697e-08
3.73835e-08
3.80566e-08
3.77431e-08
3.39134e-08
3.91794e-08
3.76443e-08
3.772e-08
3.8447e-08
3.86817e-08
3.88471e-08
3.54497e-08
3.54785e-08
3.09919e-08
2.86949e-08
2.721e-08
2.67512e-08
2.85918e-08
2.878e-08
2.86467e-08
2.78936e-08
2.51227e-08
2.6091e-08
2.56145e-08
2.5012e-08
2.40117e-08
2.30112e-08
2.22555e-08
2.20624e-08
2.40891e-08
2.19474e-08
2.41662e-08
2.59725e-08
2.21399e-08
2.21474e-08
2.38496e-08
2.86385e-08
3.17514e-08
2.80565e-08
3.20251e-08
3.42335e-08
3.12993e-08
2.75843e-08
2.88694e-08
2.3182e-08
2.17011e-08
2.91094e-08
3.23223e-08
2.73024e-08
2.71657e-08
2.1827e-08
2.23443e-08
1.39035e-08
1.4011e-08
1.21465e-08
1.21237e-08
1.10977e-08
1.09295e-08
1.124e-08
9.94191e-09
Residual: 
0.0627521
0.0623204
0.0619518
0.0616103
0.0612818
0.0609604
0.0606442
0.0603321
0.0600228
0.0597166
0.059413
0.0591121
0.058813
0.0585168
0.0582222
0.0579303
0.0576398
0.0573517
0.0570649
0.0567804
0.0564975
0.0562162
0.0559369
0.0556588
0.0553826
0.0551079
0.0548344
0.0545626
0.0542922
0.0540232
0.0537554
0.0534892
0.0532241
0.0529603
0.0526981
0.0524368
0.0521768
0.0519181
0.0516605
0.0514044
0.051149
0.050895
0.050642
0.0503905
0.05014
0.0498904
0.0496422
0.0493945
0.0491488
0.0489037
0.0486597
0.048417
0.0481753
0.0479349
0.0476952
0.0474567
0.0472195
0.0469835
0.046748
0.0465141
0.0462809
0.0460492
0.0458185
0.0455887
0.0453603
0.0451325
0.0449062
0.0446809
0.0444566
0.0442335
0.0440116
0.043791
0.0435709
0.0433521
0.0431348
0.0429186
0.0427033
0.0424888
0.0422759
0.0420638
0.041853
0.0416428
0.0414342
0.0412264
0.0410201
0.0408147
0.0406102
0.0404069
0.0402046
0.0400039
0.0398038
0.0396047
0.0394069
0.0392099
0.0390143
0.0388193
0.0386258
0.0384333
0.0382415
0.0380509
0.0378613
0.0376728
0.0374853
0.037299
0.0371131
0.0369287
0.036745
0.0365625
0.0363804
0.0361999
0.0360202
0.0358416
0.0356636
0.0354864
0.0353107
0.0351356
0.0349612
0.0347877
0.0346155
0.034444
0.0342733
0.0341033
0.0339344
0.0337664
0.0335991
0.0334328
0.0332671
0.0331025
0.0329384
0.0327753
0.0326132
0.0324515
0.032291
0.032131
0.0319717
0.0318136
0.031656
0.0314992
0.0313434
0.0311881
0.0310334
0.0308797
0.0307268
0.0305744
0.0304231
0.030272
0.0301223
0.029973
0.0298245
0.0296764
0.0295294
0.0293828
0.0292372
0.0290922
0.0289479
0.0288043
0.0286614
0.0285192
0.0283778
0.0282368
0.0280969
0.0279572
0.0278185
0.0276808
0.0275431
0.0274067
0.0272703
0.027135
0.0270002
0.0268662
0.0267329
0.0266001
0.026468
0.0263368
0.0262058
0.0260757
0.0259463
0.0258178
0.0256893
0.0255619
0.0254349
0.0253088
0.025183
0.025058
0.0249339
0.0248099
0.0246871
0.0245646
0.0244427
0.0243213
0.0242006
0.0240806
0.0239614
0.0238424
0.0237242
0.0236062
0.0234895
0.0233731
0.0232572
0.0231418
0.0230271
0.0229129
0.0227994
0.0226865
0.0225741
0.0224622
0.0223512
0.0222406
0.0221304
0.0220206
0.0219114
0.0218033
0.0216953
0.0215877
0.0214811
0.0213745
0.0212693
0.0211637
0.0210593
0.0209549
0.0208513
0.0207482
0.0206455
0.0205437
0.020442
0.0203409
0.0202404
0.0201403
0.020041
0.0199418
0.0198431
0.0197451
0.0196476
0.0195502
0.0194539
0.0193579
0.0192624
0.0191669
0.0190726
0.0189782
0.0188843
0.018791
0.0186985
0.0186061
0.0185141
0.0184228
0.0183317
0.0182413
0.0181513
0.0180616
0.0179727
0.0178838
0.0177956
0.0177079
0.0176202
0.0175335
0.0174467
0.0173609
0.017275
0.01719
0.017105
0.0170205
0.0169366
0.0168533
0.0167701
0.0166875
0.0166051
0.0165232
0.0164417
0.0163606
0.01628
0.0162001
0.0161199
0.0160405
0.0159616
0.0158825
0.0158045
0.0157267
0.0156491
0.0155721
0.0154954
0.015419
0.0153433
0.0152676
0.0151923
0.0151176
0.0150431
0.0149688
0.0148955
0.0148221
0.0147493
0.0146768
0.0146046
0.0145325
0.0144611
0.0143898
0.0143193
0.0142487
0.0141787
0.0141093
0.0140396
0.0139705
0.0139021
0.0138337
0.0137656
0.013698
0.0136308
0.0135639
0.0134971
0.013431
0.0133651
0.0132993
0.0132338
0.0131692
0.0131046
0.0130402
0.0129762
0.0129126
0.0128494
0.0127861
0.0127236
0.0126609
0.012599
0.0125371
0.0124758
0.0124148
0.0123537
0.0122934
0.012233
0.0121732
0.0121134
0.0120542
0.0119952
0.0119364
0.0118778
0.0118199
0.0117618
0.0117045
0.011647
0.01159
0.0115335
0.0114771
0.0114209
0.011365
0.0113092
0.0112543
0.0111992
0.0111445
0.01109
0.0110358
0.010982
0.0109282
0.0108749
0.0108219
0.010769
0.0107166
0.010664
0.0106122
0.0105604
0.0105087
0.0104575
0.0104064
0.0103559
0.0103054
0.0102547
0.010205
0.010155
0.0101057
0.0100567
0.0100075
0.00995863
0.00991036
0.00986201
0.00981386
0.00976612
0.00971884
0.00967117
0.00962403
0.00957736
0.00953077
0.00948458
0.00943851
0.00939246
0.00934685
0.00930124
0.0092561
0.00921127
0.00916638
0.00912168
0.00907737
0.0090334
0.00898951
0.00894569
0.00890234
0.00885906
0.00881628
0.00877337
0.00873095
0.00868834
0.00864642
0.00860453
0.0085626
0.00852142
0.0084799
0.00843889
0.00839792
0.00835728
0.00831671
0.00827661
0.0082365
0.00819654
0.00815696
0.00811726
0.00807828
0.00803907
0.00800011
0.00796142
0.00792309
0.00788467
0.00784673
0.00780879
0.00777115
0.00773352
0.00769624
0.00765901
0.00762207
0.00758518
0.0075485
0.00751238
0.00747608
0.00744006
0.00740407
0.00736845
0.00733311
0.00729755
0.00726236
0.00722741
0.00719265
0.00715812
0.00712348
0.00708906
0.00705517
0.00702108
0.00698725
0.00695389
0.00692034
0.00688705
0.00685403
0.00682107
0.00678819
0.00675571
0.00672329
0.00669083
0.00665895
0.00662673
0.00659521
0.00656329
0.00653179
0.00650073
0.00646946
0.00643863
0.00640746
0.00637691
0.00634639
0.006316
0.00628574
0.00625556
0.00622552
0.00619572
0.00616652
0.00613675
0.00610736
0.00607806
0.00604929
0.00602018
0.00599163
0.00596288
0.00593422
0.00590607
0.00587775
0.00584971
0.00582167
0.0057941
0.00576633
0.0057391
0.0057115
0.00568418
0.00565729
0.0056302
0.00560337
0.00557675
0.0055502
0.00552373
0.00549745
0.0054713
0.00544537
0.00541958
0.00539341
0.00536822
0.00534257
