-0.646682
-0.635274
-0.624208
-0.613507
-0.603173
-0.59319
-0.583519
-0.574108
-0.5648810000000001
-0.555739
-0.546566
-0.537247
-0.527705
-0.517941
-0.508087
-0.49811300000000003
-0.487121
-0.476524
-0.466574
-0.457542
-0.44971700000000003
-0.443382
-0.43873500000000004
-0.43576499999999996
-0.43414899999999995
-0.433241
-0.432212
-0.430307
-0.427055
-0.42232
-0.41596000000000005
-0.40821399999999997
-0.398348
-0.38860700000000004
-0.37899099999999997
-0.3695
-0.360133
-0.35089000000000004
-0.341771
-0.332775
-0.323902
-0.315151
-0.306521
-0.298009
-0.289616
-0.28134000000000003
-0.27317800000000003
-0.265131
-0.25719699999999995
-0.24937399999999998
-0.241664
-0.234066
-0.226579
-0.219205
-0.211945
-0.204798
-0.197766
-0.190851
-0.184051
-0.177369
-0.17080399999999998
-0.164356
-0.158027
-0.151814
-0.14571800000000001
-0.139738
-0.133874
-0.128126
-0.122492
-0.116972
-0.11156700000000001
-0.106275
-0.101099
-0.0960374
-0.09109149999999999
-0.08626210000000001
-0.08155
-0.076956
-0.07248099999999999
-0.0681255
-0.0638902
-0.059775199999999994
-0.0557808
-0.051907
-0.0481534
-0.0445199
-0.0410061
-0.0376115
-0.0343359
-0.0311791
-0.028140699999999998
-0.0252207
-0.022419099999999997
-0.0197359
-0.0171713
-0.014725299999999998
-0.0123979
-0.010189299999999998
-0.00809936
-0.00612802
-0.00427517
-0.00254065
-0.000924303
0.000574037
0.00195452
0.00321729
0.00436246
0.00539013
0.00630039
0.0070933
0.00776894
0.00832736
0.00876865
0.00909288
0.00930014
0.00939052
0.00936412
0.00922109
0.00896154
0.00858564
0.00809355
0.00748545
0.00676155
0.00592207
0.00496724
0.00389733
0.00271261
0.00141339
7.41131e-23
