-0.45246099999999995
-0.44647
-0.439933
-0.432788
-0.42512
-0.415199
-0.405308
-0.394828
-0.38506599999999996
-0.37646399999999997
-0.368561
-0.36277800000000004
-0.35673299999999997
-0.351465
-0.345453
-0.339646
-0.333865
-0.329069
-0.324927
-0.321473
-0.317994
-0.313949
-0.309135
-0.302771
-0.296373
-0.288333
-0.280965
-0.27313200000000004
-0.265687
-0.258442
-0.251302
-0.24559
-0.24011799999999997
-0.23631300000000002
-0.23245
-0.22851
-0.22434
-0.220151
-0.215746
-0.211326
-0.20683
-0.202629
-0.198691
-0.195103
-0.191383
-0.18540399999999999
-0.17918
-0.171824
-0.164775
-0.157977
-0.151702
-0.146587
-0.141819
-0.13859000000000002
-0.135232
-0.13189
-0.128361
-0.124922
-0.12165999999999999
-0.11864100000000001
-0.11560699999999999
-0.112527
-0.109295
-0.10644400000000001
-0.103779
-0.100188
-0.0969992
-0.0933404
-0.0900447
-0.08658539999999999
-0.0828029
-0.07864460000000001
-0.07383819999999999
-0.0696331
-0.0657197
-0.0629568
-0.060630399999999994
-0.0584286
-0.0558698
-0.053075
-0.050492199999999994
-0.0487052
-0.04775530000000001
-0.047441000000000004
-0.0472251
-0.0466459
-0.0458902
-0.043853500000000004
-0.04146830000000001
-0.038127999999999995
-0.0345825
-0.0311038
-0.027721199999999998
-0.024988800000000002
-0.022188
-0.020018
-0.017853400000000002
-0.015686000000000002
-0.013484999999999999
-0.0112633
-0.00907371
-0.00732483
-0.00639645
-0.00654779
-0.00739754
-0.00822992
-0.00826105
-0.00655909
-0.00432569
-0.00190192
8.2321e-05
0.00191011
0.00359488
0.00499198
0.006274
0.00704489
0.00791956
0.00853323
0.00884563
0.00855367
0.00780761
0.00682657
0.00578428
0.00478896
0.00373143
0.00264723
0.00143306
0.0007739660000000001
2.90651e-07
