-0.42715600000000004
-0.421379
-0.415054
-0.408127
-0.400677
-0.39292
-0.385193
-0.37787800000000005
-0.37128099999999997
-0.365525
-0.360468
-0.355696
-0.350661
-0.34494600000000003
-0.338486
-0.331579
-0.32469699999999996
-0.318272
-0.312502
-0.307209
-0.30189299999999997
-0.29601900000000003
-0.289378
-0.2822
-0.274988
-0.268214
-0.262112
-0.256637
-0.251552
-0.246626
-0.24180500000000002
-0.237179
-0.232792
-0.22853400000000001
-0.22421799999999997
-0.219714
-0.214981
-0.210027
-0.204857
-0.199494
-0.194055
-0.188751
-0.183712
-0.178822
-0.173799
-0.168455
-0.162866
-0.157306
-0.152053
-0.14727200000000001
-0.143014
-0.139239
-0.135812
-0.1325
-0.12905899999999998
-0.125362
-0.121476
-0.117601
-0.11390299999999999
-0.110365
-0.10681199999999999
-0.10308599999999998
-0.0992078
-0.095341
-0.0916597
-0.0882887
-0.0853201
-0.0827972
-0.08063739999999998
-0.0785678
-0.076175
-0.07312310000000001
-0.06942330000000001
-0.06548390000000001
-0.061836300000000004
-0.0587618
-0.05612380000000001
-0.053495100000000004
-0.0505093
-0.0472261
-0.044154900000000004
-0.04182469999999999
-0.0403315
-0.0393416
-0.0384501
-0.037442800000000005
-0.036259
-0.0348334
-0.0330593
-0.030918
-0.0285714
-0.0262407
-0.024006200000000002
-0.0217885
-0.0195023
-0.017159599999999997
-0.0148222
-0.0125058
-0.0101557
-0.00772838
-0.00533316
-0.00331348
-0.0021143
-0.00193868
-0.00246146
-0.00291457
-0.00256643
-0.00123538
0.000627105
0.0023741
0.00368157
0.00464544
0.00546629
0.00618944
0.00679749
0.00739123
0.00808875
0.00878561
0.00918121
0.00906576
0.00849619
0.00769093
0.00682441
0.00593831
0.00498999
0.00393042
0.00274088
0.00142773
1.6958999999999999e-16
