Residual: 
4.58616
3.3659
2.94901
2.69203
2.49662
2.33123
2.18421
2.05064
1.92809
1.81515
1.71082
1.61431
1.52498
1.44222
1.36551
1.29439
1.22839
1.16713
1.11023
1.05735
1.00817
0.96241
0.919802
0.880101
0.843083
0.80854
0.776283
0.746137
0.717941
0.691548
0.666821
0.643637
0.62188
0.601445
0.582235
0.564162
0.547144
0.531104
0.515976
0.501694
0.488201
0.475443
0.463371
0.451938
0.441103
0.430827
0.421074
0.411812
0.403009
0.394638
0.386673
0.379089
0.371864
0.364977
0.358408
0.35214
0.346156
0.340439
0.334976
0.329753
0.324757
0.319976
0.315398
0.311014
0.306813
0.302786
0.298924
0.29522
0.291664
0.288251
0.284972
0.281822
0.278794
0.275883
0.273082
0.270388
0.267793
0.265295
0.262889
0.260569
0.258333
0.256176
0.254096
0.252087
0.250148
0.248274
0.246464
0.244714
0.243021
0.241383
0.239798
0.238264
0.236777
0.235336
0.233939
0.232585
0.23127
0.229994
0.228756
0.227552
0.226382
0.225245
0.224139
0.223063
0.222015
0.220995
0.220001
0.219032
0.218088
0.217167
0.216268
0.215391
0.214534
0.213697
0.212879
0.212079
0.211297
0.210532
0.209783
0.20905
0.208331
0.207628
0.206938
0.206262
0.205599
0.204948
0.20431
0.203683
0.203067
0.202463
0.201868
0.201284
0.20071
0.200145
0.199589
0.199042
0.198504
0.197974
0.197451
0.196937
0.19643
0.19593
0.195437
0.194951
0.194472
0.193999
0.193532
0.193071
0.192616
0.192167
0.191723
0.191285
0.190851
0.190423
0.189999
0.18958
0.189166
0.188756
0.188351
0.18795
0.187553
0.18716
0.18677
0.186385
0.186003
0.185625
0.185251
0.184879
0.184511
0.184147
0.183785
0.183427
0.183071
0.182719
0.182369
0.182022
0.181678
0.181336
0.180997
0.18066
0.180326
0.179995
0.179665
0.179338
0.179013
0.178691
0.17837
0.178052
0.177735
0.177421
0.177108
0.176798
0.176489
0.176182
0.175877
0.175574
0.175272
0.174972
0.174674
0.174377
0.174082
0.173789
0.173497
0.173206
0.172917
0.172629
0.172343
0.172058
0.171774
0.171491
0.17121
0.17093
0.170652
0.170375
0.170098
0.169823
0.169549
0.169277
0.169005
0.168734
0.168465
0.168196
0.167929
0.167662
0.167397
0.167132
0.166869
0.166606
0.166345
0.166084
0.165824
0.165565
0.165307
0.16505
0.164793
0.164538
0.164283
0.164029
0.163776
0.163523
0.163272
0.163021
0.162771
0.162521
0.162272
0.162024
0.161777
0.16153
0.161285
0.161039
0.160795
0.160551
0.160307
0.160065
0.159823
0.159581
0.15934
0.1591
0.158861
0.158622
0.158383
0.158145
0.157908
0.157671
0.157435
0.157199
0.156964
0.15673
0.156496
0.156262
0.156029
0.155797
0.155565
0.155333
0.155102
0.154872
0.154642
0.154412
0.154183
0.153955
0.153727
0.153499
0.153272
0.153045
0.152819
0.152593
0.152368
0.152143
0.151918
0.151694
0.15147
0.151247
0.151024
0.150802
0.15058
0.150359
0.150137
0.149917
0.149696
0.149476
0.149257
0.149038
0.148819
0.148601
0.148383
0.148165
0.147948
0.147731
0.147515
0.147298
0.147083
0.146867
0.146652
0.146438
0.146223
0.146009
0.145796
0.145583
0.14537
0.145157
0.144945
0.144734
0.144522
0.144311
0.1441
0.14389
0.14368
0.14347
0.143261
0.143051
0.142843
0.142634
0.142426
0.142219
0.142011
0.141804
0.141597
0.141391
0.141185
0.140979
0.140773
0.140568
0.140363
0.140159
0.139955
0.139751
0.139547
0.139344
0.139141
0.138938
0.138736
0.138534
0.138332
0.138131
0.137929
0.137729
0.137528
0.137328
0.137128
0.136928
0.136729
0.13653
0.136331
0.136133
0.135935
0.135737
0.135539
0.135342
0.135145
0.134948
0.134752
0.134555
0.13436
0.134164
0.133969
0.133774
0.133579
0.133385
0.133191
0.132997
0.132803
0.13261
0.132417
0.132224
0.132032
0.13184
0.131648
0.131456
0.131265
0.131074
0.130883
0.130693
0.130503
0.130313
0.130123
0.129934
0.129744
0.129556
0.129367
0.129179
0.128991
0.128803
0.128616
0.128428
0.128241
0.128055
0.127868
0.127682
0.127496
0.127311
0.127125
0.12694
0.126756
0.126571
0.126387
0.126203
0.126019
0.125836
0.125653
0.12547
0.125287
0.125105
0.124922
0.12474
0.124559
0.124378
0.124196
0.124015
0.123835
0.123655
0.123475
0.123295
0.123115
0.122936
0.122757
0.122578
0.1224
0.122222
0.122043
0.121866
0.121688
0.121511
0.121334
0.121157
0.120981
0.120805
0.120629
0.120453
0.120278
0.120102
0.119927
0.119753
0.119578
0.119404
0.11923
0.119057
0.118883
0.11871
0.118537
0.118364
0.118192
0.11802
0.117848
0.117676
0.117505
0.117334
0.117163
0.116992
0.116822
0.116651
0.116481
0.116312
0.116142
0.115973
0.115804
0.115635
0.115467
0.115299
0.115131
0.114963
0.114796
0.114628
0.114461
0.114294
0.114128
0.113962
0.113795
0.11363
0.113464
0.113299
0.113134
0.112969
0.112804
0.11264
0.112476
0.112312
0.112148
0.111985
0.111822
0.111659
0.111496
0.111334
0.111172
0.11101
0.110848
0.110686
0.110525
0.110364
0.110203
0.110043
0.109883
0.109722
0.109563
0.109403
0.109243
0.109084
0.108925
0.108767
0.108608
0.10845
0.108292
0.108134
0.107977
0.10782
0.107663
0.107506
0.107349
0.107193
0.107037
0.106881
0.106725
0.10657
0.106414
0.106259
0.106105
0.10595
0.105796
0.105642
0.105488
0.105334
0.105181
0.105028
0.104875
0.104722
0.10457
0.104417
0.104265
0.104113
0.103962
0.10381
0.103659
0.103508
0.103358
0.103207
0.103057
0.102907
0.102757
0.102607
0.102458
0.102309
0.10216
0.102011
0.101863
0.101715
0.101567
0.101419
0.101271
0.101124
0.100977
0.10083
0.100683
0.100536
0.10039
0.100244
0.100098
0.0999526
0.099807
0.0996619
0.0995168
0.0993721
0.0992276
0.099083
0.098939
0.0987952
0.0986514
0.0985078
0.0983645
0.0982214
0.0980786
0.0979361
0.0977937
0.0976514
0.0975093
0.0973676
0.097226
0.0970846
0.0969435
0.0968025
0.0966618
0.0965213
0.0963809
0.0962408
0.0961009
0.0959612
0.0958215
0.0956824
0.0955432
0.0954045
0.0952659
0.0951273
0.0949891
0.0948511
0.0947132
0.0945754
0.0944382
0.094301
0.0941638
0.0940271
0.0938906
0.093754
0.0936179
0.093482
0.0933461
0.0932105
0.0930752
0.0929399
0.0928051
0.0926701
0.0925357
0.0924012
0.092267
0.0921332
0.0919993
0.0918657
0.0917323
0.0915993
0.0914662
0.0913333
0.0912008
0.0910684
0.0909361
0.0908042
0.0906724
0.0905408
0.0904092
0.0902783
0.0901471
0.0900164
0.0898856
0.0897554
0.0896251
0.0894949
0.0893652
0.0892355
0.0891061
0.0889768
0.0888476
0.0887189
0.0885901
0.0884616
0.0883332
0.0882051
0.0880774
0.0879496
0.087822
0.0876946
0.0875673
0.0874403
0.0873137
0.087187
0.0870607
0.0869343
0.0868083
0.0866825
0.0865568
0.0864314
0.086306
0.0861809
0.0860562
0.0859315
0.0858066
0.0856823
0.0855582
0.0854343
0.0853105
0.0851867
0.0850632
0.08494
0.0848169
0.0846942
0.0845713
0.0844488
0.0843266
0.0842042
0.0840821
0.0839606
0.0838389
0.0837174
0.0835961
0.0834751
Residual: 
0.0777992
0.0770848
0.0763875
0.0757061
0.0750398
0.0743877
0.0737489
0.0731229
0.0725089
0.0719064
0.0713149
0.0707338
0.0701626
0.069601
0.0690486
0.068505
0.0679698
0.0674429
0.0669238
0.0664123
0.0659081
0.0654111
0.064921
0.0644375
0.0639606
0.0634899
0.0630253
0.0625667
0.0621139
0.0616667
0.061225
0.0607887
0.0603576
0.0599316
0.0595106
0.0590945
0.0586832
0.0582765
0.0578744
0.0574767
0.0570835
0.0566945
0.0563098
0.0559292
0.0555526
0.05518
0.0548113
0.0544465
0.0540854
0.0537281
0.0533744
0.0530242
0.0526776
0.0523345
0.0519948
0.0516585
0.0513255
0.0509958
0.0506692
0.0503459
0.0500257
0.0497086
0.0493945
0.0490835
0.0487754
0.0484702
0.048168
0.0478685
0.047572
0.0472781
0.0469871
0.0466988
0.0464131
0.0461301
0.0458498
0.045572
0.0452968
0.0450242
0.044754
0.0444864
0.0442212
0.0439584
0.043698
0.04344
0.0431843
0.042931
0.04268
0.0424312
0.0421847
0.0419405
0.0416984
0.0414585
0.0412208
0.0409852
0.0407518
0.0405204
0.0402911
0.0400639
0.0398387
0.0396155
0.0393942
0.039175
0.0389577
0.0387423
0.0385288
0.0383173
0.0381075
0.0378996
0.0376936
0.0374894
0.0372869
0.0370862
0.0368873
0.03669
0.0364946
0.0363007
0.0361086
0.0359181
0.0357293
0.035542
0.0353564
0.0351724
0.0349899
0.0348089
0.0346295
0.0344516
0.0342752
0.0341003
0.0339268
0.0337547
0.0335841
0.0334149
0.0332471
0.0330806
0.0329155
0.0327517
0.0325893
0.0324281
0.0322683
0.0321097
0.0319524
0.0317963
0.0316414
0.0314878
0.0313353
0.0311841
0.031034
0.030885
0.0307372
0.0305905
0.0304448
0.0303003
0.0301569
0.0300145
0.0298732
0.0297329
0.0295936
0.0294554
0.0293181
0.0291818
0.0290464
0.028912
0.0287786
0.0286461
0.0285145
0.0283839
0.028254
0.0281251
0.0279971
0.0278699
0.0277436
0.0276181
0.0274934
0.0273695
0.0272464
0.0271241
0.0270026
0.0268819
0.0267619
0.0266427
0.0265242
0.0264065
0.0262895
0.0261732
0.0260576
0.0259426
0.0258284
0.0257148
0.025602
0.0254897
0.0253782
0.0252672
0.0251569
0.0250473
0.0249382
0.0248298
0.0247219
0.0246147
0.0245081
0.024402
0.0242965
0.0241916
0.0240873
0.0239835
0.0238802
0.0237776
0.0236754
0.0235738
0.0234727
0.0233721
0.0232721
0.0231726
0.0230735
0.022975
0.022877
0.0227794
0.0226824
0.0225858
0.0224897
0.0223941
0.0222989
0.0222042
0.02211
0.0220162
0.0219229
0.02183
0.0217376
0.0216456
0.021554
0.0214629
0.0213722
0.0212819
0.0211921
0.0211026
0.0210136
0.020925
0.0208368
0.020749
0.0206616
0.0205746
0.020488
0.0204018
0.020316
0.0202306
0.0201455
0.0200609
0.0199766
0.0198927
0.0198092
0.019726
0.0196433
0.0195609
0.0194788
0.0193971
0.0193158
0.0192348
0.0191542
0.019074
0.018994
0.0189145
0.0188353
0.0187564
0.0186779
0.0185997
0.0185219
0.0184444
0.0183672
0.0182904
0.0182139
0.0181377
0.0180618
0.0179863
0.0179111
0.0178362
0.0177617
0.0176874
0.0176135
0.0175399
0.0174666
0.0173936
0.0173209
0.0172485
0.0171765
0.0171047
0.0170332
0.0169621
0.0168912
0.0168206
0.0167504
0.0166804
0.0166107
0.0165413
0.0164722
0.0164033
0.0163348
0.0162665
0.0161985
0.0161308
0.0160634
0.0159962
0.0159293
0.0158627
0.0157964
0.0157303
0.0156645
0.0155989
0.0155337
0.0154686
0.0154039
0.0153394
0.0152751
0.0152111
0.0151474
0.0150839
0.0150207
0.0149577
0.0148949
0.0148324
0.0147702
0.0147081
0.0146464
0.0145848
0.0145235
0.0144624
0.0144016
0.014341
0.0142806
0.0142205
0.0141605
0.0141008
0.0140413
0.0139821
0.013923
0.0138642
0.0138056
0.0137472
0.013689
0.0136311
0.0135733
0.0135158
0.0134584
0.0134013
0.0133444
0.0132876
0.0132311
0.0131748
0.0131187
0.0130627
0.013007
0.0129515
0.0128961
0.012841
0.012786
0.0127312
0.0126766
0.0126222
0.012568
0.012514
0.0124602
0.0124065
0.012353
0.0122997
0.0122466
0.0121937
0.0121409
0.0120883
0.0120359
0.0119836
0.0119316
0.0118797
0.011828
0.0117764
0.011725
0.0116738
0.0116227
0.0115718
0.0115211
0.0114706
0.0114202
0.0113699
0.0113199
0.01127
0.0112202
0.0111707
0.0111212
0.011072
0.0110229
0.0109739
0.0109252
0.0108765
0.0108281
0.0107798
0.0107316
0.0106836
0.0106358
0.0105881
0.0105405
0.0104932
0.0104459
0.0103989
0.010352
0.0103052
0.0102586
0.0102121
0.0101658
0.0101197
0.0100737
0.0100278
0.00998216
0.00993664
0.00989123
0.00984599
0.00980093
0.009756
0.00971123
0.0096666
0.00962213
0.0095778
0.00953365
0.00948964
0.00944578
0.00940208
0.00935852
0.00931514
0.00927189
0.00922881
0.00918585
0.00914308
0.00910045
0.00905798
0.00901566
0.00897349
0.0089315
0.00888963
0.00884793
0.00880639
0.00876501
0.00872379
0.00868273
0.0086418
0.00860104
0.00856042
0.00851997
0.00847971
0.0084396
0.00839963
0.00835982
0.00832016
0.00828066
0.00824133
0.00820215
0.00816316
0.00812431
0.00808559
0.0080471
0.00800869
0.00797051
0.00793246
0.00789459
0.00785686
0.00781929
0.0077819
0.00774465
0.0077076
0.00767069
0.00763396
0.00759737
0.00756098
0.00752471
0.00748862
0.00745269
0.00741695
0.00738135
0.00734593
0.00731066
0.00727557
0.00724064
0.00720588
0.00717127
0.00713685
0.00710257
0.00706847
0.00703452
0.00700076
0.00696715
0.00693371
0.00690042
0.00686732
0.00683438
0.00680157
0.00676897
0.00673652
0.00670422
0.0066721
0.00664016
0.00660837
0.00657675
0.00654529
0.00651396
0.00648283
0.00645187
0.00642106
0.00639041
0.00635993
0.00632959
0.00629944
0.00626945
0.0062396
0.00620992
0.00618042
0.00615102
0.00612185
0.00609282
0.00606393
0.00603523
0.00600667
0.00597827
0.00595003
0.00592194
0.00589399
0.00586623
0.00583857
0.00581113
0.00578379
0.00575664
0.00572964
0.00570278
0.00567605
0.00564953
0.00562311
0.00559686
0.00557073
0.00554479
0.00551899
0.00549331
0.00546779
0.00544243
0.0054172
0.00539212
0.00536718
0.00534237
0.00531771
0.00529321
0.00526883
0.00524461
0.0052205
0.00519654
0.00517274
0.00514904
0.0051255
0.0051021
0.0050788
0.00505566
0.00503264
0.00500976
0.004987
0.00496438
0.00494192
0.00491954
0.0048973
0.00487518
0.0048532
0.00483134
0.0048096
0.00478798
0.00476651
0.00474512
0.00472387
0.00470274
0.00468174
0.00466085
0.00464008
0.00461941
0.00459886
0.00457845
0.00455814
0.00453793
0.00451783
0.00449787
0.00447801
0.00445825
0.0044386
0.00441905
0.00439961
0.00438028
0.00436106
0.00434194
0.00432294
0.00430401
0.0042852
0.00426649
0.0042479
0.00422937
0.00421098
0.00419266
0.00417446
0.00415632
0.00413831
0.00412038
0.00410256
0.00408483
0.00406716
0.00404963
0.00403216
0.00401477
0.0039975
0.00398032
0.00396322
0.00394619
0.00392927
0.00391243
0.00389566
0.00387898
0.00386241
0.00384589
0.00382948
0.00381313
0.00379689
0.00378071
0.00376462
0.00374859
0.00373267
0.00371678
0.00370101
0.00368531
0.00366971
0.00365414
0.00363866
0.00362327
0.00360793
0.00359269
0.0035775
0.0035624
0.00354736
0.00353239
0.00351749
0.0035027
0.00348794
0.00347323
0.00345863
0.00344407
0.00342959
0.00341519
0.00340084
0.00338657
0.00337236
0.00335822
0.00334414
0.00333013
0.00331617
0.00330226
0.00328843
0.00327469
0.00326096
0.00324733
0.00323375
0.00322022
0.00320676
0.00319337
0.00318003
0.00316674
0.00315352
0.00314037
0.00312725
0.00311419
0.00310122
0.0030883
0.00307541
0.00306259
0.00304984
0.00303711
0.00302445
0.00301186
0.00299929
0.00298682
0.00297437
0.002962
0.00294965
0.00293737
0.00292513
0.00291298
0.00290084
0.00288876
0.00287675
0.00286476
0.00285287
0.00284096
0.00282915
0.00281737
0.00280566
0.00279399
0.00278235
0.00277076
0.00275923
0.00274775
0.00273631
0.00272493
0.00271359
0.00270228
0.00269103
Residual: 
0.00181358
0.00172168
0.00163967
0.00156674
0.00150213
0.00144511
0.001395
0.00135117
0.00131301
0.00127998
0.00125157
0.00122731
0.00120678
0.00118962
0.00117548
0.00116407
0.00115515
0.00114848
0.00114388
0.00114121
0.00114034
0.00114116
0.00114361
0.00114763
0.00115319
0.00116028
0.00116889
0.00117904
0.00119074
0.00120403
0.00121896
0.00123556
0.00125387
0.00127397
0.00129588
0.00131965
0.00134534
0.00137299
0.00140262
0.00143427
0.00146796
0.00150371
0.00154153
0.00158142
0.00162337
0.00166738
0.00171342
0.00176146
0.00181148
0.00186343
0.00191728
0.00197298
0.00203047
0.0020897
0.00215061
0.00221314
0.00227722
0.00234279
0.00240978
0.00247811
0.00254772
0.00261854
0.00269048
0.00276348
0.00283747
0.00291236
0.00298808
0.00306456
0.00314172
0.00321949
0.00329779
0.00337655
0.00345569
0.00353515
0.00361485
0.00369471
0.00377467
0.00385466
0.0039346
0.00401443
0.00409408
0.00417348
0.00425257
0.00433128
0.00440955
0.00448732
0.00456452
0.00464108
0.00471697
0.0047921
0.00486644
0.00493991
0.00501247
0.00508406
0.00515464
0.00522414
0.00529253
0.00535974
0.00542575
0.00549049
0.00555392
0.00561601
0.00567671
0.00573599
0.0057938
0.0058501
0.00590487
0.00595806
0.00600966
0.00605962
0.00610791
0.00615451
0.0061994
0.00624255
0.00628394
0.00632354
0.00636134
0.00639732
0.00643146
0.00646375
0.00649418
0.00652273
0.0065494
0.00657418
0.00659706
0.00661805
0.00663713
0.0066543
0.00666957
0.00668295
0.00669442
0.00670401
0.00671172
0.00671756
0.00672154
0.00672366
0.00672396
0.00672244
0.00671913
0.00671404
0.00670718
0.0066986
0.0066883
0.00667633
0.0066627
0.00664744
0.00663059
0.00661217
0.00659222
0.00657079
0.0065479
0.00652358
0.00649789
0.00647087
0.00644254
0.00641297
0.00638218
0.00635023
0.00631717
0.00628305
0.0062479
0.00621179
0.00617476
0.00613686
0.00609816
0.00605869
0.00601852
0.0059777
0.00593629
0.00589433
0.0058519
0.00580904
0.00576581
0.00572226
0.00567847
0.00563447
0.00559032
0.0055461
0.00550184
0.00545761
0.00541345
0.00536944
0.00532561
0.00528201
0.00523871
0.00519576
0.00515318
0.00511105
0.0050694
0.00502828
0.00498772
0.00494777
0.00490846
0.00486985
0.00483194
0.00479478
0.0047584
0.00472281
0.00468805
0.00465414
0.00462108
0.0045889
0.00455761
0.00452722
0.00449773
0.00446914
0.00444146
0.00441468
0.00438879
0.0043638
0.00433967
0.00431641
0.00429399
0.0042724
0.0042516
0.00423159
0.00421233
0.0041938
0.00417596
0.00415879
0.00414224
0.0041263
0.00411092
0.00409607
0.00408169
0.00406779
0.00405429
0.00404117
0.00402839
0.00401591
0.00400369
0.0039917
0.0039799
0.00396825
0.00395672
0.00394527
0.00393387
0.00392248
0.00391107
0.00389962
0.00388809
0.00387645
0.00386469
0.00385276
0.00384065
0.00382834
0.0038158
0.00380302
0.00378997
0.00377664
0.00376301
0.00374908
0.00373482
0.00372023
0.0037053
0.00369002
0.00367437
0.00365837
0.00364201
0.00362527
0.00360815
0.00359068
0.00357283
0.00355462
0.00353604
0.0035171
0.00349781
0.00347817
0.00345818
0.00343788
0.00341725
0.0033963
0.00337506
0.00335352
0.00333171
0.00330963
0.00328729
0.00326472
0.00324193
0.00321893
0.00319573
0.00317235
0.00314881
0.00312513
0.00310131
0.00307738
0.00305335
0.00302924
0.00300506
0.00298084
0.00295658
0.00293231
0.00290803
0.00288377
0.00285955
0.00283537
0.00281125
0.00278721
0.00276326
0.00273942
0.0027157
0.00269211
0.00266867
0.00264538
0.00262226
0.00259933
0.00257659
0.00255404
0.00253171
0.0025096
0.00248771
0.00246606
0.00244465
0.00242349
0.00240259
0.00238194
0.00236156
0.00234144
0.00232159
0.00230201
0.00228271
0.00226368
0.00224492
0.00222644
0.00220824
0.0021903
0.00217263
0.00215523
0.0021381
0.00212122
0.0021046
0.00208824
0.00207213
0.00205625
0.00204061
0.00202521
0.00201003
0.00199507
0.00198032
0.00196578
0.00195143
0.00193728
0.00192331
0.00190952
0.0018959
0.00188244
0.00186915
0.001856
0.00184299
0.00183011
0.00181736
0.00180474
0.00179222
0.00177982
0.00176751
0.0017553
0.00174318
0.00173115
0.00171919
0.0017073
0.00169548
0.00168373
0.00167203
0.00166039
0.00164879
0.00163725
0.00162575
0.00161429
0.00160287
0.00159148
0.00158013
0.0015688
0.00155751
0.00154625
0.00153501
0.00152381
0.00151262
0.00150147
0.00149034
0.00147924
0.00146817
0.00145712
0.00144611
0.00143512
0.00142417
0.00141326
0.00140238
0.00139154
0.00138074
0.00136998
0.00135928
0.00134862
0.00133801
0.00132746
0.00131697
0.00130655
0.00129618
0.00128589
0.00127568
0.00126554
0.00125548
0.00124551
0.00123563
0.00122584
0.00121616
0.00120657
0.00119709
0.00118772
0.00117846
0.00116932
0.00116031
0.00115142
0.00114266
0.00113403
0.00112554
0.00111719
0.00110899
0.00110092
0.00109301
0.00108525
0.00107764
0.00107019
0.0010629
0.00105577
0.0010488
0.00104199
0.00103534
0.00102886
0.00102255
0.00101639
0.00101041
0.00100458
0.000998925
0.000993427
0.000988091
0.000982912
0.000977893
0.000973026
0.000968312
0.000963746
0.000959326
0.00095505
0.000950912
0.00094691
0.00094304
0.000939291
0.00093567
0.000932162
0.000928765
0.000925477
0.000922292
0.000919199
0.000916195
0.000913278
0.000910441
0.000907673
0.000904973
0.000902336
0.00089975
0.000897216
0.000894723
0.000892265
0.000889842
0.000887441
0.00088506
0.000882694
0.000880334
0.000877974
0.000875617
0.000873245
0.000870864
0.000868462
0.000866036
0.000863585
0.000861097
0.000858577
0.000856012
0.000853402
0.000850747
0.000848038
0.000845273
0.000842446
0.000839563
0.000836614
0.000833596
0.000830511
0.000827353
0.000824124
0.00082082
0.000817439
0.000813979
0.000810446
0.000806829
0.000803134
0.00079936
0.000795506
0.000791571
0.000787555
0.000783464
0.000779289
0.000775034
0.000770708
0.000766304
0.000761822
0.000757271
0.000752649
0.000747951
0.00074319
0.000738363
0.00073347
0.000728518
0.000723506
0.000718435
0.000713316
0.000708141
0.000702917
0.000697652
0.000692343
0.000686997
0.000681612
0.000676195
0.000670747
0.00066528
0.000659785
0.000654272
0.00064874
0.0006432
0.000637647
0.000632091
0.000626532
0.000620973
0.000615422
0.000609875
0.000604341
0.000598827
0.000593321
0.000587845
0.000582387
0.000576957
0.000571556
0.000566192
0.000560861
0.000555565
0.000550312
0.000545104
0.000539936
0.000534821
0.000529752
0.000524736
0.000519772
0.000514865
0.000510011
0.000505214
0.000500477
0.000495802
0.000491183
0.000486627
0.000482129
0.000477699
0.000473329
0.000469019
0.000464776
0.00046059
0.000456467
0.000452406
0.000448404
0.00044446
0.00044058
0.000436754
0.000432986
0.000429269
0.000425609
0.000422005
0.000418448
0.000414941
0.000411482
0.000408067
0.000404695
0.000401371
0.000398083
0.000394837
0.000391625
0.000388447
0.000385304
0.000382193
0.000379104
0.000376048
0.000373015
0.000370004
0.000367019
0.000364047
0.000361095
0.00035816
0.000355241
0.000352333
0.000349437
0.000346549
0.000343675
0.000340804
0.000337939
0.000335078
0.000332221
0.000329369
0.000326522
0.000323671
0.000320823
0.000317977
0.000315127
0.000312278
0.000309429
0.000306578
0.000303723
0.000300871
0.000298013
0.000295154
0.000292297
0.000289434
0.000286575
0.000283711
0.000280851
0.000277987
0.000275129
0.000272272
0.000269415
0.000266561
0.000263711
0.000260868
0.000258027
0.0002552
0.000252376
0.000249557
0.000246751
0.000243957
0.000241173
0.000238402
0.000235644
0.000232905
0.000230178
0.000227473
0.000224784
0.000222115
0.000219469
0.000216842
0.000214239
0.000211663
0.00020911
0.000206583
0.000204084
0.000201616
0.000199177
0.000196769
0.000194388
0.000192043
0.00018973
0.000187453
0.000185211
0.000183004
0.000180831
0.000178696
0.000176597
0.000174534
0.000172513
0.000170528
0.000168583
0.000166675
0.000164805
0.000162977
0.000161185
0.000159435
0.00015772
0.000156046
0.000154408
0.000152809
0.000151245
0.000149722
0.000148231
0.000146776
0.000145362
0.000143976
0.000142626
0.000141309
0.000140023
0.000138769
0.000137545
0.000136351
0.000135185
0.000134044
0.000132931
0.000131844
0.000130779
0.00012974
0.00012872
0.000127723
0.000126746
0.000125785
0.000124846
0.000123923
0.000123011
0.000122119
0.00012124
Residual: 
0.000247708
0.000234542
0.000224924
0.000217626
0.000211955
0.000207485
0.000203919
0.000201056
0.000198734
0.000196832
0.000195254
0.000193918
0.00019277
0.00019176
0.000190839
0.000189975
0.000189145
0.000188318
0.000187475
0.000186603
0.000185684
0.000184707
0.000183661
0.000182533
0.000181323
0.000180024
0.000178631
0.000177136
0.000175544
0.000173842
0.000172047
0.000170153
0.000168156
0.000166065
0.000163887
0.00016162
0.000159275
0.000156861
0.00015438
0.000151838
0.000149259
0.000146635
0.000143985
0.000141325
0.000138659
0.000135998
0.000133367
0.000130766
0.000128213
0.000125725
0.000123309
0.000120979
0.000118749
0.000116631
0.000114635
0.000112767
0.000111043
0.000109465
0.00010804
0.000106775
0.000105662
0.000104709
0.000103917
0.00010327
0.000102775
0.000102416
0.000102189
0.000102077
0.00010208
0.000102174
0.000102352
0.000102602
0.000102912
0.000103261
0.000103648
0.000104047
0.000104458
0.000104864
0.000105257
0.000105628
0.000105961
0.00010626
0.000106506
0.000106705
0.000106838
0.000106911
0.00010691
0.000106839
0.000106695
0.000106468
0.000106169
0.000105785
0.000105326
0.000104781
0.000104158
0.000103464
0.000102692
0.000101842
0.000100921
9.99342e-05
9.88747e-05
9.77591e-05
9.65803e-05
9.53466e-05
9.40601e-05
9.27267e-05
9.13466e-05
8.99306e-05
8.8479e-05
8.69982e-05
8.54915e-05
8.39687e-05
8.24236e-05
8.08758e-05
7.93132e-05
7.77532e-05
7.61972e-05
7.4649e-05
7.31112e-05
7.15927e-05
7.00969e-05
6.86242e-05
6.71781e-05
6.57714e-05
6.43917e-05
6.3055e-05
6.17562e-05
6.0504e-05
5.92995e-05
5.81381e-05
5.70239e-05
5.59624e-05
5.49487e-05
5.39815e-05
5.30647e-05
5.21941e-05
5.13767e-05
5.05975e-05
4.98622e-05
4.91719e-05
4.852e-05
4.78972e-05
4.73114e-05
4.67554e-05
4.62265e-05
4.57235e-05
4.52368e-05
4.47672e-05
4.43171e-05
4.38745e-05
4.34438e-05
4.3018e-05
4.25924e-05
4.21758e-05
4.17555e-05
4.13303e-05
4.09024e-05
4.04691e-05
4.00298e-05
3.9582e-05
3.91274e-05
3.86591e-05
3.81784e-05
3.76944e-05
3.71993e-05
3.66899e-05
3.6172e-05
3.56444e-05
3.51043e-05
3.45617e-05
3.40047e-05
3.34383e-05
3.28661e-05
3.22913e-05
3.17083e-05
3.1124e-05
3.05321e-05
2.99359e-05
2.9342e-05
2.87478e-05
2.81545e-05
2.75634e-05
2.69726e-05
2.63887e-05
2.58081e-05
2.52347e-05
2.46669e-05
2.41045e-05
2.35552e-05
2.30157e-05
2.24844e-05
2.19612e-05
2.14497e-05
2.0952e-05
2.04695e-05
1.99969e-05
1.95353e-05
1.90858e-05
1.86523e-05
1.82305e-05
1.78205e-05
1.74264e-05
1.70411e-05
1.66712e-05
1.63102e-05
1.59647e-05
1.56266e-05
1.5299e-05
1.49885e-05
1.46821e-05
1.43846e-05
1.40991e-05
1.38145e-05
1.35467e-05
1.32806e-05
1.30249e-05
1.27698e-05
1.2527e-05
1.22904e-05
1.20579e-05
1.18263e-05
1.16066e-05
1.13908e-05
1.11784e-05
1.09732e-05
1.0772e-05
1.05751e-05
1.03843e-05
1.01996e-05
1.00217e-05
9.85005e-06
9.67861e-06
9.52158e-06
9.37055e-06
9.22601e-06
9.08774e-06
8.95699e-06
8.8302e-06
8.72011e-06
8.6103e-06
8.51547e-06
8.4225e-06
8.34295e-06
8.26952e-06
8.2071e-06
8.15099e-06
8.10141e-06
8.05898e-06
8.02178e-06
7.99564e-06
7.97339e-06
7.9544e-06
7.94214e-06
7.93306e-06
7.93135e-06
7.92795e-06
7.92773e-06
7.93137e-06
7.93823e-06
7.94191e-06
7.94798e-06
7.95372e-06
7.95536e-06
7.96012e-06
7.95939e-06
7.95563e-06
7.95185e-06
7.94646e-06
7.9376e-06
7.92367e-06
7.90543e-06
7.88825e-06
7.86041e-06
7.83591e-06
7.80154e-06
7.76843e-06
7.72428e-06
7.68534e-06
7.63679e-06
7.58587e-06
7.53431e-06
7.4754e-06
7.41212e-06
7.35083e-06
7.28516e-06
7.21864e-06
7.14738e-06
7.07759e-06
7.00682e-06
6.92774e-06
6.85757e-06
6.78324e-06
6.70289e-06
6.6285e-06
6.553e-06
6.48039e-06
6.40854e-06
6.33864e-06
6.26751e-06
6.20381e-06
6.13642e-06
6.07062e-06
6.01355e-06
5.95548e-06
5.90019e-06
5.84872e-06
5.79866e-06
5.75783e-06
5.71544e-06
5.67295e-06
5.63986e-06
5.60443e-06
5.57204e-06
5.54436e-06
5.51794e-06
5.4929e-06
5.47328e-06
5.45232e-06
5.43202e-06
5.41609e-06
5.39688e-06
5.38227e-06
5.36386e-06
5.35187e-06
5.33508e-06
5.32011e-06
5.30162e-06
5.28619e-06
5.26526e-06
5.24808e-06
5.22201e-06
5.20169e-06
5.17792e-06
5.14879e-06
5.12131e-06
5.0902e-06
5.05793e-06
5.02255e-06
4.98643e-06
4.94619e-06
4.90303e-06
4.85983e-06
4.81667e-06
4.76544e-06
4.71155e-06
4.66347e-06
4.60223e-06
4.54347e-06
4.48459e-06
4.42708e-06
4.36045e-06
4.29922e-06
4.2274e-06
4.15998e-06
4.09116e-06
4.02e-06
3.94859e-06
3.87632e-06
3.80339e-06
3.73042e-06
3.65509e-06
3.57937e-06
3.50463e-06
3.43545e-06
3.35752e-06
3.28115e-06
3.2099e-06
3.13817e-06
3.06724e-06
2.99295e-06
2.92029e-06
2.85511e-06
2.78563e-06
2.71995e-06
2.65229e-06
2.59085e-06
2.52896e-06
2.46749e-06
2.41018e-06
2.35281e-06
2.3013e-06
2.24738e-06
2.20066e-06
2.15273e-06
2.10458e-06
2.05978e-06
2.02138e-06
1.98156e-06
1.9431e-06
1.90795e-06
1.87264e-06
1.83947e-06
1.81143e-06
1.77761e-06
1.7525e-06
1.72662e-06
1.69921e-06
1.67184e-06
1.64879e-06
1.62635e-06
1.6065e-06
1.58299e-06
1.55991e-06
1.54004e-06
1.51809e-06
1.4972e-06
1.47933e-06
1.45723e-06
1.43438e-06
1.41623e-06
1.3984e-06
1.37626e-06
1.353e-06
1.33309e-06
1.31485e-06
1.29339e-06
1.27437e-06
1.25284e-06
1.23104e-06
1.208e-06
1.18774e-06
1.16719e-06
1.14502e-06
1.12229e-06
1.10148e-06
1.08131e-06
1.05969e-06
1.03781e-06
1.0165e-06
9.98255e-07
9.75723e-07
9.56153e-07
9.36177e-07
9.19159e-07
8.97439e-07
8.82501e-07
8.64406e-07
8.4748e-07
8.3341e-07
8.15808e-07
8.01733e-07
7.87779e-07
7.74945e-07
7.61442e-07
7.48217e-07
7.37452e-07
7.25584e-07
7.14637e-07
7.03936e-07
6.98671e-07
6.89922e-07
6.83202e-07
6.72836e-07
6.67661e-07
6.61193e-07
6.56266e-07
6.46506e-07
6.44872e-07
6.40654e-07
6.32233e-07
6.28117e-07
6.25481e-07
6.2067e-07
6.15637e-07
6.08485e-07
6.08002e-07
6.04736e-07
5.96736e-07
5.94067e-07
5.90732e-07
5.88538e-07
5.80137e-07
5.7517e-07
5.69891e-07
5.66762e-07
5.61664e-07
5.57555e-07
5.54348e-07
5.47438e-07
5.45667e-07
5.41466e-07
5.3292e-07
5.27472e-07
5.24986e-07
5.2183e-07
5.15811e-07
5.12758e-07
5.03687e-07
4.98356e-07
4.945e-07
4.87451e-07
4.86515e-07
4.81856e-07
4.76432e-07
4.68183e-07
4.66559e-07
4.6298e-07
4.5853e-07
4.54613e-07
4.5148e-07
4.43468e-07
4.44594e-07
4.4066e-07
4.36998e-07
4.34179e-07
4.31163e-07
4.27852e-07
4.23961e-07
4.19061e-07
4.17319e-07
4.09825e-07
4.10819e-07
4.09354e-07
4.02962e-07
3.99107e-07
3.94716e-07
3.94277e-07
3.88415e-07
3.88137e-07
3.84109e-07
3.82377e-07
3.76868e-07
3.69268e-07
3.65574e-07
3.63322e-07
3.5981e-07
3.52363e-07
3.46242e-07
3.46165e-07
3.38818e-07
3.36071e-07
3.29635e-07
3.24621e-07
3.18517e-07
3.11863e-07
3.05492e-07
3.0276e-07
2.91634e-07
2.8801e-07
2.83156e-07
2.75466e-07
2.66366e-07
2.63747e-07
2.59639e-07
2.50899e-07
2.43998e-07
2.39605e-07
2.33822e-07
2.25965e-07
2.218e-07
2.13308e-07
2.06586e-07
2.07769e-07
1.96145e-07
1.90965e-07
1.86128e-07
1.81368e-07
1.7686e-07
1.72804e-07
1.66386e-07
1.60459e-07
1.57214e-07
1.53066e-07
1.48547e-07
1.47143e-07
1.43432e-07
1.43134e-07
1.34805e-07
1.34583e-07
1.31919e-07
1.30826e-07
1.304e-07
1.26948e-07
1.25756e-07
1.20987e-07
1.24491e-07
1.23244e-07
1.23115e-07
1.20259e-07
1.24896e-07
1.17005e-07
1.21028e-07
1.17201e-07
1.18966e-07
1.1652e-07
1.17332e-07
1.18453e-07
1.14762e-07
1.15808e-07
1.17179e-07
1.1533e-07
1.14278e-07
1.14069e-07
1.16351e-07
1.16183e-07
1.14541e-07
1.10576e-07
1.10516e-07
1.12692e-07
1.08025e-07
1.02792e-07
1.07379e-07
1.05066e-07
1.0418e-07
1.02034e-07
9.92441e-08
9.90343e-08
9.87487e-08
9.76988e-08
9.86785e-08
9.47512e-08
9.29608e-08
9.38445e-08
9.10168e-08
9.17474e-08
9.23821e-08
8.7898e-08
8.88122e-08
8.72309e-08
8.72914e-08
8.55652e-08
8.16279e-08
8.14382e-08
8.07944e-08
8.15189e-08
8.14452e-08
7.99558e-08
7.96914e-08
7.98008e-08
7.66995e-08
7.73649e-08
7.79555e-08
7.74891e-08
7.69984e-08
7.63292e-08
7.72127e-08
7.57268e-08
7.49503e-08
7.50226e-08
7.61852e-08
7.64028e-08
7.35046e-08
7.29704e-08
7.56161e-08
7.59211e-08
7.61393e-08
7.34396e-08
7.55211e-08
7.47661e-08
7.40587e-08
7.25817e-08
7.33669e-08
7.20466e-08
7.3772e-08
7.08174e-08
6.9704e-08
7.00476e-08
6.68133e-08
7.03199e-08
6.83365e-08
6.43648e-08
6.47031e-08
6.62881e-08
6.62819e-08
6.45577e-08
6.06498e-08
6.24563e-08
6.36119e-08
6.36756e-08
6.28493e-08
6.53277e-08
6.05587e-08
6.11422e-08
5.90869e-08
5.84933e-08
5.94962e-08
5.74227e-08
5.71538e-08
5.41718e-08
5.49019e-08
5.64547e-08
5.33272e-08
5.28014e-08
5.52738e-08
5.36517e-08
5.35351e-08
5.22314e-08
4.95598e-08
4.9925e-08
4.78053e-08
4.8321e-08
4.90671e-08
4.72586e-08
4.62499e-08
4.71294e-08
4.63797e-08
4.82568e-08
4.58771e-08
4.50135e-08
4.50292e-08
Residual: 
0.0122576
0.0100766
0.00943025
0.00897779
0.00859277
0.00825321
0.00794964
0.00767584
0.00742714
0.00719996
0.00699135
0.00679892
0.00662067
0.00645493
0.00630025
0.00615545
0.00601946
0.00589137
0.00577046
0.00565595
0.00554731
0.00544401
0.00534555
0.00525153
0.00516161
0.00507544
0.00499275
0.00491328
0.00483678
0.00476303
0.00469189
0.00462315
0.00455668
0.00449231
0.00442994
0.00436943
0.00431071
0.00425365
0.00419816
0.00414418
0.00409161
0.0040404
0.00399047
0.00394178
0.00389423
0.00384783
0.00380246
0.00375815
0.00371479
0.00367238
0.00363087
0.00359023
0.00355043
0.00351143
0.00347319
0.0034357
0.00339892
0.00336286
0.00332744
0.00329269
0.00325854
0.003225
0.00319207
0.00315969
0.00312786
0.00309657
0.0030658
0.00303552
0.00300576
0.00297644
0.00294761
0.00291918
0.00289122
0.00286369
0.00283656
0.00280984
0.0027835
0.00275758
0.00273198
0.00270678
0.00268193
0.0026574
0.00263324
0.0026094
0.00258587
0.00256268
0.00253977
0.00251718
0.00249488
0.00247287
0.00245114
0.00242968
0.00240851
0.00238761
0.00236692
0.00234652
0.0023264
0.0023065
0.00228681
0.00226738
0.00224818
0.00222921
0.00221046
0.00219193
0.00217361
0.0021555
0.0021376
0.0021199
0.0021024
0.00208509
0.002068
0.00205107
0.00203435
0.00201779
0.00200142
0.00198522
0.0019692
0.00195335
0.00193766
0.00192215
0.0019068
0.00189162
0.00187658
0.00186171
0.00184697
0.0018324
0.00181799
0.00180371
0.00178954
0.00177558
0.00176171
0.00174801
0.00173441
0.00172097
0.00170765
0.00169449
0.00168142
0.00166849
0.0016557
0.00164302
0.00163045
0.00161802
0.0016057
0.00159351
0.00158141
0.00156944
0.00155759
0.00154583
0.00153419
0.00152266
0.00151125
0.00149989
0.0014887
0.00147757
0.00146656
0.00145566
0.00144485
0.00143412
0.0014235
0.00141296
0.00140253
0.00139221
0.00138195
0.00137181
0.00136176
0.00135176
0.00134187
0.00133209
0.00132236
0.00131272
0.00130318
0.00129372
0.00128433
0.00127503
0.00126579
0.00125668
0.00124758
0.0012386
0.00122969
0.00122086
0.00121207
0.00120338
0.00119479
0.00118623
0.00117774
0.00116934
0.00116101
0.00115275
0.00114454
0.00113642
0.00112835
0.00112036
0.00111244
0.00110456
0.00109675
0.00108901
0.00108133
0.00107373
0.00106618
0.00105868
0.00105126
0.00104387
0.00103657
0.00102929
0.0010221
0.00101498
0.00100787
0.00100087
0.000993875
0.000986946
0.0009801
0.000973288
0.000966543
0.000959829
0.000953173
0.000946586
0.000940045
0.000933536
0.000927098
0.000920701
0.000914376
0.000908053
0.000901838
0.000895626
0.000889472
0.000883376
0.000877349
0.000871321
0.000865378
0.000859472
0.000853601
0.000847804
0.000842036
0.000836283
0.000830608
0.00082498
0.000819402
0.000813846
0.000808359
0.000802855
0.00079746
0.00079208
0.000786787
0.000781481
0.000776226
0.000771022
0.000765873
0.00076074
0.000755651
0.000750648
0.000745619
0.000740667
0.000735751
0.000730855
0.000726027
0.000721235
0.00071647
0.000711745
0.000707044
0.000702405
0.000697785
0.000693223
0.000688674
0.000684172
0.000679722
0.000675292
0.000670904
0.000666549
0.000662233
0.000657957
0.000653694
0.000649475
0.000645308
0.000641166
0.000637062
0.000632969
0.000628915
0.000624893
0.000620922
0.000616964
0.00061305
0.000609178
0.00060534
0.000601499
0.000597705
0.000593942
0.000590224
0.000586536
0.00058285
0.000579216
0.000575608
0.000572047
0.000568492
0.000564969
0.000561476
0.000557991
0.000554571
0.000551138
0.000547764
0.000544412
0.000541079
0.000537804
0.000534501
0.000531247
0.000528026
0.000524827
0.000521656
0.000518506
0.0005154
0.000512298
0.000509194
0.000506184
0.000503143
0.000500122
0.000497156
0.000494197
0.000491293
0.000488371
0.000485472
0.000482606
0.000479773
0.000476958
0.000474166
0.00047139
0.000468625
0.000465893
0.000463194
0.000460488
0.000457813
0.000455167
0.000452529
0.000449941
0.000447357
0.00044476
0.000442188
0.000439676
0.000437156
0.000434656
0.000432195
0.000429743
0.000427278
0.000424862
0.000422454
0.000420068
0.00041771
0.000415344
0.000413027
0.000410686
0.000408391
0.000406135
0.00040385
0.000401581
0.000399372
0.000397129
0.000394941
0.000392749
0.000390591
0.000388441
0.000386293
0.000384173
0.000382062
0.000379967
0.000377884
0.000375816
0.000373749
0.000371743
0.000369713
0.000367732
0.000365712
0.000363759
0.000361775
0.000359805
0.000357873
0.000355965
0.000354057
0.000352177
0.000350271
0.000348393
0.00034654
0.00034469
0.000342862
0.000341035
0.000339231
0.000337446
0.000335647
0.000333885
0.000332107
0.000330392
0.000328636
0.00032691
0.000325182
0.000323499
0.000321819
0.000320139
0.000318484
0.000316827
0.000315161
0.000313548
0.000311902
0.000310298
0.000308679
0.00030709
0.000305464
0.000303935
0.000302405
0.000300834
0.000299287
0.000297751
0.000296218
0.00029472
0.000293226
0.000291723
0.000290245
0.000288749
0.000287291
0.000285833
0.000284383
0.000282967
0.000281528
0.000280113
0.000278687
0.000277294
0.000275927
0.000274509
0.000273153
0.000271778
0.000270409
0.000269049
0.000267696
0.000266375
0.000265053
0.000263732
0.000262413
0.0002611
0.000259812
0.00025854
0.000257278
0.000255983
0.000254724
0.000253435
0.000252216
0.000250955
0.000249743
0.000248492
0.000247312
0.000246077
0.000244853
0.000243666
0.000242468
0.000241303
0.00024009
0.000238926
0.000237759
0.000236613
0.000235462
0.000234308
0.000233166
0.000232027
0.000230911
0.000229784
0.000228664
0.000227568
0.000226469
0.00022538
0.000224286
0.0002232
0.000222109
0.000221034
0.000219964
0.00021889
0.000217866
0.000216805
0.000215785
0.000214709
0.000213684
0.000212656
0.000211652
0.00021064
0.000209622
0.000208596
0.000207592
0.000206594
0.000205618
0.000204617
0.00020365
0.000202683
0.000201697
0.000200746
0.000199769
0.000198811
0.000197874
0.000196927
0.000195996
0.00019503
0.000194109
0.000193184
0.000192243
0.000191351
0.000190437
0.000189519
0.000188625
0.000187724
0.000186831
0.000185922
0.000185039
0.000184146
0.000183278
0.0001824
0.000181513
0.000180678
0.000179799
0.000178959
0.000178103
0.000177247
0.000176405
0.000175548
0.00017471
0.00017387
0.000173054
0.000172222
0.000171416
0.000170591
0.000169773
0.000168964
0.000168151
0.000167346
0.000166541
0.000165741
0.000164963
0.000164166
0.000163359
0.000162578
0.000161793
0.000160999
0.000160264
0.000159505
0.000158704
0.000157958
0.000157202
0.000156443
0.000155672
0.000154939
0.000154184
0.000153441
0.000152731
0.000151989
0.000151242
0.000150512
0.000149773
0.000149054
0.000148342
0.000147588
0.000146878
0.000146189
0.000145467
0.000144788
0.000144067
0.000143377
0.000142665
0.000141986
0.000141282
0.000140602
0.000139908
0.000139198
0.000138536
0.000137841
0.000137189
0.000136513
0.000135824
0.000135173
0.000134503
0.000133845
0.000133184
0.000132534
0.000131852
0.000131213
0.000130573
0.000129924
0.000129286
0.000128644
0.00012801
0.000127363
0.000126734
0.000126077
0.000125488
0.000124851
0.00012423
0.000123602
0.000123001
0.000122367
0.000121765
0.00012114
0.000120532
0.000119939
0.000119316
0.000118711
0.000118116
0.000117518
0.00011694
0.000116325
0.000115764
0.00011515
0.000114561
0.000114002
0.000113403
0.000112823
0.000112256
0.000111678
0.000111098
0.000110528
0.000109951
0.000109417
0.000108826
0.000108266
0.000107724
0.000107142
0.000106598
0.000106066
0.000105502
0.000104954
0.000104393
0.000103849
0.000103302
0.000102763
0.000102232
0.000101708
0.000101153
0.000100643
0.000100114
9.95681e-05
9.90179e-05
9.85258e-05
9.8004e-05
9.74934e-05
9.69842e-05
9.64674e-05
9.59165e-05
9.54289e-05
9.49008e-05
9.44064e-05
9.38913e-05
9.34111e-05
9.2897e-05
9.24164e-05
9.19083e-05
9.14163e-05
9.09194e-05
9.04255e-05
8.99285e-05
8.94515e-05
8.89572e-05
8.84827e-05
8.80011e-05
8.75065e-05
8.70491e-05
8.65672e-05
8.60767e-05
8.56327e-05
8.51425e-05
8.46834e-05
8.42192e-05
8.37329e-05
8.32787e-05
8.28195e-05
8.23851e-05
8.19251e-05
8.14717e-05
8.0976e-05
8.05495e-05
8.01102e-05
7.96522e-05
7.92171e-05
7.87836e-05
7.83478e-05
7.78877e-05
7.74512e-05
7.70039e-05
7.65678e-05
7.61264e-05
7.57255e-05
7.52983e-05
7.48671e-05
7.44244e-05
7.40203e-05
7.35823e-05
7.31629e-05
7.2759e-05
7.23386e-05
7.18943e-05
7.14996e-05
7.11219e-05
7.06902e-05
7.02771e-05
6.9861e-05
6.94694e-05
6.90494e-05
6.86682e-05
6.8294e-05
6.78731e-05
6.74515e-05
Residual: 
0.146406
0.144338
0.143079
0.142096
0.141225
0.140406
0.139618
0.13885
0.138099
0.137362
0.136636
0.135922
0.135218
0.134524
0.133838
0.133161
0.132492
0.13183
0.131176
0.130529
0.129889
0.129256
0.128629
0.128009
0.127395
0.126787
0.126185
0.125589
0.124998
0.124413
0.123834
0.12326
0.122692
0.122129
0.121571
0.121018
0.12047
0.119927
0.119389
0.118856
0.118328
0.117804
0.117285
0.116771
0.116261
0.115755
0.115254
0.114757
0.114265
0.113776
0.113292
0.112812
0.112336
0.111864
0.111396
0.110932
0.110472
0.110015
0.109562
0.109113
0.108668
0.108226
0.107788
0.107353
0.106922
0.106494
0.10607
0.105649
0.105232
0.104817
0.104406
0.103999
0.103594
0.103192
0.102794
0.102399
0.102006
0.101617
0.101231
0.100847
0.100467
0.100089
0.0997143
0.0993423
0.0989731
0.0986066
0.0982427
0.0978815
0.0975232
0.0971673
0.096814
0.0964633
0.0961153
0.0957695
0.0954265
0.0950858
0.0947477
0.0944119
0.0940783
0.0937472
0.0934184
0.0930919
0.0927679
0.0924461
0.0921264
0.0918089
0.0914937
0.0911805
0.0908695
0.0905608
0.0902541
0.0899494
0.0896469
0.0893464
0.089048
0.0887516
0.0884571
0.0881645
0.0878738
0.0875852
0.0872985
0.0870138
0.0867307
0.0864495
0.0861702
0.0858928
0.085617
0.0853431
0.085071
0.0848006
0.0845319
0.0842652
0.0839998
0.0837364
0.0834744
0.0832141
0.0829556
0.0826986
0.0824431
0.0821893
0.0819371
0.0816864
0.0814373
0.0811897
0.0809436
0.0806991
0.0804559
0.0802143
0.0799742
0.0797356
0.0794983
0.0792623
0.0790281
0.0787948
0.0785631
0.0783329
0.0781038
0.0778763
0.0776499
0.077425
0.0772014
0.0769788
0.076758
0.0765381
0.0763196
0.0761024
0.0758862
0.0756715
0.0754579
0.0752454
0.0750343
0.0748242
0.0746155
0.0744076
0.0742011
0.0739958
0.0737914
0.0735882
0.0733863
0.0731852
0.0729856
0.0727867
0.0725891
0.0723924
0.0721967
0.0720023
0.0718089
0.0716163
0.071425
0.0712344
0.0710451
0.0708565
0.0706694
0.0704829
0.0702972
0.0701127
0.0699291
0.0697465
0.0695649
0.0693839
0.0692043
0.0690254
0.0688472
0.0686699
0.0684938
0.0683185
0.0681438
0.0679701
0.0677975
0.0676256
0.0674544
0.0672844
0.0671148
0.0669465
0.0667787
0.0666118
0.0664455
0.0662802
0.0661155
0.0659519
0.0657892
0.0656267
0.0654657
0.0653048
0.0651449
0.0649857
0.0648273
0.06467
0.0645128
0.0643565
0.0642012
0.0640465
0.0638925
0.0637389
0.0635866
0.0634346
0.0632834
0.0631326
0.062983
0.0628338
0.0626851
0.0625376
0.0623903
0.0622439
0.062098
0.0619526
0.0618081
0.0616642
0.0615207
0.0613784
0.061236
0.0610947
0.0609538
0.0608137
0.0606741
0.0605352
0.0603968
0.0602589
0.0601219
0.0599851
0.0598492
0.0597137
0.0595789
0.0594447
0.0593109
0.0591777
0.0590452
0.0589131
0.0587817
0.0586509
0.0585204
0.0583905
0.0582611
0.0581322
0.0580041
0.0578766
0.0577493
0.0576225
0.0574964
0.0573708
0.0572459
0.0571213
0.0569973
0.0568736
0.0567506
0.0566279
0.0565058
0.0563841
0.0562629
0.0561424
0.0560225
0.055903
0.0557836
0.0556648
0.0555467
0.0554288
0.0553117
0.0551947
0.0550785
0.0549624
0.0548469
0.054732
0.0546174
0.0545033
0.0543895
0.0542761
0.0541634
0.0540513
0.0539393
0.0538278
0.053717
0.0536061
0.0534961
0.0533863
0.0532769
0.053168
0.0530593
0.0529512
0.0528437
0.0527364
0.0526294
0.0525229
0.0524171
0.0523112
0.052206
0.0521012
0.0519967
0.0518927
0.051789
0.0516857
0.0515826
0.0514801
0.0513781
0.0512759
0.0511747
0.0510739
0.050973
0.0508727
0.0507727
0.0506734
0.0505739
0.0504754
0.0503767
0.0502787
0.0501809
0.0500835
0.0499864
0.0498899
0.0497934
0.0496976
0.0496018
0.0495066
0.0494115
0.049317
0.0492228
0.0491288
0.0490352
0.0489418
0.0488489
0.0487562
0.048664
0.0485723
0.0484803
0.0483891
0.0482979
0.0482075
0.0481172
0.048027
0.0479371
0.0478479
0.0477589
0.0476699
0.0475817
0.0474933
0.0474057
0.0473179
0.0472307
0.0471439
0.0470572
0.0469708
0.0468847
0.046799
0.0467134
0.0466283
0.0465433
0.0464585
0.0463743
0.0462903
0.0462063
0.0461229
0.04604
0.0459568
0.0458741
0.045792
0.0457099
0.045628
0.0455463
0.0454651
0.0453842
0.0453031
0.0452229
0.0451424
0.0450628
0.0449826
0.0449034
0.0448243
0.0447453
0.0446668
0.0445882
0.0445101
0.044432
0.0443545
0.0442769
0.0441998
0.0441231
0.0440464
0.0439699
0.0438935
0.0438177
0.043742
0.0436665
0.0435912
0.0435164
0.0434415
0.0433668
0.0432925
0.0432186
0.0431445
0.043071
0.0429974
0.0429244
0.0428515
0.0427788
0.0427063
0.0426336
0.0425617
0.0424899
0.042418
0.0423467
0.0422755
0.0422045
0.0421335
0.0420633
0.0419928
0.0419226
0.0418524
0.0417829
0.0417133
0.041644
0.0415747
0.0415058
0.0414369
0.0413685
0.0413001
0.041232
0.0411641
0.0410964
0.0410286
0.0409613
0.0408942
0.040827
0.04076
0.0406934
0.0406271
0.040561
0.0404949
0.0404289
0.0403632
0.0402977
0.040232
0.040167
0.0401025
0.0400374
0.0399727
0.0399082
0.0398439
0.0397799
0.0397158
0.0396519
0.0395883
0.039525
0.0394618
0.0393983
0.0393356
0.0392727
0.0392103
0.0391477
0.0390855
0.0390232
0.0389611
0.0388996
0.0388379
0.0387766
0.0387148
0.0386539
0.038593
0.0385322
0.0384713
0.0384105
0.0383503
0.0382901
0.03823
0.0381701
0.0381102
0.0380506
0.0379911
0.0379315
0.0378723
0.0378134
0.0377544
0.0376957
0.037637
0.0375785
0.0375203
0.0374618
0.0374035
0.037346
0.0372881
0.0372305
0.0371728
0.0371153
0.0370581
0.0370009
0.0369441
0.0368871
0.0368304
0.0367738
0.0367176
0.036661
0.0366048
0.0365487
0.0364928
0.036437
0.0363813
0.0363255
0.0362702
0.0362146
0.0361597
0.0361046
0.0360498
0.0359948
0.0359401
0.0358854
0.035831
0.0357766
0.0357225
0.0356685
0.0356143
0.0355605
0.0355067
0.035453
0.0353994
0.035346
0.0352927
0.0352394
0.0351864
0.0351334
0.0350806
0.0350278
0.0349753
0.0349227
0.0348703
0.0348178
0.0347657
0.0347136
0.0346619
0.0346099
0.0345581
0.034506
0.0344546
0.0344033
0.034352
0.0343007
0.0342496
0.0341987
0.0341476
0.0340969
0.0340463
0.0339955
0.0339449
0.0338944
0.0338444
0.0337939
0.0337438
0.0336937
0.0336439
0.0335941
0.0335443
0.0334949
0.0334449
0.0333956
0.0333464
0.033297
0.033248
0.0331989
0.0331498
0.033101
0.0330524
0.0330035
0.0329552
0.0329065
0.0328579
0.0328096
0.0327615
0.0327133
0.0326652
0.0326172
0.0325692
0.0325215
0.0324741
0.0324261
0.0323788
0.0323313
0.0322839
0.0322366
0.0321896
0.0321426
0.0320956
0.0320486
0.0320017
0.0319548
0.0319082
0.0318617
0.0318153
0.0317686
0.0317224
0.0316762
0.03163
0.0315838
0.031538
0.0314919
0.0314461
0.0314004
0.0313547
0.0313088
0.0312636
0.031218
0.0311729
0.0311275
0.0310824
0.0310373
0.0309919
0.030947
0.0309022
0.0308575
0.0308127
0.030768
0.0307231
0.0306791
0.0306346
0.03059
0.0305457
0.0305016
0.0304574
0.0304132
0.0303692
0.0303252
0.0302813
0.0302378
0.0301941
0.0301503
0.0301067
0.0300632
0.0300201
0.0299767
0.0299335
0.0298903
0.0298471
0.0298039
0.0297609
0.029718
0.0296751
0.0296325
0.0295897
0.029547
0.0295045
0.0294621
0.0294197
0.0293772
0.029335
0.0292926
0.0292503
0.0292083
0.0291662
0.0291244
0.0290825
0.0290408
0.0289991
0.0289573
0.0289157
0.0288739
0.0288323
0.0287908
0.0287497
0.0287083
0.028667
0.028626
0.0285847
0.0285437
0.0285024
