0.09802000000000001
0.0955279
0.0930505
0.0905864
0.08813610000000001
0.0856985
0.0832677
0.0808298
0.07835650000000001
0.0757941
0.0730503
0.06998639999999999
0.066447
0.06238540000000001
0.05814830000000001
0.054861900000000005
0.0510921
0.046937599999999996
0.0426106
0.0383366
0.0343366
0.030795999999999997
0.0278334
0.025485400000000002
0.0237108
0.0224158
0.0214928
0.020861599999999998
0.020503900000000002
0.0204893
0.021013999999999998
0.0231012
0.0245282
0.025619599999999996
0.026481099999999997
0.0271649
0.0277031
0.028117900000000005
0.0284262
0.028641000000000003
0.028773000000000003
0.0288312
0.028822900000000005
0.0287548
0.028632400000000002
0.0284608
0.0282445
0.0279875
0.027693400000000003
0.0273656
0.027007
0.0266205
0.0262085
0.025773200000000003
0.0253167
0.0248407
0.0243468
0.0238363
0.023310499999999998
0.022770500000000003
0.022217599999999997
0.021652900000000003
0.0210777
0.020493599999999997
0.019902200000000002
0.0193054
0.0187051
0.0181033
0.0175021
0.0169032
0.016308600000000003
0.0157195
0.015137200000000002
0.014562700000000001
0.0139963
0.013438499999999999
0.0128892
0.012348200000000002
0.0118155
0.011290600000000001
0.010773600000000001
0.0102644
0.00976347
0.00927133
0.00878883
0.00831698
0.00785691
0.00740974
0.00697648
0.006557899999999999
0.00615448
0.00576633
0.0053932
0.00503448
0.00468929
0.00435653
0.00403503
0.00372361
0.0034211999999999997
0.00312695
0.00284028
0.00256096
0.00228909
0.00202512
0.00176981
0.00152419
0.00128944
0.00106684
0.000857635
0.000662942
0.000483652
0.000320363
0.000173333
4.2466400000000004e-05
-7.26662e-05
-0.000172781
-0.00025881900000000003
-0.000331864
-0.000393073
-0.000443598
-0.00048453099999999996
-0.000516858
-0.0005414209999999999
-0.000558895
-0.000569773
-0.000574352
-0.0005727309999999999
-0.000564804
2.40243e-22
