0.09802000000000001
0.09381030000000001
0.0895782
0.08518400000000001
0.0802832
0.0743443
0.06692580000000001
0.058074
0.0484567
0.03906180000000001
0.0307584
0.0240882
0.0192768
0.016269799999999997
0.014761700000000003
0.014256399999999999
0.014162799999999998
0.013973300000000001
0.013479
0.0128
0.012174299999999999
0.0117343
0.0114523
0.0112176
0.0109589
0.0107344
0.0106803
0.0108256
0.011001299999999999
0.0109984
0.0107955
0.010580500000000001
0.010554899999999999
0.0107186
0.0108067
0.010427200000000001
0.00933893
0.00767503
0.00588056
0.0043851
0.00333684
0.00265304
0.00225792
0.00218095
0.00240911
0.00274033
0.00289099
0.00274656
0.00244349
0.00220294
0.00213408
0.00221592
0.00242173
0.00278875
0.00332802
0.00389291
0.00421135
0.00410522
0.0036599000000000002
0.0031232
0.002641
0.00213372
0.00140846
0.00034956300000000005
-0.00094998
-0.00217801
-0.0029623
-0.00312626
-0.0028250999999999997
-0.002425
-0.00222859
-0.00228638
-0.00243568
-0.00248148
-0.0023271
-0.00197364
-0.00144654
-0.00074306
0.000134874
0.00108851
0.00190501
0.00238019
0.00244962
0.00219918
0.00181049
0.0015307
0.00160953
0.00214077
0.00296145
0.0037911999999999998
0.00446734
0.00496375
0.0051924
0.00491762
0.00396574
0.00249389
0.00097087
-0.000142542
-0.0006968
-0.000870306
-0.000937333
-0.0010271
-0.00106122
-0.000897094
-0.000551217
-0.000283872
-0.00042658400000000003
-0.00108634
-0.0020084
-0.00275768
-0.00308037
-0.00309887
-0.00312107
-0.00326248
-0.00331762
-0.00300644
-0.00226545
-0.00126724
-0.00021790900000000002
0.000805652
0.00182874
0.00284315
0.00371629
0.00421529
0.00414613
0.00352267
0.00260399
0.00176434
-1.1782700000000001e-18
