0.0980542
0.0940585
0.09004060000000001
0.0858765
0.081206
0.0753875
0.0680894
0.0590068
0.0491587
0.03854880000000001
0.0290304
0.018037400000000002
0.00890319
0.000448592
-0.00650711
-0.00980945
-0.012700200000000002
-0.0120192
-0.0116432
-0.00898945
-0.00628233
-0.0029948
0.00045074199999999996
0.00263778
0.00480083
0.00612537
0.00762016
0.00839917
0.00920862
0.00878793
0.00816719
0.00568828
0.00339867
-0.0006884139999999999
-0.00485103
-0.00796928
-0.0117962
-0.0137982
-0.015930700000000002
-0.015470600000000001
-0.014563399999999999
-0.012324600000000002
-0.00979717
-0.00808517
-0.00606803
-0.00457317
-0.00325886
-0.0027163
-0.00233239
-0.00243638
-0.00236868
-0.00319568
-0.0038986999999999993
-0.00664173
-0.00921249
-0.0113472
-0.0137284
-0.014731799999999998
-0.0160744
-0.0153334
-0.014537799999999998
-0.012631299999999998
-0.010942799999999999
-0.0101289
-0.00955554
-0.00958627
-0.00917327
-0.00860579
-0.00757318
-0.00687501
-0.00638054
-0.00674713
-0.00720525
-0.00894395
-0.0104825
-0.0120962
-0.0135363
-0.0138243
-0.013937799999999998
-0.0126315
-0.0114624
-0.00947434
-0.00789207
-0.00647703
-0.00520026
-0.00446153
-0.00336419
-0.0021073
-0.0005609619999999999
0.000644481
0.00169632
0.0021075
0.00225093
0.00105673
-0.000814571
-0.00408988
-0.00741634
-0.00964744
-0.0113194
-0.0114826
-0.011539399999999998
-0.0106328
-0.00967057
-0.00824827
-0.00664421
-0.00555882
-0.00488349
-0.00498541
-0.00534964
-0.00573139
-0.00568656
-0.00558224
-0.00548161
-0.0059215000000000005
-0.00627513
-0.00709958
-0.00749421
-0.0075565
-0.00756766
-0.00677449
-0.00598179
-0.00428394
-0.00272735
-0.00135495
-0.00055071
-0.00048817099999999997
-0.000720852
0.000123991
4.415479999999999e-05
