-0.7713786233947788
-1.535281122608523
-2.2843887655482185
-3.0115402122088755
-3.709731514673523
-4.372116117113215
-4.992398336007078
-5.564675968054296
-6.083282898086084
-6.543339971373769
-6.940361513408726
-7.270570114078436
-7.530739235578451
-7.718429300544432
-7.831672907876107
-7.869604401089358
-7.831672907876107
-7.718429300544432
-7.530739235578451
-7.270570114078436
-6.940361513408726
-6.543339971373769
-6.083282898086084
-5.564675968054296
-4.992398336007078
-4.372116117113215
-3.709731514673523
-3.0115402122088755
-2.2843887655482185
-1.535281122608523
-0.7713786233947788
-0.7497948169698149
-1.4923226978437176
-2.22046969465413
-2.927274847561811
-3.6059301848558527
-4.249780722953684
-4.852706936721902
-5.408971771347947
-5.913067654211758
-6.360251953334952
-6.746164507059978
-7.067133600306801
-7.320022976444548
-7.502461319484031
-7.612536277821059
-7.649406416749795
-7.612536277821059
-7.502461319484031
-7.320022976444548
-7.067133600306801
-6.746164507059978
-6.360251953334952
-5.913067654211758
-5.408971771347947
-4.852706936721902
-4.249780722953684
-3.6059301848558527
-2.927274847561811
-2.22046969465413
-1.4923226978437176
-0.7497948169698149
-0.7285133288646616
-1.4499659796797268
-2.157445920249275
-2.844189764231062
-3.503582771136518
-4.12915884633075
-4.714972155666728
-5.255448479631615
-5.745236567493084
-6.179728397787189
-6.554687563684169
-6.866546564695812
-7.112258160821764
-7.28951834133005
-7.396469033049724
-7.43229268378557
-7.396469033049724
-7.28951834133005
-7.112258160821764
-6.866546564695812
-6.554687563684169
-6.179728397787189
-5.745236567493084
-5.255448479631615
-4.714972155666728
-4.12915884633075
-3.503582771136518
-2.844189764231062
-2.157445920249275
-1.4499659796797268
-0.7285133288646616
-0.7075341590793194
-1.4082109681165522
-2.0953174423336547
-2.7622849622166292
-3.402689273515519
-4.010250487244415
-4.579193992841558
-5.104106092905301
-5.579789637930062
-6.00176930473048
-6.365930683281304
-6.6688090072454775
-6.907444788710099
-7.079600366082491
-7.183471173562101
-7.218263202196689
-7.183471173562101
-7.079600366082491
-6.907444788710099
-6.6688090072454775
-6.365930683281304
-6.00176930473048
-5.579789637930062
-5.104106092905301
-4.579193992841558
-4.010250487244415
-3.402689273515519
-2.7622849622166292
-2.0953174423336547
-1.4082109681165522
-0.7075341590793194
-0.6868573076137878
-1.367057663154192
-2.0340842609072673
-2.6815604415185104
-3.3032496919928547
-3.8930556456946763
-4.445372448246388
-4.954944611169002
-5.416726865522691
-5.826374674164827
-6.179893865851376
-6.47392092795579
-6.705582860109552
-6.87270739374135
-6.973542699358187
-7.007317971983145
-6.973542699358187
-6.87270739374135
-6.705582860109552
-6.47392092795579
-6.179893865851376
-5.826374674164827
-5.416726865522691
-4.954944611169002
-4.445372448246388
-3.8930556456946763
-3.3032496919928547
-2.6815604415185104
-2.0340842609072673
-1.367057663154192
-0.6868573076137878
-0.6664827744680674
-1.326506064792647
-1.9737463759701144
-2.602016202136707
-3.2052640265685266
-3.777574321681536
-4.31350752188122
-4.807964034422721
-5.256048250270972
-5.653544506090226
-5.996577111394389
-6.281882326826752
-6.506672375020122
-6.668839424306629
-6.766683610437983
-6.799456993144943
-6.766683610437983
-6.668839424306629
-6.506672375020122
-6.281882326826752
-5.996577111394389
-5.653544506090226
-5.256048250270972
-4.807964034422721
-4.31350752188122
-3.777574321681536
-3.2052640265685266
-2.602016202136707
-1.9737463759701144
-1.326506064792647
-0.6664827744680674
-0.6464105596421578
-1.2865561730319175
-1.9143037875221947
-2.5236522440712195
-3.1087322772425336
-3.6638065152049943
-4.1835992137460565
-4.663164362666457
-5.097753792174906
-5.483278800506681
-5.815980419910343
-6.092693203858362
-6.310713333441813
-6.46799645777833
-6.562893906801494
-6.594680265682083
-6.562893906801494
-6.46799645777833
-6.310713333441813
-6.092693203858362
-5.815980419910343
-5.483278800506681
-5.097753792174906
-4.663164362666457
-4.1835992137460565
-3.6638065152049943
-3.1087322772425336
-2.5236522440712195
-1.9143037875221947
-1.2865561730319175
-0.6464105596421578
-0.6266406631360589
-1.247207987872003
-1.855756495563509
-2.446468567322047
-3.0136544440148763
-3.5517522262650507
-4.055647523840894
-4.52054559590021
-4.941843491234492
-5.31557755741419
-5.638103791399235
-5.906353559050624
-6.117705735374619
-6.270178494156449
-6.362173588448714
-6.392987789594561
-6.362173588448714
-6.270178494156449
-6.117705735374619
-5.906353559050624
-5.638103791399235
-5.31557755741419
-4.941843491234492
-4.52054559590021
-4.055647523840894
-3.5517522262650507
-3.0136544440148763
-2.446468567322047
-1.855756495563509
-1.247207987872003
-0.6266406631360589
-0.6071730849497708
-1.2084615093129036
-1.7981045000940572
-2.3704651718891894
-2.9200305268855544
-3.4414114548617043
-3.9296524521657332
-4.38010773412398
-4.788317347449729
-5.150440776812753
-5.462947225861069
-5.722863392403534
-5.927649580818545
-6.07538553344099
-6.164522655379647
-6.1943795648823805
-6.164522655379647
-6.07538553344099
-5.927649580818545
-5.722863392403534
-5.462947225861069
-5.150440776812753
-4.788317347449729
-4.38010773412398
-3.9296524521657332
-3.4414114548617043
-2.9200305268855544
-2.3704651718891894
-1.7981045000940572
-1.2084615093129036
-0.6071730849497708
-0.5880078250832936
-1.1703167373546193
-1.741347801113839
-2.295642057772647
-2.827860525854567
-3.332784200994955
-3.805613998720574
-4.241850777337766
-4.637175360820617
-4.987868458702369
-5.290510723295842
-5.542222703917093
-5.740544869773588
-5.88361757563195
-5.969941107594289
-5.998855591545539
-5.969941107594289
-5.88361757563195
-5.740544869773588
-5.542222703917093
-5.290510723295842
-4.987868458702369
-4.637175360820617
-4.241850777337766
-3.805613998720574
-3.332784200994955
-2.827860525854567
-2.295642057772647
-1.741347801113839
-1.1703167373546193
-0.5880078250832936
-0.5691448835366275
-1.1327736719971504
-1.6854863986228552
-2.2219992249724205
-2.7371444409219166
-3.225870464664805
-3.683532163505419
-4.10577472554157
-4.488417531347158
-4.8278606030830415
-5.120794283703557
-5.364431493591303
-5.556391602239751
-5.694874620729331
-5.778428945092644
-5.80641586958404
-5.778428945092644
-5.694874620729331
-5.556391602239751
-5.364431493591303
-5.120794283703557
-4.8278606030830415
-4.488417531347158
-4.10577472554157
-3.683532163505419
-3.225870464664805
-2.7371444409219166
-2.2219992249724205
-1.6854863986228552
-1.1327736719971504
-0.5691448835366275
-0.5505842603097723
-1.0958323132404966
-1.6305202926211049
-2.1495366734885093
-2.647882272087601
-3.1206702458712527
-3.5634069465202662
-3.9718795787353915
-4.342043859029352
-4.670417209954769
-4.953797907084211
-5.189489761426162
-5.375189778217032
-5.509156668733132
-5.589986167874711
-5.6170603989978805
-5.589986167874711
-5.509156668733132
-5.375189778217032
-5.189489761426162
-4.953797907084211
-4.670417209954769
-4.342043859029352
-3.9718795787353915
-3.5634069465202662
-3.1206702458712527
-2.647882272087601
-2.1495366734885093
-1.6305202926211049
-1.0958323132404966
-0.5505842603097723
-0.5323259554027276
-1.0594926610846576
-1.5764494831085878
-2.0782544033209125
-2.56007401935162
-3.017183544614297
-3.4452383477651125
-3.8401653369192283
-4.198054343867195
-4.515538279317547
-4.789521593437804
-5.017397507421669
-5.196939397705429
-5.3264637196433515
-5.404612775940486
-5.43078917978706
-5.404612775940486
-5.3264637196433515
-5.196939397705429
-5.017397507421669
-4.789521593437804
-4.515538279317547
-4.198054343867195
-3.8401653369192283
-3.4452383477651125
-3.017183544614297
-2.56007401935162
-2.0782544033209125
-1.5764494831085878
-1.0594926610846576
-0.5323259554027276
-0.5143699688154941
-1.0237547155296345
-1.5232739700853053
-2.008152414469632
-2.473719682713976
-2.915410360893941
-3.329026367239965
-3.710632000093084
-4.056448985860693
-4.363223811171382
-4.62796534276434
-4.848154731577829
-5.021640460704948
-5.146795773459993
-5.222308769289977
-5.247602211951583
-5.222308769289977
-5.146795773459993
-5.021640460704948
-4.848154731577829
-4.62796534276434
-4.363223811171382
-4.056448985860693
-3.710632000093084
-3.329026367239965
-2.915410360893941
-2.473719682713976
-2.008152414469632
-1.5232739700853053
-1.0237547155296345
-0.5143699688154941
-0.49671630054807125
-0.9886184765754258
-1.4709937535512563
-1.9392307069346657
-2.3888192621746667
-2.8153506947101814
-3.214771004944817
-3.5832795682569545
-3.917227785009841
-4.213473805516271
-4.469129155063815
-4.681761433894635
-4.8492929672155825
-4.9701528301830535
-5.043074147923175
-5.067499495491443
-5.043074147923175
-4.9701528301830535
-4.8492929672155825
-4.681761433894635
-4.469129155063815
-4.213473805516271
-3.917227785009841
-3.5832795682569545
-3.214771004944817
-2.8153506947101814
-2.3888192621746667
-1.9392307069346657
-1.4709937535512563
-0.9886184765754258
-0.49671630054807125
-0.47936495060045947
-0.9540839442220328
-1.4196088335064412
-1.8714892807160157
-2.305372757733693
-2.7170045460630208
-3.102472260879672
-3.458108041410844
-3.7803907413146414
-4.066288262352215
-4.313013030336229
-4.518217614372093
-4.679896917237336
-4.796534889812535
-4.866908911840087
-4.890481030406646
-4.866908911840087
-4.796534889812535
-4.679896917237336
-4.518217614372093
-4.313013030336229
-4.066288262352215
-3.7803907413146414
-3.458108041410844
-3.102472260879672
-2.7170045460630208
-2.305372757733693
-1.8714892807160157
-1.4196088335064412
-0.9540839442220328
-0.47936495060045947
-0.46231591897265867
-0.9201511184694551
-1.3691192099508604
-1.804928135813681
-2.2233801693910555
-2.6203719149524582
-2.9921301350445306
-3.3351174195547504
-3.645937854775095
-3.9216671816792132
-4.159616968581586
-4.3575232730102
-4.51345231077021
-4.6259419523484375
-4.69381306104071
-4.716546816697191
-4.69381306104071
-4.6259419523484375
-4.51345231077021
-4.3575232730102
-4.159616968581586
-3.9216671816792132
-3.645937854775095
-3.3351174195547504
-2.9921301350445306
-2.6203719149524582
-2.2233801693910555
-1.804928135813681
-1.3691192099508604
-0.9201511184694551
-0.46231591897265867
-0.4455692056646683
-0.8868199993176916
-1.3195248828845123
-1.7395472722276601
-2.1428414971467515
-2.525452801378492
-2.8837446274393894
-3.2143077026886724
-3.5138691253911984
-3.779610563497263
-4.00894096979988
-4.199678409808955
-4.349959147814198
-4.458374017790757
-4.523786595525041
-4.545696854363071
-4.523786595525041
-4.458374017790757
-4.349959147814198
-4.199678409808955
-4.00894096979988
-3.779610563497263
-3.5138691253911984
-3.2143077026886724
-2.8837446274393894
-2.525452801378492
-2.1428414971467515
-1.7395472722276601
-1.3195248828845123
-0.8868199993176916
-0.4455692056646683
-0.4291248106764891
-0.8540905867667441
-1.270825852307399
-1.6753466899579563
-2.0637567410007853
-2.432247205341125
-2.7773157380642517
-3.0956788908126125
-3.384184553162955
-3.64011840780637
-3.860985033991117
-4.044683024768361
-4.189417428369308
-4.2938310861395
-4.356829515293088
-4.377931143404297
-4.356829515293088
-4.2938310861395
-4.189417428369308
-4.044683024768361
-3.860985033991117
-3.64011840780637
-3.384184553162955
-3.0956788908126125
-2.7773157380642517
-2.432247205341125
-2.0637567410007853
-1.6753466899579563
-1.270825852307399
-0.8540905867667441
-0.4291248106764891
-0.41298273400812047
-0.8219628808166113
-1.2230221182195187
-1.6123263890045663
-1.986125900953153
-2.340755126840355
-2.6728434669191143
-2.979230983926567
-3.2568841380903613
-3.5031907146065295
-3.715749161155292
-3.8925371178884154
-4.0318271524355325
-4.13231315739466
-4.192941820344841
-4.213249683820859
-4.192941820344841
-4.13231315739466
-4.0318271524355325
-3.8925371178884154
-3.715749161155292
-3.5031907146065295
-3.2568841380903613
-2.979230983926567
-2.6728434669191143
-2.340755126840355
-1.986125900953153
-1.6123263890045663
-1.2230221182195187
-0.8219628808166113
-0.41298273400812047
-0.39714297565956314
-0.7904368814672942
-1.1761136806208732
-1.5504863693674928
-1.909948977003857
-2.2509765658761833
-2.5703278140039814
-2.8649639820305417
-3.1319678801734225
-3.3688274838977454
-3.573233351292409
-3.743240689169121
-3.8771883200128787
-3.9738202315562434
-4.03212351068031
-4.051652475612764
-4.03212351068031
-3.9738202315562434
-3.8771883200128787
-3.743240689169121
-3.573233351292409
-3.3688274838977454
-3.1319678801734225
-2.8649639820305417
-2.5703278140039814
-2.2509765658761833
-1.909948977003857
-1.5504863693674928
-1.1761136806208732
-0.7904368814672942
-0.39714297565956314
-0.38160553563081656
-0.759512588718792
-1.130100539511461
-1.489826631046734
-1.8352259691528965
-2.16291152244861
-2.46976877931885
-2.7528778851245326
-3.0094357794121347
-3.2370287156800144
-3.433437604402466
-3.596793738610475
-3.7255009311013425
-3.8183523086242457
-3.8743745862994894
-3.8931395187800093
-3.8743745862994894
-3.8183523086242457
-3.7255009311013425
-3.596793738610475
-3.433437604402466
-3.2370287156800144
-3.0094357794121347
-2.7528778851245326
-2.46976877931885
-2.16291152244861
-1.8352259691528965
-1.489826631046734
-1.130100539511461
-0.759512588718792
-0.38160553563081656
-0.36637041392188074
-0.7291900025711049
-1.0849826948912826
-1.4303471740422904
-1.761956877400271
-2.076559996557634
-2.371166362863721
-2.64297269320854
-2.889287835806499
-3.1077944099533372
-3.296361920485462
-3.453196266212479
-3.5767649857009234
-3.665909388598667
-3.719695047202379
-3.737710813322594
-3.719695047202379
-3.665909388598667
-3.5767649857009234
-3.453196266212479
-3.296361920485462
-3.1077944099533372
-2.889287835806499
-2.64297269320854
-2.371166362863721
-2.076559996557634
-1.761956877400271
-1.4303471740422904
-1.0849826948912826
-0.7291900025711049
-0.36637041392188074
-0.35143761053275563
-0.6994691230242329
-1.0407601467603378
-1.3720479983541618
-1.6901417017459806
-1.9919219882032553
-2.2745205646385926
-2.5352484062825633
-2.771524049356513
-2.981124566717714
-3.162006299541398
-3.3124482719751303
-3.430980483811622
-3.5164914714795086
-3.5680848933889795
-3.5853663592405187
-3.5680848933889795
-3.5164914714795086
-3.430980483811622
-3.3124482719751303
-3.162006299541398
-2.981124566717714
-2.771524049356513
-2.5352484062825633
-2.2745205646385926
-1.9919219882032553
-1.6901417017459806
-1.3720479983541618
-1.0407601467603378
-0.6994691230242329
-0.35143761053275563
-0.3368071254634416
-0.6703499500781762
-0.997432895118627
-1.314929103982349
-1.6197804421900264
-1.908997497385475
-2.1798313846434683
-2.429705024346605
-2.656144420062181
-2.8570191859731464
-3.030370741570276
-3.1745497558984335
-3.28814742543344
-3.370098557266771
-3.4195441248592924
-3.436106156533785
-3.4195441248592924
-3.370098557266771
-3.28814742543344
-3.1745497558984335
-3.030370741570276
-2.8570191859731464
-2.656144420062181
-2.429705024346605
-2.1798313846434683
-1.908997497385475
-1.6197804421900264
-1.314929103982349
-0.997432895118627
-0.6703499500781762
-0.3368071254634416
-0.32247895871393845
-0.6418324837329347
-0.9550009399661503
-1.2589904909268514
-1.5508730987324075
-1.827786524104293
-2.087098822878345
-2.3263425474006634
-2.543148947923501
-2.7354782677196328
-2.901455246572094
-3.039500717982386
-3.148265810566377
-3.226730645960454
-3.2740727416133164
-3.289930205202392
-3.2740727416133164
-3.226730645960454
-3.148265810566377
-3.039500717982386
-2.901455246572094
-2.7354782677196328
-2.543148947923501
-2.3263425474006634
-2.087098822878345
-1.827786524104293
-1.5508730987324075
-1.2589904909268514
-0.9550009399661503
-0.6418324837329347
-0.32247895871393845
-0.30845311028424616
-0.6139167239885084
-0.9134642813029072
-1.2042321591876692
-1.4834196713731242
-1.7482890683597088
-1.996322879343225
-2.225160975444739
-2.4325376329404724
-2.616501811957174
-2.7752598145468514
-2.9073011582269874
-3.011335639210432
-3.0863877375605573
-3.131670743651052
-3.1468385052463392
-3.131670743651052
-3.0863877375605573
-3.011335639210432
-2.9073011582269874
-2.7752598145468514
-2.616501811957174
-2.4325376329404724
-2.225160975444739
-1.996322879343225
-1.7482890683597088
-1.4834196713731242
-1.2042321591876692
-0.9134642813029072
-0.6139167239885084
-0.30845311028424616
-0.2947295801743647
-0.586602670844897
-0.872822919128898
-1.150654108764802
-1.4174201601121763
-1.6705051301517222
-1.9075035540381065
-2.126160308478831
-2.324310475113095
-2.5000898186857685
-2.651784445494549
-2.7779510766322386
-2.877356911365605
-2.94906983206708
-2.992338130972498
-3.006831056665626
-2.992338130972498
-2.94906983206708
-2.877356911365605
-2.7779510766322386
-2.651784445494549
-2.5000898186857685
-2.324310475113095
-2.126160308478831
-1.9075035540381065
-1.6705051301517222
-1.4174201601121763
-1.150654108764802
-0.872822919128898
-0.586602670844897
-0.2947295801743647
-0.28130836838429396
-0.5598903243021007
-0.8330768534441221
-1.0982563396582494
-1.352874564949563
-1.5944347094803328
-1.8206408469629898
-2.0293405465029393
-2.21846747444137
-2.3862422879054166
-2.5310291394151863
-2.651450473198138
-2.746329627031894
-2.814776929480022
-2.856074903577654
-2.8699078594602527
-2.856074903577654
-2.814776929480022
-2.746329627031894
-2.651450473198138
-2.5310291394151863
-2.3862422879054166
-2.21846747444137
-2.0293405465029393
-1.8206408469629898
-1.5944347094803328
-1.352874564949563
-1.0982563396582494
-0.8330768534441221
-0.5598903243021007
-0.28130836838429396
-0.26818947491403433
-0.53377968436012
-0.7942260842485809
-1.0470388518680136
-1.2897828858852867
-1.5200778063455425
-1.7357347581178768
-1.9347016895170666
-2.1150086309252982
-2.274959219616121
-2.412993896308766
-2.52779934792469
-2.618253786209305
-2.6835090297993855
-2.7228810614665244
-2.736068913630222
-2.7228810614665244
-2.6835090297993855
-2.618253786209305
-2.52779934792469
-2.412993896308766
-2.274959219616121
-2.1150086309252982
-1.9347016895170666
-1.7357347581178768
-1.5200778063455425
-1.2897828858852867
-1.0470388518680136
-0.7942260842485809
-0.53377968436012
-0.26818947491403433
-0.2553728997635855
-0.5082707510189544
-0.7562706115422729
-0.997001645394092
-1.228145122919345
-1.4474344207473495
-1.652785287502765
-1.8422437375212093
-2.0139339445648767
-2.1662406138178785
-2.297678716175284
-2.406997700811889
-2.493129388897832
-2.5552661330251687
-2.5927566046391046
-2.6053142191755305
-2.5927566046391046
-2.5552661330251687
-2.493129388897832
-2.406997700811889
-2.297678716175284
-2.1662406138178785
-2.0139339445648767
-1.8422437375212093
-1.652785287502765
-1.4474344207473495
-1.228145122919345
-0.997001645394092
-0.7562706115422729
-0.5082707510189544
-0.2553728997635855
-0.2428586429329476
-0.48336352427860385
-0.7192104353251991
-0.9481447202364862
-1.1679612760517393
-1.3765045526857547
-1.571792435117656
-1.75196669051537
-1.9152434153601083
-2.060086470510691
-2.1850835990147432
-2.289045531859739
-2.3709564350974786
-2.4300482391573723
-2.4657015330953964
-2.4776437760961803
-2.4657015330953964
-2.4300482391573723
-2.3709564350974786
-2.289045531859739
-2.1850835990147432
-2.060086470510691
-1.9152434153601083
-1.75196669051537
-1.571792435117656
-1.3765045526857547
-1.1679612760517393
-0.9481447202364862
-0.7192104353251991
-0.48336352427860385
-0.2428586429329476
-0.23064670442212037
-0.4590580041390683
-0.6830455555973587
-0.9004680763951951
-1.1092313452824683
-1.3072882021607573
-1.4927562009625484
-1.6638705484995464
-1.8189370433109904
-1.9564967896945564
-2.0752085448271416
-2.1739428410682367
-2.2517349248082423
-2.3078553481959956
-2.3417158468353985
-2.353057584392169
-2.3417158468353985
-2.3078553481959956
-2.2517349248082423
-2.1739428410682367
-2.0752085448271416
-1.9564967896945564
-1.8189370433109904
-1.6638705484995464
-1.4927562009625484
-1.3072882021607573
-1.1092313452824683
-0.9004680763951951
-0.6830455555973587
-0.4590580041390683
-0.23064670442212037
-0.21873708423110405
-0.4353541906003478
-0.6477759723587522
-0.8539717138702194
-1.0519553306115328
-1.2397853691723575
-1.4156765850374422
-1.57795531147374
-1.7250148284175246
-1.8554715713694767
-1.9680535536124801
-2.0616896284373842
-2.1354648580301236
-2.188687460141038
-2.220799545859111
-2.231555644063498
-2.220799545859111
-2.188687460141038
-2.1354648580301236
-2.0616896284373842
-1.9680535536124801
-1.8554715713694767
-1.7250148284175246
-1.57795531147374
-1.4156765850374422
-1.2397853691723575
-1.0519553306115328
-0.8539717138702194
-0.6477759723587522
-0.4353541906003478
-0.21873708423110405
-0.20712978235989868
-0.4122520836624428
-0.6134016856093796
-0.8086556326615594
-0.9961332320389332
-1.1739960537205563
-1.3405535873423395
-1.494220979437951
-1.6334767706797115
-1.7570108155354518
-1.8636186253707598
-1.9522858939671823
-2.0221462347631247
-2.072544574992502
-2.102952630166537
-2.1131379551101683
-2.102952630166537
-2.072544574992502
-2.0221462347631247
-1.9522858939671823
-1.8636186253707598
-1.7570108155354518
-1.6334767706797115
-1.494220979437951
-1.3405535873423395
-1.1739960537205563
-0.9961332320389332
-0.8086556326615594
-0.6134016856093796
-0.4122520836624428
-0.20712978235989868
-0.19582479880850423
-0.3897516833253529
-0.5799226953492411
-0.7645198327692146
-0.9417650495646694
-1.1099202558053531
-1.2673872078772395
-1.4126675523921794
-1.5443228700975502
-1.6611145221924815
-1.7619037601019798
-1.84573163765763
-1.911779055007244
-1.9594266927503865
-1.9881750997576744
-1.9978045175321797
-1.9881750997576744
-1.9594266927503865
-1.911779055007244
-1.84573163765763
-1.7619037601019798
-1.6611145221924815
-1.5443228700975502
-1.4126675523921794
-1.2673872078772395
-1.1099202558053531
-0.9417650495646694
-0.7645198327692146
-0.5799226953492411
-0.3897516833253529
-0.19582479880850423
-0.18482213357692065
-0.36785298958907825
-0.5473390015783361
-0.7215643141931849
-0.8888507831887409
-1.0475579754267477
-1.1961774466421413
-1.3332950303364248
-1.4575531266710406
-1.567782691340565
-1.6629089578061402
-1.742026859508727
-1.8043633187624815
-1.8493338134146908
-1.8764669546325228
-1.885555331329531
-1.8764669546325228
-1.8493338134146908
-1.8043633187624815
-1.742026859508727
-1.6629089578061402
-1.567782691340565
-1.4575531266710406
-1.3332950303364248
-1.1961774466421413
-1.0475579754267477
-0.8888507831887409
-0.7215643141931849
-0.5473390015783361
-0.36785298958907825
-0.18482213357692065
-0.17412178666514777
-0.3465560024536185
-0.515650604296665
-0.6797890769334705
-0.8373904329111476
-0.9869092125847395
-1.1269243036370447
-1.256103413270686
-1.3731675404001824
-1.4770153229797027
-1.5666342184832396
-1.6411715595204728
-1.6998990260288367
-1.7422659369854143
-1.767828194791081
-1.776390396502222
-1.767828194791081
-1.7422659369854143
-1.6998990260288367
-1.6411715595204728
-1.5666342184832396
-1.4770153229797027
-1.3731675404001824
-1.256103413270686
-1.1269243036370447
-0.9869092125847395
-0.8373904329111476
-0.6797890769334705
-0.515650604296665
-0.3465560024536185
-0.17412178666514777
-0.16372375807318584
-0.325860721918974
-0.48485750350422757
-0.6391941209900711
-0.7873839987318896
-0.9279739672793293
-1.0596277788619504
-1.1810927011949648
-1.2911661112849764
-1.3888124171098946
-1.4730795421332799
-1.5431657376928682
-1.5983861768063097
-1.6382230634625583
-1.662258820233351
-1.6703097130502536
-1.662258820233351
-1.6382230634625583
-1.5983861768063097
-1.5431657376928682
-1.4730795421332799
-1.3888124171098946
-1.2911661112849764
-1.1810927011949648
-1.0596277788619504
-0.9279739672793293
-0.7873839987318896
-0.6391941209900711
-0.48485750350422757
-0.325860721918974
-0.16372375807318584
-0.15362804780103487
-0.30576714798514487
-0.4549596992010243
-0.5997794463629874
-0.7388314806509675
-0.8707522395105176
-0.9942878723168589
-1.1082628941092612
-1.211548839325423
-1.3031739737311412
-1.3822449287562608
-1.448009394025914
-1.4998247710949024
-1.5372051928461232
-1.5597588309593338
-1.5673132809736265
-1.5597588309593338
-1.5372051928461232
-1.4998247710949024
-1.448009394025914
-1.3822449287562608
-1.3031739737311412
-1.211548839325423
-1.1082628941092612
-0.9942878723168589
-0.8707522395105176
-0.7388314806509675
-0.5997794463629874
-0.4549596992010243
-0.30576714798514487
-0.15362804780103487
-0.1438346558486947
-0.2862752806521307
-0.4259571913870547
-0.5615450530522189
-0.6917328786683807
-0.8152440292783038
-0.9309045840017696
-1.0376139920135738
-1.1343157245215212
-1.2200999928434424
-1.2941303783521816
-1.355702528519609
-1.4042148088946127
-1.439212325136108
-1.4603282269690268
-1.4674011002723395
-1.4603282269690268
-1.439212325136108
-1.4042148088946127
-1.355702528519609
-1.2941303783521816
-1.2200999928434424
-1.1343157245215212
-1.0376139920135738
-0.9309045840017696
-0.8152440292783038
-0.6917328786683807
-0.5615450530522189
-0.4259571913870547
-0.2862752806521307
-0.1438346558486947
-0.13434358221616538
-0.2673851199199317
-0.3978499800623187
-0.5244909410577654
-0.6460881927841293
-0.7614493365826872
-0.8694779139166818
-0.9691459949079034
-1.0594667668732705
-1.1395904744467966
-1.2087358909210424
-1.2662451411739528
-1.3115562902054405
-1.3442444603325123
-1.3639670082624307
-1.3705731709463922
-1.3639670082624307
-1.3442444603325123
-1.3115562902054405
-1.2662451411739528
-1.2087358909210424
-1.1395904744467966
-1.0594667668732705
-0.9691459949079034
-0.8694779139166818
-0.7614493365826872
-0.6460881927841293
-0.5244909410577654
-0.3978499800623187
-0.2673851199199317
-0.13434358221616538
-0.12515482690344698
-0.24909666578854797
-0.37063806522681686
-0.4886171103796276
-0.6018974229982137
-0.7093681614236691
-0.810007862061597
-0.9028589027922505
-0.9870019663806727
-1.0616454185412065
-1.1260614664628439
-1.1796372319889474
-1.221849215027388
-1.2523015984353374
-1.2706751748395466
-1.2768294929957864
-1.2706751748395466
-1.2523015984353374
-1.221849215027388
-1.1796372319889474
-1.1260614664628439
-1.0616454185412065
-0.9870019663806727
-0.9028589027922505
-0.810007862061597
-0.7093681614236691
-0.6018974229982137
-0.4886171103796276
-0.37063806522681686
-0.24909666578854797
-0.12515482690344698
-0.11626838991053944
-0.23140991825797938
-0.34432144688054866
-0.45392356101780484
-0.5591605693106334
-0.6590005038012486
-0.7524944284365142
-0.8387527156666142
-0.9169213230437265
-0.9862648251266702
-1.0461071049775856
-1.0958788009645906
-1.1350935833604532
-1.1633837394445825
-1.1804527267003735
-1.1861700664205206
-1.1804527267003735
-1.1633837394445825
-1.1350935833604532
-1.0958788009645906
-1.0461071049775856
-0.9862648251266702
-0.9169213230437265
-0.8387527156666142
-0.7524944284365142
-0.6590005038012486
-0.5591605693106334
-0.45392356101780484
-0.34432144688054866
-0.23140991825797938
-0.11626838991053944
-0.10768427123744267
-0.21432487732822586
-0.3189001250235142
-0.4204102929722972
-0.5178776317213883
-0.6103463637154259
-0.6969376130414331
-0.7768274335309948
-0.849224836862432
-0.913448694203188
-0.968872806465267
-1.014969848100883
-1.0512893952046358
-1.0774908833602472
-1.0932996638449115
-1.0985948912205947
-1.0932996638449115
-1.0774908833602472
-1.0512893952046358
-1.014969848100883
-0.968872806465267
-0.913448694203188
-0.849224836862432
-0.7768274335309948
-0.6969376130414331
-0.6103463637154259
-0.5178776317213883
-0.4204102929722972
-0.3189001250235142
-0.21432487732822586
-0.10768427123744267
-0.09940247088415688
-0.1978415429992876
-0.2943740996557138
-0.38807730624310516
-0.4780486102304791
-0.5634057411662012
-0.6433374158763547
-0.7170830563853926
-0.7839125078367896
-0.8431970257707604
-0.8943585709258891
-0.9369103733978257
-0.9704366505599378
-0.9946230301823326
-1.0092159862731611
-1.01410396739601
-1.0092159862731611
-0.9946230301823326
-0.9704366505599378
-0.9369103733978257
-0.8943585709258891
-0.8431970257707604
-0.7839125078367896
-0.7170830563853926
-0.6433374158763547
-0.5634057411662012
-0.4780486102304791
-0.38807730624310516
-0.2943740996557138
-0.1978415429992876
-0.09940247088415688
-0.09142298885068188
-0.1819599152711644
-0.2707433707771469
-0.35692460083022803
-0.43967350483790496
-0.5181786361535741
-0.5916938369412782
-0.6595195842298068
-0.7209843359667988
-0.7755098198293866
-0.8225643983594509
-0.8617003768554171
-0.8925353494263571
-0.9147801799108377
-0.9282016939851214
-0.9326972949467649
-0.9282016939851214
-0.9147801799108377
-0.8925353494263571
-0.8617003768554171
-0.8225643983594509
-0.7755098198293866
-0.7209843359667988
-0.6595195842298068
-0.5916938369412782
-0.5181786361535741
-0.43967350483790496
-0.35692460083022803
-0.2707433707771469
-0.1819599152711644
-0.09142298885068188
-0.08374582513701782
-0.16667999414385645
-0.24800793838781407
-0.32695217673366644
-0.40275231554366664
-0.4746650486775454
-0.5420068762362041
-0.6041370170642386
-0.6604403212524603
-0.7103870763790677
-0.7534902887659536
-0.7893398584736587
-0.8175854918038956
-0.8379623325457634
-0.8502567869807938
-0.8543748738728609
-0.8502567869807938
-0.8379623325457634
-0.8175854918038956
-0.7893398584736587
-0.7534902887659536
-0.7103870763790677
-0.6604403212524603
-0.6041370170642386
-0.5420068762362041
-0.4746650486775454
-0.40275231554366664
-0.32695217673366644
-0.24800793838781407
-0.16667999414385645
-0.08374582513701782
-0.07637097974316456
-0.15200177961736355
-0.22616780248771484
-0.29816003395341983
-0.3672850423477635
-0.4328649787381141
-0.49427653376113223
-0.550935354888687
-0.6022804636937731
-0.6478287954198024
-0.6871362421453958
-0.7198288182525493
-0.7455870776925515
-0.7641694880871085
-0.7753812652601766
-0.7791367041742967
-0.7753812652601766
-0.7641694880871085
-0.7455870776925515
-0.7198288182525493
-0.6871362421453958
-0.6478287954198024
-0.6022804636937731
-0.550935354888687
-0.49427653376113223
-0.4328649787381141
-0.3672850423477635
-0.29816003395341983
-0.22616780248771484
-0.15200177961736355
-0.07637097974316456
-0.06929845266912221
-0.13792527169168595
-0.20522296307684962
-0.2705481724894888
-0.333271685250196
-0.392778426335281
-0.44850280951606253
-0.4999145977031527
-0.5465047632907384
-0.5878349769515923
-0.6235022584977788
-0.6531672561920899
-0.6765401070923264
-0.6934016465348745
-0.7035751288232713
-0.7069827858510735
-0.7035751288232713
-0.6934016465348745
-0.6765401070923264
-0.6531672561920899
-0.6235022584977788
-0.5878349769515923
-0.5465047632907384
-0.4999145977031527
-0.44850280951606253
-0.392778426335281
-0.333271685250196
-0.2705481724894888
-0.20522296307684962
-0.13792527169168595
-0.06929845266912221
-0.06252824391489079
-0.12445047036682352
-0.1851734201552183
-0.24411659234187322
-0.30071224425096427
-0.3544053914690458
-0.40468570350099536
-0.4510747455076355
-0.49311322004335567
-0.5304056209744363
-0.5625883378231022
-0.5893551722922802
-0.6104445800032197
-0.6256588078890608
-0.6348383776700776
-0.637913118903191
-0.6348383776700776
-0.6256588078890608
-0.6104445800032197
-0.5893551722922802
-0.5625883378231022
-0.5304056209744363
-0.49311322004335567
-0.4510747455076355
-0.40468570350099536
-0.3544053914690458
-0.30071224425096427
-0.24411659234187322
-0.1851734201552183
-0.12445047036682352
-0.06252824391489079
-0.0560603534804701
-0.11157737564277614
-0.1660191737228205
-0.21886529351057243
-0.26960671935006747
-0.31774587413940814
-0.3628252157159298
-0.4044157983021345
-0.44210583395162417
-0.475540727488334
-0.5043944801213651
-0.5283925665531192
-0.5473004964252304
-0.5609409721496662
-0.5691710118005943
-0.571927703330648
-0.5691710118005943
-0.5609409721496662
-0.5473004964252304
-0.5283925665531192
-0.5043944801213651
-0.475540727488334
-0.44210583395162417
-0.4044157983021345
-0.3628252157159298
-0.31774587413940814
-0.26960671935006747
-0.21886529351057243
-0.1660191737228205
-0.11157737564277614
-0.0560603534804701
-0.04989478136586041
-0.09930598751954406
-0.14776022377965675
-0.19479427599558724
-0.23995511054750657
-0.2827998743463688
-0.32292134616086704
-0.35993775608665124
-0.39348260501554533
-0.42324029649328654
-0.448920685392569
-0.47027943897460844
-0.48710785635836007
-0.49924813931669276
-0.5065730312148231
-0.5090265391334463
-0.5065730312148231
-0.49924813931669276
-0.48710785635836007
-0.47027943897460844
-0.448920685392569
-0.42324029649328654
-0.39348260501554533
-0.35993775608665124
-0.32292134616086704
-0.2827998743463688
-0.23995511054750657
-0.19479427599558724
-0.14776022377965675
-0.09930598751954406
-0.04989478136586041
-0.04403152757106149
-0.08763630599712702
-0.13039657032572669
-0.17190353979691708
-0.21175741784328084
-0.24956739208992695
-0.28497409483580605
-0.3176406188611844
-0.3472435332351178
-0.3735043279892931
-0.3961669536367125
-0.4150157895567467
-0.4298666598026075
-0.4405803093901388
-0.44704443591276255
-0.44920962631158434
-0.44704443591276255
-0.4405803093901388
-0.4298666598026075
-0.4150157895567467
-0.3961669536367125
-0.3735043279892931
-0.3472435332351178
-0.3176406188611844
-0.28497409483580605
-0.24956739208992695
-0.21175741784328084
-0.17190353979691708
-0.13039657032572669
-0.08763630599712702
-0.04403152757106149
-0.038470592096073494
-0.07656833107552519
-0.11392821336103054
-0.15019308491456237
-0.18501364123739078
-0.21804842737008323
-0.24898346174074748
-0.2775243866257348
-0.3033886186103426
-0.32633282197635416
-0.3461332848537966
-0.36260161829953463
-0.3755769067579736
-0.38493748237000547
-0.3905852258944136
-0.3924769648650632
-0.3905852258944136
-0.38493748237000547
-0.3755769067579736
-0.36260161829953463
-0.3461332848537966
-0.32633282197635416
-0.3033886186103426
-0.2775243866257348
-0.24898346174074748
-0.21804842737008323
-0.18501364123739078
-0.15019308491456237
-0.11392821336103054
-0.07656833107552519
-0.038470592096073494
-0.03321197494089638
-0.06610206275473858
-0.09835515288556823
-0.12966291134852298
-0.15972378072983628
-0.18824298018683738
-0.21494944687569129
-0.23958905938030234
-0.2619178611412192
-0.28172577845446967
-0.298819679043821
-0.3130369252029722
-0.324238597224458
-0.33231965825629217
-0.3371954011597762
-0.33882855479388263
-0.3371954011597762
-0.33231965825629217
-0.324238597224458
-0.3130369252029722
-0.298819679043821
-0.28172577845446967
-0.2619178611412192
-0.23958905938030234
-0.21494944687569129
-0.18824298018683738
-0.15972378072983628
-0.12966291134852298
-0.09835515288556823
-0.06610206275473858
-0.03321197494089638
-0.02825567610553007
-0.056237501034767004
-0.0836773888993396
-0.11031301909879868
-0.13588783632061696
-0.16015105054018913
-0.1828720502406368
-0.20383463712488636
-0.22283126082774735
-0.23968319742363886
-0.254226136206785
-0.26632171026705886
-0.2758517312020602
-0.2827268370489985
-0.2868749617088493
-0.2882643960980419
-0.2868749617088493
-0.2827268370489985
-0.2758517312020602
-0.26632171026705886
-0.254226136206785
-0.23968319742363886
-0.22283126082774735
-0.20383463712488636
-0.1828720502406368
-0.16015105054018913
-0.13588783632061696
-0.11031301909879868
-0.0836773888993396
-0.056237501034767004
-0.02825567610553007
-0.023601695589974672
-0.046974645915610694
-0.0698949214023449
-0.09214340816538985
-0.11350580800973331
-0.13377263843013903
-0.1527512718355849
-0.17026111985948778
-0.1861288176699279
-0.20020507888386296
-0.21235265634268996
-0.22245597349179558
-0.23041630869078122
-0.2361590187481255
-0.23962390754163432
-0.2407844887775421
-0.23962390754163432
-0.2361590187481255
-0.23041630869078122
-0.22245597349179558
-0.21235265634268996
-0.20020507888386296
-0.1861288176699279
-0.17026111985948778
-0.1527512718355849
-0.13377263843013903
-0.11350580800973331
-0.09214340816538985
-0.0698949214023449
-0.046974645915610694
-0.023601695589974672
-0.019250033394230127
-0.03831349739726948
-0.05700775039458397
-0.07515407854829609
-0.09257769579718506
-0.10910774385668665
-0.12458711166053504
-0.1388685075841059
-0.15181053166775987
-0.16329142283514098
-0.17319923945153465
-0.18143971487718147
-0.18793232969062001
-0.19261620335367236
-0.19544223865813037
-0.1963888328323824
-0.19544223865813037
-0.19261620335367236
-0.18793232969062001
-0.18143971487718147
-0.17319923945153465
-0.16329142283514098
-0.15181053166775987
-0.1388685075841059
-0.12458711166053504
-0.10910774385668665
-0.09257769579718506
-0.07515407854829609
-0.05700775039458397
-0.03831349739726948
-0.019250033394230127
-0.015200689518296465
-0.030254055479743497
-0.045015875876056904
-0.05934503024751778
-0.07310349968297242
-0.08615636681983235
-0.09837956971548761
-0.10965680029874125
-0.11987640282124418
-0.12894222927747367
-0.13676588553331998
-0.1432729344232171
-0.14839979420157745
-0.1520983908656396
-0.1543299550583378
-0.15507742826256343
-0.1543299550583378
-0.1520983908656396
-0.14839979420157745
-0.1432729344232171
-0.13676588553331998
-0.12894222927747367
-0.11987640282124418
-0.10965680029874125
-0.09837956971548761
-0.08615636681983235
-0.07310349968297242
-0.05934503024751778
-0.045015875876056904
-0.030254055479743497
-0.015200689518296465
-0.011453663962173677
-0.02279632016303268
-0.033919297846763674
-0.04471626326305472
-0.0550832196670952
-0.06491850731957594
-0.07412864600044239
-0.08262599800339349
-0.0903264311303803
-0.09715749821086056
-0.10305259458804539
-0.10795563212990222
-0.11181870222365314
-0.11460558128402698
-0.1162870567422567
-0.11685027506808487
-0.1162870567422567
-0.11460558128402698
-0.11181870222365314
-0.10795563212990222
-0.10305259458804539
-0.09715749821086056
-0.0903264311303803
-0.08262599800339349
-0.07412864600044239
-0.06491850731957594
-0.0550832196670952
-0.04471626326305472
-0.033919297846763674
-0.02279632016303268
-0.011453663962173677
-0.00800895672586173
-0.015940291447136948
-0.02371801630670417
-0.031267777594906815
-0.038516855749553325
-0.04539416535591717
-0.05183434051539909
-0.057776100698062494
-0.06316061659516808
-0.06793722963530147
-0.07205936661571083
-0.07548780799723664
-0.07818905375684682
-0.08013777460883414
-0.08131354370988647
-0.08170737324894639
-0.08131354370988647
-0.08013777460883414
-0.07818905375684682
-0.07548780799723664
-0.07205936661571083
-0.06793722963530147
-0.06316061659516808
-0.057776100698062494
-0.05183434051539909
-0.04539416535591717
-0.038516855749553325
-0.031267777594906815
-0.02371801630670417
-0.015940291447136948
-0.00800895672586173
-0.004866567809360671
-0.009685969332056468
-0.01441203125587856
-0.018999573243074303
-0.023404407930347093
-0.027583340928856503
-0.031496653260358276
-0.03510710838274872
-0.03837895921560802
-0.041281423550797
-0.043786201616316744
-0.0458694620252208
-0.04751084880115897
-0.0486949708400618
-0.04940941596122789
-0.049648722805148704
-0.04940941596122789
-0.0486949708400618
-0.04751084880115897
-0.0458694620252208
-0.043786201616316744
-0.041281423550797
-0.03837895921560802
-0.03510710838274872
-0.031496653260358276
-0.027583340928856503
-0.023404407930347093
-0.018999573243074303
-0.01441203125587856
-0.009685969332056468
-0.004866567809360671
-0.0020264972126704597
-0.004033353817791074
-0.00600134269428669
-0.007911650207556936
-0.009745876209476173
-0.011486034038393461
-0.0131155842353195
-0.014619021057451664
-0.015981458991699615
-0.01719007995734656
-0.018233099589862578
-0.019100594213854183
-0.01978408735658921
-0.020277169977709286
-0.020574673496280227
-0.02067432373669109
-0.020574673496280227
-0.020277169977709286
-0.01978408735658921
-0.019100594213854183
-0.018233099589862578
-0.01719007995734656
-0.015981458991699615
-0.014619021057451664
-0.0131155842353195
-0.011486034038393461
-0.009745876209476173
-0.007911650207556936
-0.00600134269428669
-0.004033353817791074
-0.0020264972126704597
0.0005112550642088556
0.001017555095659109
0.0015140493780712722
0.0019959915116450344
0.0024587394130591023
0.0028977553154714564
0.0033088665597169054
0.003688161277828228
0.004031884076556691
0.004336801145049363
0.004599939463651004
0.004818795436862644
0.004991230576862071
0.0051156279782228475
0.005190683684955788
0.00521582395642578
0.005190683684955788
0.0051156279782228475
0.004991230576862071
0.004818795436862644
0.004599939463651004
0.004336801145049363
0.004031884076556691
0.003688161277828228
0.0033088665597169054
0.0028977553154714564
0.0024587394130591023
0.0019959915116450344
0.0015140493780712722
0.001017555095659109
0.0005112550642088556
0.002746689021277303
0.005466757408294123
0.008134144961195425
0.010723351914531692
0.013209438937258927
0.015568027132738554
0.01777669912475116
0.019814438623091124
0.021661069989161064
0.023299219756390932
0.024712915544224445
0.02588870692692996
0.026815104999195094
0.02748342302773482
0.0278866555824806
0.028021720274202244
0.0278866555824806
0.02748342302773482
0.026815104999195094
0.02588870692692996
0.024712915544224445
0.023299219756390932
0.021661069989161064
0.019814438623091124
0.01777669912475116
0.015568027132738554
0.013209438937258927
0.010723351914531692
0.008134144961195425
0.005466757408294123
0.002746689021277303
0.004679804658534906
0.00931425312011401
0.013858944055085823
0.01827043100110322
0.022506222363123413
0.02652478141340789
0.030287913459783322
0.033759810978337274
0.03690609874611375
0.039697175876678426
0.04210582865185786
0.04410914025634799
0.04568753591041008
0.04682621517082691
0.047513242196294325
0.04774336521663852
0.047513242196294325
0.04682621517082691
0.04568753591041008
0.04410914025634799
0.04210582865185786
0.039697175876678426
0.03690609874611375
0.033759810978337274
0.030287913459783322
0.02652478141340789
0.022506222363123413
0.01827043100110322
0.013858944055085823
0.00931425312011401
0.004679804658534906
0.006310601975981624
0.012560042231118701
0.018688446659742355
0.024637228771359404
0.030349089690652295
0.03576801815747918
0.04084250956481311
0.04552427834356629
0.04976697034741431
0.053530669505911455
0.05677867878655085
0.059480095425116314
0.06160852331050656
0.06314400440749862
0.06407044352639657
0.06438075878373417
0.06407044352639657
0.06314400440749862
0.06160852331050656
0.059480095425116314
0.05677867878655085
0.053530669505911455
0.04976697034741431
0.04552427834356629
0.04084250956481311
0.03576801815747918
0.030349089690652295
0.024637228771359404
0.018688446659742355
0.012560042231118701
0.006310601975981624
0.007639080973617481
0.01520412474130825
0.022622652775165092
0.029823745225300333
0.036738040919845755
0.04329773736495271
0.04944048743984081
0.05510784071877839
0.06024368479306316
0.06479970064409027
0.06873146594830373
0.07200157243323527
0.07457806719948495
0.07643679073775039
0.07755825957278767
0.07793390097548952
0.07755825957278767
0.07643679073775039
0.07457806719948495
0.07200157243323527
0.06873146594830373
0.06479970064409027
0.06024368479306316
0.05510784071877839
0.04944048743984081
0.04329773736495271
0.036738040919845755
0.029823745225300333
0.022622652775165092
0.01520412474130825
0.007639080973617481
0.008665241651442463
0.017246500650682624
0.02566156240135399
0.03382998036292596
0.04167307605070371
0.04911393903582832
0.056081847084866215
0.0625104981039735
0.06833624208306
0.07350426929121473
0.07796419013711631
0.0816735712807046
0.08459616757734495
0.08670457416158187
0.08797669033546734
0.08840279179190436
0.08797669033546734
0.08670457416158187
0.08459616757734495
0.0816735712807046
0.07796419013711631
0.07350426929121473
0.06833624208306
0.0625104981039735
0.056081847084866215
0.04911393903582832
0.04167307605070371
0.03382998036292596
0.02566156240135399
0.017246500650682624
0.008665241651442463
0.00938908400945658
0.018687169959241832
0.02780517553830908
0.03665593418423632
0.0451541950832262
0.05321662317010602
0.060766588499889404
0.06773225049915163
0.07404464221740492
0.07964437544728487
0.08447685135298866
0.08849609196752445
0.09166282444408672
0.09394735467899326
0.09532573581443582
0.09578743123297878
0.09532573581443582
0.09394735467899326
0.09166282444408672
0.08849609196752445
0.08447685135298866
0.07964437544728487
0.07404464221740492
0.06773225049915163
0.060766588499889404
0.05321662317010602
0.0451541950832262
0.03665593418423632
0.02780517553830908
0.018687169959241832
0.00938908400945658
0.009810608047659833
0.019526132666985885
0.029053492186030358
0.03830160668923143
0.04718139801741323
0.05560578976778588
0.06349471168491043
0.07077309790431283
0.077368885196098
0.08322001911230077
0.08826944959592081
0.09246913449369482
0.09577803779971025
0.09816513228998454
0.09960539600969302
0.10008781929871283
0.09960539600969302
0.09816513228998454
0.09577803779971025
0.09246913449369482
0.08826944959592081
0.08322001911230077
0.077368885196098
0.07077309790431283
0.06349471168491043
0.05560578976778588
0.04718139801741323
0.03830160668923143
0.029053492186030358
0.019526132666985885
0.009810608047659833
0.009929813766052212
0.019763388773914776
0.02940651234451781
0.038766997877911255
0.04775468485326476
0.05628143882886785
0.06426621663992921
0.07163304031945704
0.07830897101913915
0.08423120028626233
0.08934198486591273
0.09359269885921565
0.09694180764421549
0.0993579069945557
0.10081567092123891
0.10130395598910642
0.10081567092123891
0.0993579069945557
0.09694180764421549
0.09359269885921565
0.08934198486591273
0.08423120028626233
0.07830897101913915
0.07163304031945704
0.06426621663992921
0.05628143882886785
0.04775468485326476
0.038766997877911255
0.02940651234451781
0.019763388773914776
0.009929813766052212
0.009746701164633722
0.019398938280028498
0.028864236013771444
0.03805210775027579
0.046874055590780825
0.05524357035335194
0.0630811033649458
0.07031207774458428
0.0768648996865284
0.08267791896916958
0.08769445716296444
0.09186678506408696
0.09515413397760246
0.09752567879270667
0.09895656054907354
0.09943584130415958
0.09895656054907354
0.09752567879270667
0.09515413397760246
0.09186678506408696
0.08769445716296444
0.08267791896916958
0.0768648996865284
0.07031207774458428
0.0630811033649458
0.05524357035335194
0.046874055590780825
0.03805210775027579
0.028864236013771444
0.019398938280028498
0.009746701164633722
0.009261270243404365
0.018432781185327055
0.027426663193791258
0.03615693630632506
0.044539510229961415
0.05249218434123815
0.05993937185996018
0.06681021017969457
0.07303667119826576
0.07856017516102254
0.0833268664870759
0.08729139310830877
0.0904150167998712
0.09266844768443756
0.09402806489319687
0.09448347524387234
0.09402806489319687
0.09266844768443756
0.0904150167998712
0.08729139310830877
0.0833268664870759
0.07856017516102254
0.07303667119826576
0.06681021017969457
0.05993937185996018
0.05249218434123815
0.044539510229961415
0.03615693630632506
0.027426663193791258
0.018432781185327055
0.009261270243404365
0.008473521002364145
0.01686491748981046
0.02509379388457727
0.03308148354605908
0.04075104877080655
0.04802728079252651
0.054841022124972355
0.06112743762478791
0.06682428555435123
0.07187796886182121
0.07623921283824717
0.07986652299188111
0.08272445611102168
0.08478621366974831
0.08603018395360895
0.0864468578082447
0.08603018395360895
0.08478621366974831
0.08272445611102168
0.07986652299188111
0.07623921283824717
0.07187796886182121
0.06682428555435123
0.06112743762478791
0.054841022124972355
0.04802728079252651
0.04075104877080655
0.03308148354605908
0.02509379388457727
0.01686491748981046
0.008473521002364145
0.007383453441513045
0.014695347193478678
0.02186562808612943
0.02882574946947778
0.03550867121331616
0.041848859707216926
0.04778605415998226
0.05326376007986422
0.058227742754784734
0.06263130007156552
0.06643149621647812
0.06959217471480386
0.07208245191105381
0.07387897674863886
0.07496291773030965
0.07532598899727654
0.07496291773030965
0.07387897674863886
0.07208245191105381
0.06959217471480386
0.06643149621647812
0.06263130007156552
0.058227742754784734
0.05326376007986422
0.04778605415998226
0.041848859707216926
0.03550867121331616
0.02882574946947778
0.02186562808612943
0.014695347193478678
0.007383453441513045
0.005991067560851089
0.01192407029633176
0.017742165798447805
0.023389734076581258
0.028812377557490342
0.033956921085309524
0.03877446796499003
0.043219177544923625
0.04724704279956642
0.05082016879025562
0.05390371662176896
0.056468348277077175
0.058489004199967776
0.05994673692110937
0.060826266223299195
0.061120868810968065
0.060826266223299195
0.05994673692110937
0.058489004199967776
0.056468348277077175
0.05390371662176896
0.05082016879025562
0.04724704279956642
0.043219177544923625
0.03877446796499003
0.033956921085309524
0.028812377557490342
0.023389734076581258
0.017742165798447805
0.01192407029633176
0.005991067560851089
0.00429636336037825
0.008551086798369648
0.012723407021532324
0.0167734373673694
0.020662167803328982
0.024351464926804164
0.02780626353999549
0.03099369001996597
0.03388218568869609
0.036444575017891286
0.038655874054119424
0.040495043678700854
0.04194411297776335
0.042989494187159596
0.043620229432577304
0.04383149724931902
0.043620229432577304
0.042989494187159596
0.04194411297776335
0.040495043678700854
0.038655874054119424
0.036444575017891286
0.03388218568869609
0.03099369001996597
0.02780626353999549
0.024351464926804164
0.020662167803328982
0.0167734373673694
0.012723407021532324
0.008551086798369648
0.00429636336037825
0.002299340840094558
0.004576396699592404
0.006809351755383068
0.008976859341842334
0.011058041950832225
0.013032491231701016
0.014881440884998844
0.01658729750499146
0.018133171422173987
0.019504518754472785
0.020687968513529817
0.021672260919675175
0.022447778244440796
0.023007248546789857
0.02334480735814428
0.02345787431232971
0.02334480735814428
0.023007248546789857
0.022447778244440796
0.021672260919675175
0.020687968513529817
0.019504518754472785
0.018133171422173987
0.01658729750499146
0.014881440884998844
0.013032491231701016
0.011058041950832225
0.008976859341842334
0.006809351755383068
0.004576396699592404
0.002299340840094558
-0.0
-0.0
-0.0
-0.0
-0.0
-0.0
-0.0
-0.0
-0.0
-0.0
-0.0
-0.0
-0.0
-0.0
-0.0
-0.0
-0.0
-0.0
-0.0
-0.0
-0.0
-0.0
-0.0
-0.0
-0.0
-0.0
-0.0
-0.0
-0.0
-0.0
-0.0
