0.09802
0.19509
0.29028
0.38268
0.4714
0.55557
0.63439
0.70711
0.77301
0.83147
0.88192
0.92388
0.95694
0.98079
0.99518
1.0
0.99518
0.98079
0.95694
0.92388
0.88192
0.83147
0.77301
0.70711
0.63439
0.55557
0.4714
0.38268
0.29028
0.19509
0.09802
0.095584815625
0.19024323281250002
0.28306835625
0.37317279375000006
0.45968865625
0.5417675578125001
0.6186293734375
0.6895427359375
0.7538055328125001
0.8108131671875001
0.8600098
0.9009273562500001
0.9331660218750001
0.9564234984375001
0.9704559968750001
0.9751562500000001
0.9704559968750001
0.9564234984375001
0.9331660218750001
0.9009273562500001
0.8600098
0.8108131671875001
0.7538055328125001
0.6895427359375
0.6186293734375
0.5417675578125001
0.45968865625
0.37317279375000006
0.28306835625
0.19024323281250002
0.095584815625
0.09318026249999999
0.18545743125
0.27594742499999997
0.363785175
0.44812462499999994
0.52813873125
0.60306699375
0.67219644375
0.7348426312499999
0.79041616875
0.8383752
0.878263425
0.9096910874999999
0.9323634937499999
0.9460429874999999
0.9506249999999999
0.9460429874999999
0.9323634937499999
0.9096910874999999
0.878263425
0.8383752
0.79041616875
0.7348426312499999
0.67219644375
0.60306699375
0.52813873125
0.44812462499999994
0.363785175
0.27594742499999997
0.18545743125
0.09318026249999999
0.09080634062500001
0.18073259531250002
0.26891720625
0.35451714375000004
0.43670790625000006
0.5146835203125001
0.5877028609375
0.6550711234375001
0.7161212953125
0.7702790046875001
0.8170162000000001
0.8558882062500002
0.8865151968750001
0.9086099859375002
0.921940971875
0.9264062500000001
0.921940971875
0.9086099859375002
0.8865151968750001
0.8558882062500002
0.8170162000000001
0.7702790046875001
0.7161212953125
0.6550711234375001
0.5877028609375
0.5146835203125001
0.43670790625000006
0.35451714375000004
0.26891720625
0.18073259531250002
0.09080634062500001
0.08846304999999999
0.176068725
0.2619777
0.34536870000000003
0.4254385
0.501401925
0.572536975
0.638166775
0.697641525
0.750401675
0.7959328
0.8338017
0.86363835
0.885162975
0.89814995
0.9025
0.89814995
0.885162975
0.86363835
0.8338017
0.7959328
0.750401675
0.697641525
0.638166775
0.572536975
0.501401925
0.4254385
0.34536870000000003
0.2619777
0.176068725
0.08846304999999999
0.08615039062499999
0.17146582031250002
0.25512890625
0.33633984375000003
0.41431640625
0.48829394531250003
0.5575693359375
0.6214833984375
0.6794033203125
0.7307841796875001
0.7751250000000001
0.8120039062500001
0.841060546875
0.8620224609375
0.8746699218749999
0.87890625
0.8746699218749999
0.8620224609375
0.841060546875
0.8120039062500001
0.7751250000000001
0.7307841796875001
0.6794033203125
0.6214833984375
0.5575693359375
0.48829394531250003
0.41431640625
0.33633984375000003
0.25512890625
0.17146582031250002
0.08615039062499999
0.0838683625
0.16692388125000002
0.24837082500000002
0.32743057500000006
0.40334162500000004
0.47535958125000005
0.5427999437500001
0.6050209937500001
0.66140668125
0.7114265187500001
0.7545928000000001
0.7904948250000001
0.8187817875000001
0.8391884437500001
0.8515008875000001
0.8556250000000001
0.8515008875000001
0.8391884437500001
0.8187817875000001
0.7904948250000001
0.7545928000000001
0.7114265187500001
0.66140668125
0.6050209937500001
0.5427999437500001
0.47535958125000005
0.40334162500000004
0.32743057500000006
0.24837082500000002
0.16692388125000002
0.0838683625
0.081616965625
0.1624429078125
0.24170345624999998
0.31864089375
0.39251415624999997
0.4625988328125
0.5282287984375
0.5887795609375001
0.6436516078125
0.6923286921875
0.7343362
0.76927445625
0.796802071875
0.8166609234375001
0.8286428468749999
0.83265625
0.8286428468749999
0.8166609234375001
0.796802071875
0.76927445625
0.7343362
0.6923286921875
0.6436516078125
0.5887795609375001
0.5282287984375
0.4625988328125
0.39251415624999997
0.31864089375
0.24170345624999998
0.1624429078125
0.081616965625
0.0793962
0.15802290000000002
0.2351268
0.30997080000000005
0.381834
0.4500117
0.5138559
0.5727591000000001
0.6261381
0.6734907000000001
0.7143552000000001
0.7483428000000001
0.7751214000000001
0.7944399000000001
0.8060958
0.81
0.8060958
0.7944399000000001
0.7751214000000001
0.7483428000000001
0.7143552000000001
0.6734907000000001
0.6261381
0.5727591000000001
0.5138559
0.4500117
0.381834
0.30997080000000005
0.2351268
0.15802290000000002
0.0793962
0.07720606562499999
0.1536638578125
0.22864085624999997
0.30142029375
0.37130115625
0.43759818281249996
0.49968124843749995
0.5569596109375
0.6088661578125
0.6549125421875
0.6946498
0.72769985625
0.753739771875
0.7725253734374999
0.7838597468749999
0.78765625
0.7838597468749999
0.7725253734374999
0.753739771875
0.72769985625
0.6946498
0.6549125421875
0.6088661578125
0.5569596109375
0.49968124843749995
0.43759818281249996
0.37130115625
0.30142029375
0.22864085624999997
0.1536638578125
0.07720606562499999
0.0750465625
0.14936578125000002
0.22224562499999997
0.292989375
0.36091562499999996
0.42535828125
0.48570484375
0.54138109375
0.59183578125
0.63659421875
0.67522
0.707345625
0.7326571875
0.7509173437500001
0.7619346874999999
0.765625
0.7619346874999999
0.7509173437500001
0.7326571875
0.707345625
0.67522
0.63659421875
0.59183578125
0.54138109375
0.48570484375
0.42535828125
0.36091562499999996
0.292989375
0.22224562499999997
0.14936578125000002
0.0750465625
0.072917690625
0.14512867031250004
0.21594110625000001
0.28467804375000005
0.35067740625000005
0.41329199531250005
0.4719266859375001
0.5260235484375001
0.5750469703125001
0.6185357296875001
0.6560658000000001
0.6872801062500001
0.7118736468750001
0.7296158109375002
0.740320621875
0.7439062500000001
0.740320621875
0.7296158109375002
0.7118736468750001
0.6872801062500001
0.6560658000000001
0.6185357296875001
0.5750469703125001
0.5260235484375001
0.4719266859375001
0.41329199531250005
0.35067740625000005
0.28467804375000005
0.21594110625000001
0.14512867031250004
0.072917690625
0.07081944999999999
0.140952525
0.20972729999999998
0.27648629999999996
0.34058649999999996
0.401399325
0.45834677499999993
0.5108869749999999
0.5584997249999999
0.600737075
0.6371872
0.6675032999999999
0.6913891499999999
0.708620775
0.7190175499999999
0.7224999999999999
0.7190175499999999
0.708620775
0.6913891499999999
0.6675032999999999
0.6371872
0.600737075
0.5584997249999999
0.5108869749999999
0.45834677499999993
0.401399325
0.34058649999999996
0.27648629999999996
0.20972729999999998
0.140952525
0.07081944999999999
0.068751840625
0.13683734531250002
0.20360420625
0.26841414375
0.33064290625
0.3896802703125
0.4449651109375
0.49597137343750003
0.5421940453125
0.5831982546875001
0.6185842
0.6480152062500001
0.671203696875
0.6879322359375001
0.698025471875
0.70140625
0.698025471875
0.6879322359375001
0.671203696875
0.6480152062500001
0.6185842
0.5831982546875001
0.5421940453125
0.49597137343750003
0.4449651109375
0.3896802703125
0.33064290625
0.26841414375
0.20360420625
0.13683734531250002
0.068751840625
0.06671486249999999
0.13278313125
0.19757182499999998
0.260461575
0.32084662499999994
0.37813483124999997
0.43178169375
0.48127674374999996
0.52612993125
0.56591926875
0.6002567999999999
0.628815825
0.6513172875
0.6675501937499999
0.6773443874999999
0.6806249999999999
0.6773443874999999
0.6675501937499999
0.6513172875
0.628815825
0.6002567999999999
0.56591926875
0.52612993125
0.48127674374999996
0.43178169375
0.37813483124999997
0.32084662499999994
0.260461575
0.19757182499999998
0.13278313125
0.06671486249999999
0.06470851562499999
0.1287898828125
0.19163015625
0.25262859375
0.31119765625
0.3667630078125
0.4187965234375
0.46680308593750003
0.5103073828125
0.5489001171875
0.582205
0.60990515625
0.631729921875
0.6474746484375
0.656974296875
0.66015625
0.656974296875
0.6474746484375
0.631729921875
0.60990515625
0.582205
0.5489001171875
0.5103073828125
0.46680308593750003
0.4187965234375
0.3667630078125
0.31119765625
0.25262859375
0.19163015625
0.1287898828125
0.06470851562499999
0.0627328
0.12485760000000003
0.18577920000000003
0.24491520000000006
0.3016960000000001
0.35556480000000007
0.4060096000000001
0.4525504000000001
0.49472640000000007
0.5321408000000001
0.5644288000000002
0.5912832000000001
0.6124416000000001
0.6277056000000002
0.6369152000000001
0.6400000000000001
0.6369152000000001
0.6277056000000002
0.6124416000000001
0.5912832000000001
0.5644288000000002
0.5321408000000001
0.49472640000000007
0.4525504000000001
0.4060096000000001
0.35556480000000007
0.3016960000000001
0.24491520000000006
0.18577920000000003
0.12485760000000003
0.0627328
0.060787715624999995
0.1209862828125
0.18001895624999997
0.23732139375
0.29234165624999997
0.3445402078125
0.39342092343749996
0.4385186859375
0.4793869828125
0.5156413171875
0.5469282
0.57294995625
0.593452321875
0.6082430484375
0.6171670968749999
0.62015625
0.6171670968749999
0.6082430484375
0.593452321875
0.57294995625
0.5469282
0.5156413171875
0.4793869828125
0.4385186859375
0.39342092343749996
0.3445402078125
0.29234165624999997
0.23732139375
0.18001895624999997
0.1209862828125
0.060787715624999995
0.0588732625
0.11717593125000002
0.174349425
0.22984717500000004
0.28313462500000003
0.33368923125000005
0.38103049375000003
0.42470794375000004
0.46428913125000004
0.4994016687500001
0.5297032
0.5549054250000001
0.5747620875000001
0.5890869937500001
0.5977299875000001
0.6006250000000001
0.5977299875000001
0.5890869937500001
0.5747620875000001
0.5549054250000001
0.5297032
0.4994016687500001
0.46428913125000004
0.42470794375000004
0.38103049375000003
0.33368923125000005
0.28313462500000003
0.22984717500000004
0.174349425
0.11717593125000002
0.0588732625
0.056989440624999985
0.11342654531249999
0.16877060624999995
0.22249254374999997
0.27407490624999997
0.32301187031249995
0.36883831093749997
0.41111817343749996
0.4494328453124999
0.48342185468749993
0.5127537999999999
0.53714960625
0.556370896875
0.5702374359375
0.5786038718749998
0.5814062499999999
0.5786038718749998
0.5702374359375
0.556370896875
0.53714960625
0.5127537999999999
0.48342185468749993
0.4494328453124999
0.41111817343749996
0.36883831093749997
0.32301187031249995
0.27407490624999997
0.22249254374999997
0.16877060624999995
0.11342654531249999
0.056989440624999985
0.05513625
0.109738125
0.1632825
0.21525750000000002
0.26516249999999997
0.312508125
0.356844375
0.397749375
0.434818125
0.46770187500000004
0.49608
0.5196825
0.53827875
0.5516943750000001
0.55978875
0.5625
0.55978875
0.5516943750000001
0.53827875
0.5196825
0.49608
0.46770187500000004
0.434818125
0.397749375
0.356844375
0.312508125
0.26516249999999997
0.21525750000000002
0.1632825
0.109738125
0.05513625
0.053313690625
0.10611067031250002
0.15788510625
0.20814204375000003
0.25639740625
0.3021779953125
0.34504868593750004
0.38460154843750005
0.4204449703125
0.45224172968750004
0.47968180000000005
0.5025041062500001
0.5204856468750001
0.5334578109375001
0.541284621875
0.54390625
0.541284621875
0.5334578109375001
0.5204856468750001
0.5025041062500001
0.47968180000000005
0.45224172968750004
0.4204449703125
0.38460154843750005
0.34504868593750004
0.3021779953125
0.25639740625
0.20814204375000003
0.15788510625
0.10611067031250002
0.053313690625
0.0515217625
0.10254418125
0.152578425
0.201146175
0.247779625
0.29202148125
0.33345124375
0.37167469375
0.40631338125
0.43704141875
0.4635592
0.485614425
0.5029915875000001
0.51552774375
0.5230914875
0.525625
0.5230914875
0.51552774375
0.5029915875000001
0.485614425
0.4635592
0.43704141875
0.40631338125
0.37167469375
0.33345124375
0.29202148125
0.247779625
0.201146175
0.152578425
0.10254418125
0.0515217625
0.04976046562499999
0.09903865781249999
0.14736245624999997
0.19426989374999998
0.23930915624999996
0.28203858281249994
0.32205204843749996
0.35896881093749994
0.39242335781249993
0.42210094218749994
0.44771219999999995
0.46901345624999996
0.4857965718749999
0.49790417343749993
0.5052093468749999
0.5076562499999999
0.5052093468749999
0.49790417343749993
0.4857965718749999
0.46901345624999996
0.44771219999999995
0.42210094218749994
0.39242335781249993
0.35896881093749994
0.32205204843749996
0.28203858281249994
0.23930915624999996
0.19426989374999998
0.14736245624999997
0.09903865781249999
0.04976046562499999
0.04802979999999999
0.09559409999999999
0.14223719999999998
0.1875132
0.23098599999999997
0.27222929999999995
0.3108511
0.34648389999999996
0.3787748999999999
0.40742029999999996
0.43214079999999994
0.45270119999999997
0.46890059999999995
0.4805871
0.4876381999999999
0.48999999999999994
0.4876381999999999
0.4805871
0.46890059999999995
0.45270119999999997
0.43214079999999994
0.40742029999999996
0.3787748999999999
0.34648389999999996
0.3108511
0.27222929999999995
0.23098599999999997
0.1875132
0.14223719999999998
0.09559409999999999
0.04802979999999999
0.046329765625
0.09221050781250001
0.13720265625
0.18087609375000002
0.22281015625
0.2625936328125
0.2998483984375
0.3342199609375
0.3653680078125
0.3929994921875
0.416845
0.43667765625
0.452303671875
0.4635765234375
0.47037804687499996
0.47265625
0.47037804687499996
0.4635765234375
0.452303671875
0.43667765625
0.416845
0.3929994921875
0.3653680078125
0.3342199609375
0.2998483984375
0.2625936328125
0.22281015625
0.18087609375000002
0.13720265625
0.09221050781250001
0.046329765625
0.0446603625
0.08888788125000002
0.132258825
0.17435857500000004
0.21478162500000003
0.25313158125
0.28904394375000003
0.32217699375000003
0.35220268125000004
0.3788385187500001
0.4018248000000001
0.4209428250000001
0.4360057875000001
0.44687244375000007
0.45342888750000004
0.45562500000000006
0.45342888750000004
0.44687244375000007
0.4360057875000001
0.4209428250000001
0.4018248000000001
0.3788385187500001
0.35220268125000004
0.32217699375000003
0.28904394375000003
0.25313158125
0.21478162500000003
0.17435857500000004
0.132258825
0.08888788125000002
0.0446603625
0.043021590624999995
0.0856262203125
0.12740570625
0.16796064375
0.20690040625
0.2438431453125
0.2784377359375
0.31035499843750003
0.3392789203125
0.3649373796875
0.38708020000000004
0.40549670625
0.420006946875
0.43047486093750004
0.43679072187499995
0.43890625
0.43679072187499995
0.43047486093750004
0.420006946875
0.40549670625
0.38708020000000004
0.3649373796875
0.3392789203125
0.31035499843750003
0.2784377359375
0.2438431453125
0.20690040625
0.16796064375
0.12740570625
0.0856262203125
0.043021590624999995
0.041413449999999984
0.08242552499999999
0.12264329999999996
0.16168229999999997
0.19916649999999994
0.23472832499999993
0.2680297749999999
0.2987539749999999
0.32659672499999987
0.35129607499999993
0.3726111999999999
0.3903392999999999
0.4043071499999999
0.4143837749999999
0.42046354999999985
0.4224999999999999
0.42046354999999985
0.4143837749999999
0.4043071499999999
0.3903392999999999
0.3726111999999999
0.35129607499999993
0.32659672499999987
0.2987539749999999
0.2680297749999999
0.23472832499999993
0.19916649999999994
0.16168229999999997
0.12264329999999996
0.08242552499999999
0.041413449999999984
0.039835940624999996
0.0792857953125
0.11797160624999999
0.15552354375
0.19157990625
0.22578712031249998
0.2578200609375
0.2873739234375
0.31415609531249994
0.3379146046875
0.3584178
0.37547060625
0.38890639687499995
0.3985991859375
0.40444737187499996
0.40640624999999997
0.40444737187499996
0.3985991859375
0.38890639687499995
0.37547060625
0.3584178
0.3379146046875
0.31415609531249994
0.2873739234375
0.2578200609375
0.22578712031249998
0.19157990625
0.15552354375
0.11797160624999999
0.0792857953125
0.039835940624999996
0.0382890625
0.07620703125
0.113390625
0.149484375
0.184140625
0.21701953125
0.24780859375
0.27621484375
0.30195703125
0.32479296875
0.34450000000000003
0.360890625
0.3738046875
0.38312109375000003
0.3887421875
0.390625
0.3887421875
0.38312109375000003
0.3738046875
0.360890625
0.34450000000000003
0.32479296875
0.30195703125
0.27621484375
0.24780859375
0.21701953125
0.184140625
0.149484375
0.113390625
0.07620703125
0.0382890625
0.036772815625000004
0.07318923281250002
0.10890035625000001
0.14356479375000003
0.17684865625000004
0.20842555781250005
0.23799537343750005
0.26527673593750006
0.28999953281250007
0.3119311671875001
0.3308578000000001
0.3465993562500001
0.3590020218750001
0.3679494984375001
0.3733479968750001
0.3751562500000001
0.3733479968750001
0.3679494984375001
0.3590020218750001
0.3465993562500001
0.3308578000000001
0.3119311671875001
0.28999953281250007
0.26527673593750006
0.23799537343750005
0.20842555781250005
0.17684865625000004
0.14356479375000003
0.10890035625000001
0.07318923281250002
0.036772815625000004
0.0352872
0.0702324
0.10450079999999999
0.1377648
0.169704
0.2000052
0.22838039999999998
0.2545596
0.27828359999999996
0.2993292
0.31749120000000003
0.3325968
0.3444984
0.3530844
0.3582648
0.36
0.3582648
0.3530844
0.3444984
0.3325968
0.31749120000000003
0.2993292
0.27828359999999996
0.2545596
0.22838039999999998
0.2000052
0.169704
0.1377648
0.10450079999999999
0.0702324
0.0352872
0.03383221562499999
0.06733653281249999
0.10019195624999996
0.13208439374999997
0.16270665624999994
0.19175845781249995
0.21896367343749992
0.24406343593749993
0.2668092328124999
0.28698706718749994
0.3044001999999999
0.3188829562499999
0.3302938218749999
0.3385257984374999
0.3434925968749999
0.3451562499999999
0.3434925968749999
0.3385257984374999
0.3302938218749999
0.3188829562499999
0.3044001999999999
0.28698706718749994
0.2668092328124999
0.24406343593749993
0.21896367343749992
0.19175845781249995
0.16270665624999994
0.13208439374999997
0.10019195624999996
0.06733653281249999
0.03383221562499999
0.032407862499999995
0.06450163125
0.09597382499999998
0.126523575
0.15585662499999997
0.18368533124999997
0.20974519374999998
0.23378824374999996
0.25557643124999996
0.27490476875
0.2915848
0.30545782499999996
0.3163882875
0.32427369375
0.32903138749999994
0.33062499999999995
0.32903138749999994
0.32427369375
0.3163882875
0.30545782499999996
0.2915848
0.27490476875
0.25557643124999996
0.23378824374999996
0.20974519374999998
0.18368533124999997
0.15585662499999997
0.126523575
0.09597382499999998
0.06450163125
0.032407862499999995
0.031014140625
0.061727695312500004
0.09184640625
0.12108234375
0.14915390625
0.1757858203125
0.2007249609375
0.2237340234375
0.2445851953125
0.2630823046875
0.279045
0.29232140625
0.302781796875
0.3103280859375
0.314881171875
0.31640625
0.314881171875
0.3103280859375
0.302781796875
0.29232140625
0.279045
0.2630823046875
0.2445851953125
0.2237340234375
0.2007249609375
0.1757858203125
0.14915390625
0.12108234375
0.09184640625
0.061727695312500004
0.031014140625
0.02965105
0.05901472500000001
0.0878097
0.11576070000000002
0.14259850000000002
0.16805992500000003
0.19190297500000003
0.21390077500000004
0.23383552500000002
0.25151967500000005
0.26678080000000004
0.27947370000000005
0.28947435000000005
0.2966889750000001
0.30104195000000006
0.30250000000000005
0.30104195000000006
0.2966889750000001
0.28947435000000005
0.27947370000000005
0.26678080000000004
0.25151967500000005
0.23383552500000002
0.21390077500000004
0.19190297500000003
0.16805992500000003
0.14259850000000002
0.11576070000000002
0.0878097
0.05901472500000001
0.02965105
0.028318590624999997
0.056362720312499996
0.08386370624999999
0.11055864374999999
0.13619040624999998
0.1605076453125
0.18327923593749998
0.2042884984375
0.22332742031249997
0.2402168796875
0.25479219999999997
0.26691470624999997
0.276465946875
0.2833563609375
0.28751372187499996
0.28890625
0.28751372187499996
0.2833563609375
0.276465946875
0.26691470624999997
0.25479219999999997
0.2402168796875
0.22332742031249997
0.2042884984375
0.18327923593749998
0.1605076453125
0.13619040624999998
0.11055864374999999
0.08386370624999999
0.056362720312499996
0.028318590624999997
0.02701676249999999
0.05377168124999998
0.08000842499999997
0.10547617499999996
0.12992962499999994
0.15312898124999993
0.17485374374999993
0.19489719374999992
0.21306088124999992
0.22917391874999993
0.2430791999999999
0.2546444249999999
0.2637565874999999
0.2703302437499999
0.2742964874999999
0.2756249999999999
0.2742964874999999
0.2703302437499999
0.2637565874999999
0.2546444249999999
0.2430791999999999
0.22917391874999993
0.21306088124999992
0.19489719374999992
0.17485374374999993
0.15312898124999993
0.12992962499999994
0.10547617499999996
0.08000842499999997
0.05377168124999998
0.02701676249999999
0.025745565624999998
0.0512416078125
0.07624385624999999
0.10051329375
0.12381615624999999
0.1459239328125
0.1666264984375
0.1857268609375
0.20303590781249997
0.2183907921875
0.23164179999999998
0.24266285625
0.25134627187499997
0.2576106234375
0.26139024687499995
0.26265625
0.26139024687499995
0.2576106234375
0.25134627187499997
0.24266285625
0.23164179999999998
0.2183907921875
0.20303590781249997
0.1857268609375
0.1666264984375
0.1459239328125
0.12381615624999999
0.10051329375
0.07624385624999999
0.0512416078125
0.025745565624999998
0.024505
0.0487725
0.07257
0.09567
0.11785
0.1388925
0.1585975
0.1767775
0.1932525
0.2078675
0.22048
0.23097
0.239235
0.2451975
0.248795
0.25
0.248795
0.2451975
0.239235
0.23097
0.22048
0.2078675
0.1932525
0.1767775
0.1585975
0.1388925
0.11785
0.09567
0.07257
0.0487725
0.024505
0.023295065624999993
0.04636435781249999
0.06898685624999998
0.09094629374999998
0.11203115624999996
0.13203468281249997
0.15076674843749996
0.16804911093749997
0.18371065781249993
0.19760404218749994
0.20959379999999994
0.21956585624999994
0.22742277187499993
0.23309087343749996
0.23651074687499993
0.23765624999999993
0.23651074687499993
0.23309087343749996
0.22742277187499993
0.21956585624999994
0.20959379999999994
0.19760404218749994
0.18371065781249993
0.16804911093749997
0.15076674843749996
0.13203468281249997
0.11203115624999996
0.09094629374999998
0.06898685624999998
0.04636435781249999
0.023295065624999993
0.022115762499999997
0.04401718125
0.065494425
0.08634217500000001
0.106359625
0.12535048125
0.14313424375
0.15954169375
0.17441038125
0.18760041875
0.1989832
0.208450425
0.2159095875
0.22129074375
0.2245374875
0.225625
0.2245374875
0.22129074375
0.2159095875
0.208450425
0.1989832
0.18760041875
0.17441038125
0.15954169375
0.14313424375
0.12535048125
0.106359625
0.08634217500000001
0.065494425
0.04401718125
0.022115762499999997
0.020967090625
0.041730970312500004
0.062092706250000004
0.08185764375000001
0.10083540625000001
0.11883989531250001
0.13569998593750002
0.15125524843750002
0.1653516703125
0.17785662968750002
0.18864820000000002
0.19762370625000003
0.20469544687500002
0.20979711093750003
0.21287522187500002
0.21390625000000002
0.21287522187500002
0.20979711093750003
0.20469544687500002
0.19762370625000003
0.18864820000000002
0.17785662968750002
0.1653516703125
0.15125524843750002
0.13569998593750002
0.11883989531250001
0.10083540625000001
0.08185764375000001
0.062092706250000004
0.041730970312500004
0.020967090625
0.019849049999999997
0.03950572499999999
0.058781699999999985
0.07749269999999998
0.09545849999999997
0.11250292499999998
0.12846397499999998
0.14318977499999996
0.15653452499999995
0.16837267499999997
0.17858879999999996
0.18708569999999997
0.19378034999999996
0.19860997499999997
0.20152394999999995
0.20249999999999996
0.20152394999999995
0.19860997499999997
0.19378034999999996
0.18708569999999997
0.17858879999999996
0.16837267499999997
0.15653452499999995
0.14318977499999996
0.12846397499999998
0.11250292499999998
0.09545849999999997
0.07749269999999998
0.058781699999999985
0.03950572499999999
0.019849049999999997
0.018761640625
0.037341445312500006
0.055561406249999994
0.07324734375
0.09022890624999999
0.1063395703125
0.1214262109375
0.1353452734375
0.1479589453125
0.1591485546875
0.168805
0.17683640625
0.183164296875
0.18772933593750002
0.19048367187499998
0.19140625
0.19048367187499998
0.18772933593750002
0.183164296875
0.17683640625
0.168805
0.1591485546875
0.1479589453125
0.1353452734375
0.1214262109375
0.1063395703125
0.09022890624999999
0.07324734375
0.055561406249999994
0.037341445312500006
0.018761640625
0.017704862499999995
0.03523813124999999
0.05243182499999998
0.06912157499999999
0.08514662499999998
0.10034983124999998
0.11458669374999997
0.12772174374999998
0.13962493124999995
0.15018426874999996
0.15929679999999996
0.16687582499999995
0.17284728749999995
0.17715519374999997
0.17975438749999995
0.18062499999999995
0.17975438749999995
0.17715519374999997
0.17284728749999995
0.16687582499999995
0.15929679999999996
0.15018426874999996
0.13962493124999995
0.12772174374999998
0.11458669374999997
0.10034983124999998
0.08514662499999998
0.06912157499999999
0.05243182499999998
0.03523813124999999
0.017704862499999995
0.016678715624999996
0.0331957828125
0.049392956249999995
0.06511539375
0.08021165624999999
0.09453370781249999
0.1079454234375
0.12031918593749999
0.1315324828125
0.1414798171875
0.15006419999999998
0.15720395625
0.162829321875
0.16688754843749998
0.16933609687499998
0.17015624999999998
0.16933609687499998
0.16688754843749998
0.162829321875
0.15720395625
0.15006419999999998
0.1414798171875
0.1315324828125
0.12031918593749999
0.1079454234375
0.09453370781249999
0.08021165624999999
0.06511539375
0.049392956249999995
0.0331957828125
0.016678715624999996
0.01568319999999999
0.031214399999999986
0.046444799999999974
0.06122879999999997
0.07542399999999996
0.08889119999999996
0.10150239999999995
0.11313759999999995
0.12368159999999993
0.13303519999999994
0.14110719999999993
0.14782079999999992
0.15311039999999992
0.15692639999999994
0.15922879999999992
0.15999999999999992
0.15922879999999992
0.15692639999999994
0.15311039999999992
0.14782079999999992
0.14110719999999993
0.13303519999999994
0.12368159999999993
0.11313759999999995
0.10150239999999995
0.08889119999999996
0.07542399999999996
0.06122879999999997
0.046444799999999974
0.031214399999999986
0.01568319999999999
0.014718315624999995
0.029293982812499994
0.04358735624999999
0.05746179374999999
0.07078365624999998
0.08342230781249999
0.09525762343749998
0.10617698593749998
0.11607228281249997
0.12485041718749998
0.13242579999999998
0.13872635624999996
0.14369052187499998
0.14727174843749996
0.14943249687499996
0.15015624999999996
0.14943249687499996
0.14727174843749996
0.14369052187499998
0.13872635624999996
0.13242579999999998
0.12485041718749998
0.11607228281249997
0.10617698593749998
0.09525762343749998
0.08342230781249999
0.07078365624999998
0.05746179374999999
0.04358735624999999
0.029293982812499994
0.014718315624999995
0.0137840625
0.02743453125
0.040820625
0.053814375000000005
0.06629062499999999
0.07812703125
0.08921109375
0.09943734375
0.10870453125
0.11692546875000001
0.12402
0.129920625
0.1345696875
0.13792359375000002
0.1399471875
0.140625
0.1399471875
0.13792359375000002
0.1345696875
0.129920625
0.12402
0.11692546875000001
0.10870453125
0.09943734375
0.08921109375
0.07812703125
0.06629062499999999
0.053814375000000005
0.040820625
0.02743453125
0.0137840625
0.012880440624999994
0.02563604531249999
0.038144606249999984
0.05028654374999998
0.06194490624999997
0.07300537031249997
0.08336281093749996
0.09291867343749996
0.10157834531249996
0.10926035468749996
0.11588979999999996
0.12140360624999995
0.12574789687499996
0.12888193593749994
0.13077287187499995
0.13140624999999995
0.13077287187499995
0.12888193593749994
0.12574789687499996
0.12140360624999995
0.11588979999999996
0.10926035468749996
0.10157834531249996
0.09291867343749996
0.08336281093749996
0.07300537031249997
0.06194490624999997
0.05028654374999998
0.038144606249999984
0.02563604531249999
0.012880440624999994
0.012007449999999998
0.023898524999999997
0.035559299999999995
0.0468783
0.05774649999999999
0.06805732499999999
0.077712775
0.08662097499999999
0.09469372499999998
0.10185507499999999
0.10803519999999998
0.11317529999999999
0.11722514999999999
0.120146775
0.12190954999999998
0.12249999999999998
0.12190954999999998
0.120146775
0.11722514999999999
0.11317529999999999
0.10803519999999998
0.10185507499999999
0.09469372499999998
0.08662097499999999
0.077712775
0.06805732499999999
0.05774649999999999
0.0468783
0.035559299999999995
0.023898524999999997
0.012007449999999998
0.011165090624999994
0.022221970312499992
0.033064706249999985
0.04358964374999998
0.05369540624999997
0.06328289531249998
0.07226098593749997
0.08054424843749997
0.08805067031249995
0.09470962968749996
0.10045619999999995
0.10523570624999995
0.10900144687499995
0.11171811093749995
0.11335722187499994
0.11390624999999995
0.11335722187499994
0.11171811093749995
0.10900144687499995
0.10523570624999995
0.10045619999999995
0.09470962968749996
0.08805067031249995
0.08054424843749997
0.07226098593749997
0.06328289531249998
0.05369540624999997
0.04358964374999998
0.033064706249999985
0.022221970312499992
0.011165090624999994
0.010353362499999996
0.020606381249999996
0.03066082499999999
0.04042057499999999
0.049791624999999985
0.05868208124999998
0.06700744374999998
0.07468849374999997
0.08164918124999997
0.08782401874999998
0.09315279999999998
0.09758482499999997
0.10107678749999997
0.10359594374999997
0.10511588749999996
0.10562499999999997
0.10511588749999996
0.10359594374999997
0.10107678749999997
0.09758482499999997
0.09315279999999998
0.08782401874999998
0.08164918124999997
0.07468849374999997
0.06700744374999998
0.05868208124999998
0.049791624999999985
0.04042057499999999
0.03066082499999999
0.020606381249999996
0.010353362499999996
0.009572265625
0.0190517578125
0.02834765625
0.03737109375
0.04603515625
0.0542548828125
0.0619521484375
0.0690537109375
0.0754892578125
0.0811982421875
0.08612500000000001
0.09022265625
0.093451171875
0.09578027343750001
0.097185546875
0.09765625
0.097185546875
0.09578027343750001
0.093451171875
0.09022265625
0.08612500000000001
0.0811982421875
0.0754892578125
0.0690537109375
0.0619521484375
0.0542548828125
0.04603515625
0.03737109375
0.02834765625
0.0190517578125
0.009572265625
0.008821799999999996
0.017558099999999993
0.026125199999999984
0.034441199999999984
0.04242599999999998
0.05000129999999998
0.057095099999999975
0.06363989999999997
0.06957089999999996
0.07483229999999996
0.07937279999999997
0.08314919999999996
0.08612459999999995
0.08827109999999996
0.08956619999999996
0.08999999999999996
0.08956619999999996
0.08827109999999996
0.08612459999999995
0.08314919999999996
0.07937279999999997
0.07483229999999996
0.06957089999999996
0.06363989999999997
0.057095099999999975
0.05000129999999998
0.04242599999999998
0.034441199999999984
0.026125199999999984
0.017558099999999993
0.008821799999999996
0.008101965624999999
0.0161254078125
0.023993456249999996
0.03163089375
0.03896415624999999
0.04592133281249999
0.052436298437499994
0.05844706093749999
0.06389410781249999
0.0687261921875
0.0728962
0.07636445624999999
0.079097071875
0.0810684234375
0.08225784687499998
0.08265624999999999
0.08225784687499998
0.0810684234375
0.079097071875
0.07636445624999999
0.0728962
0.0687261921875
0.06389410781249999
0.05844706093749999
0.052436298437499994
0.04592133281249999
0.03896415624999999
0.03163089375
0.023993456249999996
0.0161254078125
0.008101965624999999
0.007412762499999995
0.014753681249999992
0.021952424999999987
0.028940174999999985
0.035649624999999976
0.04201498124999998
0.04797574374999997
0.05347519374999997
0.05845888124999996
0.06287991874999997
0.06669519999999997
0.06986842499999996
0.07236858749999996
0.07417224374999996
0.07526048749999996
0.07562499999999996
0.07526048749999996
0.07417224374999996
0.07236858749999996
0.06986842499999996
0.06669519999999997
0.06287991874999997
0.05845888124999996
0.05347519374999997
0.04797574374999997
0.04201498124999998
0.035649624999999976
0.028940174999999985
0.021952424999999987
0.014753681249999992
0.007412762499999995
0.006754190624999997
0.013442920312499995
0.02000210624999999
0.02636904374999999
0.032482406249999984
0.038282245312499984
0.04371343593749998
0.04872429843749998
0.05326522031249998
0.05729347968749998
0.06076979999999998
0.06366110624999997
0.06593914687499998
0.06758256093749998
0.06857412187499998
0.06890624999999997
0.06857412187499998
0.06758256093749998
0.06593914687499998
0.06366110624999997
0.06076979999999998
0.05729347968749998
0.05326522031249998
0.04872429843749998
0.04371343593749998
0.038282245312499984
0.032482406249999984
0.02636904374999999
0.02000210624999999
0.013442920312499995
0.006754190624999997
0.00612625
0.012193125
0.0181425
0.0239175
0.0294625
0.034723125
0.039649375
0.044194375
0.048313125
0.051966875
0.05512
0.0577425
0.05980875
0.061299375
0.06219875
0.0625
0.06219875
0.061299375
0.05980875
0.0577425
0.05512
0.051966875
0.048313125
0.044194375
0.039649375
0.034723125
0.0294625
0.0239175
0.0181425
0.012193125
0.00612625
0.005528940624999997
0.011004295312499995
0.016373606249999992
0.02158554374999999
0.026589906249999986
0.03133762031249998
0.03578356093749998
0.03988542343749998
0.04360259531249998
0.04690010468749998
0.04974579999999998
0.05211260624999998
0.05397739687499997
0.05532268593749998
0.05613437187499997
0.05640624999999997
0.05613437187499997
0.05532268593749998
0.05397739687499997
0.05211260624999998
0.04974579999999998
0.04690010468749998
0.04360259531249998
0.03988542343749998
0.03578356093749998
0.03133762031249998
0.026589906249999986
0.02158554374999999
0.016373606249999992
0.011004295312499995
0.005528940624999997
0.004962262499999999
0.009876431249999998
0.014695424999999996
0.019373174999999996
0.023864624999999993
0.028125731249999994
0.032115993749999995
0.03579744374999999
0.03913363124999999
0.04209316874999999
0.04464719999999999
0.04677142499999999
0.04844508749999999
0.04965249374999999
0.05038098749999999
0.05062499999999999
0.05038098749999999
0.04965249374999999
0.04844508749999999
0.04677142499999999
0.04464719999999999
0.04209316874999999
0.03913363124999999
0.03579744374999999
0.032115993749999995
0.028125731249999994
0.023864624999999993
0.019373174999999996
0.014695424999999996
0.009876431249999998
0.004962262499999999
0.004426215624999996
0.008809532812499993
0.013107956249999988
0.017280393749999987
0.02128665624999998
0.025087457812499978
0.028646673437499975
0.031930435937499974
0.034906232812499965
0.03754606718749997
0.03982419999999997
0.04171895624999997
0.043211821874999966
0.044288798437499964
0.04493859687499996
0.04515624999999996
0.04493859687499996
0.044288798437499964
0.043211821874999966
0.04171895624999997
0.03982419999999997
0.03754606718749997
0.034906232812499965
0.031930435937499974
0.028646673437499975
0.025087457812499978
0.02128665624999998
0.017280393749999987
0.013107956249999988
0.008809532812499993
0.004426215624999996
0.003920799999999998
0.0078035999999999965
0.011611199999999993
0.015307199999999993
0.01885599999999999
0.02222279999999999
0.025375599999999988
0.028284399999999987
0.030920399999999983
0.033258799999999984
0.03527679999999998
0.03695519999999998
0.03827759999999998
0.039231599999999985
0.03980719999999998
0.03999999999999998
0.03980719999999998
0.039231599999999985
0.03827759999999998
0.03695519999999998
0.03527679999999998
0.033258799999999984
0.030920399999999983
0.028284399999999987
0.025375599999999988
0.02222279999999999
0.01885599999999999
0.015307199999999993
0.011611199999999993
0.0078035999999999965
0.003920799999999998
0.003446015625
0.0068586328125
0.01020515625
0.013453593750000001
0.016572656249999998
0.0195317578125
0.0223027734375
0.0248593359375
0.0271761328125
0.029231367187500003
0.031005
0.03248015625
0.033642421875
0.034480898437500004
0.034986796875
0.03515625
0.034986796875
0.034480898437500004
0.033642421875
0.03248015625
0.031005
0.029231367187500003
0.0271761328125
0.0248593359375
0.0223027734375
0.0195317578125
0.016572656249999998
0.013453593750000001
0.01020515625
0.0068586328125
0.003446015625
0.0030018624999999972
0.005974631249999996
0.008889824999999992
0.01171957499999999
0.014436624999999988
0.017014331249999987
0.019428193749999986
0.021655243749999983
0.02367343124999998
0.02546376874999998
0.02700879999999998
0.028293824999999977
0.029306287499999976
0.03003669374999998
0.030477387499999974
0.030624999999999975
0.030477387499999974
0.03003669374999998
0.029306287499999976
0.028293824999999977
0.02700879999999998
0.02546376874999998
0.02367343124999998
0.021655243749999983
0.019428193749999986
0.017014331249999987
0.014436624999999988
0.01171957499999999
0.008889824999999992
0.005974631249999996
0.0030018624999999972
0.002588340624999999
0.005151595312499999
0.007665206249999997
0.010105143749999998
0.012447906249999996
0.014670520312499996
0.016751860937499995
0.018672123437499993
0.02041229531249999
0.021956004687499996
0.023288199999999995
0.024396206249999993
0.025269196874999993
0.025898985937499994
0.02627897187499999
0.026406249999999992
0.02627897187499999
0.025898985937499994
0.025269196874999993
0.024396206249999993
0.023288199999999995
0.021956004687499996
0.02041229531249999
0.018672123437499993
0.016751860937499995
0.014670520312499996
0.012447906249999996
0.010105143749999998
0.007665206249999997
0.005151595312499999
0.002588340624999999
0.0022054499999999973
0.004389524999999996
0.0065312999999999925
0.008610299999999991
0.010606499999999987
0.012500324999999986
0.014273774999999985
0.015909974999999982
0.01739272499999998
0.01870807499999998
0.019843199999999978
0.020787299999999977
0.021531149999999975
0.022067774999999977
0.022391549999999975
0.022499999999999975
0.022391549999999975
0.022067774999999977
0.021531149999999975
0.020787299999999977
0.019843199999999978
0.01870807499999998
0.01739272499999998
0.015909974999999982
0.014273774999999985
0.012500324999999986
0.010606499999999987
0.008610299999999991
0.0065312999999999925
0.004389524999999996
0.0022054499999999973
0.0018531906249999988
0.003688420312499998
0.005488106249999997
0.007235043749999996
0.008912406249999994
0.010503745312499995
0.011993935937499993
0.013368798437499992
0.01461472031249999
0.015719979687499993
0.016673799999999992
0.01746710624999999
0.01809214687499999
0.01854306093749999
0.01881512187499999
0.01890624999999999
0.01881512187499999
0.01854306093749999
0.01809214687499999
0.01746710624999999
0.016673799999999992
0.015719979687499993
0.01461472031249999
0.013368798437499992
0.011993935937499993
0.010503745312499995
0.008912406249999994
0.007235043749999996
0.005488106249999997
0.003688420312499998
0.0018531906249999988
0.0015315625
0.00304828125
0.004535625
0.005979375
0.007365625
0.00868078125
0.00991234375
0.01104859375
0.01207828125
0.01299171875
0.01378
0.014435625
0.0149521875
0.01532484375
0.0155496875
0.015625
0.0155496875
0.01532484375
0.0149521875
0.014435625
0.01378
0.01299171875
0.01207828125
0.01104859375
0.00991234375
0.00868078125
0.007365625
0.005979375
0.004535625
0.00304828125
0.0015315625
0.0012405656249999985
0.0024691078124999973
0.0036738562499999956
0.004843293749999995
0.005966156249999993
0.0070314328124999916
0.00802899843749999
0.008949360937499989
0.009783407812499988
0.010523292187499988
0.011161799999999987
0.011692856249999987
0.012111271874999986
0.012413123437499986
0.012595246874999985
0.012656249999999985
0.012595246874999985
0.012413123437499986
0.012111271874999986
0.011692856249999987
0.011161799999999987
0.010523292187499988
0.009783407812499988
0.008949360937499989
0.00802899843749999
0.0070314328124999916
0.005966156249999993
0.004843293749999995
0.0036738562499999956
0.0024691078124999973
0.0012405656249999985
0.0009801999999999994
0.0019508999999999991
0.0029027999999999984
0.0038267999999999983
0.004713999999999998
0.005555699999999998
0.006343899999999997
0.007071099999999997
0.007730099999999996
0.008314699999999996
0.008819199999999996
0.009238799999999995
0.009569399999999995
0.009807899999999996
0.009951799999999995
0.009999999999999995
0.009951799999999995
0.009807899999999996
0.009569399999999995
0.009238799999999995
0.008819199999999996
0.008314699999999996
0.007730099999999996
0.007071099999999997
0.006343899999999997
0.005555699999999998
0.004713999999999998
0.0038267999999999983
0.0029027999999999984
0.0019508999999999991
0.0009801999999999994
0.0007504656249999984
0.001493657812499997
0.0022224562499999954
0.0029298937499999942
0.0036091562499999926
0.0042535828124999914
0.00485704843749999
0.005413810937499989
0.005918357812499987
0.006365942187499987
0.006752199999999986
0.007073456249999986
0.007326571874999985
0.007509173437499985
0.007619346874999984
0.007656249999999984
0.007619346874999984
0.007509173437499985
0.007326571874999985
0.007073456249999986
0.006752199999999986
0.006365942187499987
0.005918357812499987
0.005413810937499989
0.00485704843749999
0.0042535828124999914
0.0036091562499999926
0.0029298937499999942
0.0022224562499999954
0.001493657812499997
0.0007504656249999984
0.0005513624999999993
0.001097381249999999
0.0016328249999999981
0.0021525749999999977
0.002651624999999997
0.0031250812499999964
0.0035684437499999963
0.003977493749999996
0.004348181249999995
0.004677018749999995
0.004960799999999994
0.005196824999999994
0.005382787499999994
0.005516943749999994
0.005597887499999994
0.005624999999999994
0.005597887499999994
0.005516943749999994
0.005382787499999994
0.005196824999999994
0.004960799999999994
0.004677018749999995
0.004348181249999995
0.003977493749999996
0.0035684437499999963
0.0031250812499999964
0.002651624999999997
0.0021525749999999977
0.0016328249999999981
0.001097381249999999
0.0005513624999999993
0.000382890625
0.0007620703125
0.00113390625
0.00149484375
0.00184140625
0.0021701953125
0.0024780859375
0.0027621484375
0.0030195703125
0.0032479296875
0.003445
0.00360890625
0.003738046875
0.0038312109375
0.003887421875
0.00390625
0.003887421875
0.0038312109375
0.003738046875
0.00360890625
0.003445
0.0032479296875
0.0030195703125
0.0027621484375
0.0024780859375
0.0021701953125
0.00184140625
0.00149484375
0.00113390625
0.0007620703125
0.000382890625
0.00024504999999999937
0.00048772499999999875
0.0007256999999999981
0.0009566999999999976
0.0011784999999999968
0.0013889249999999964
0.001585974999999996
0.0017677749999999955
0.001932524999999995
0.0020786749999999947
0.0022047999999999946
0.002309699999999994
0.002392349999999994
0.002451974999999994
0.0024879499999999936
0.0024999999999999935
0.0024879499999999936
0.002451974999999994
0.002392349999999994
0.002309699999999994
0.0022047999999999946
0.0020786749999999947
0.001932524999999995
0.0017677749999999955
0.001585974999999996
0.0013889249999999964
0.0011784999999999968
0.0009566999999999976
0.0007256999999999981
0.00048772499999999875
0.00024504999999999937
0.00013784062499999983
0.00027434531249999973
0.00040820624999999953
0.0005381437499999994
0.0006629062499999992
0.0007812703124999991
0.0008921109374999991
0.000994373437499999
0.0010870453124999988
0.0011692546874999988
0.0012401999999999986
0.0012992062499999986
0.0013456968749999984
0.0013792359374999986
0.0013994718749999985
0.0014062499999999984
0.0013994718749999985
0.0013792359374999986
0.0013456968749999984
0.0012992062499999986
0.0012401999999999986
0.0011692546874999988
0.0010870453124999988
0.000994373437499999
0.0008921109374999991
0.0007812703124999991
0.0006629062499999992
0.0005381437499999994
0.00040820624999999953
0.00027434531249999973
0.00013784062499999983
6.126249999999956e-05
0.00012193124999999915
0.0001814249999999987
0.00023917499999999832
0.0002946249999999979
0.0003472312499999975
0.0003964937499999972
0.0004419437499999969
0.00048313124999999654
0.0005196687499999964
0.0005511999999999962
0.0005774249999999959
0.0005980874999999958
0.0006129937499999956
0.0006219874999999956
0.0006249999999999956
0.0006219874999999956
0.0006129937499999956
0.0005980874999999958
0.0005774249999999959
0.0005511999999999962
0.0005196687499999964
0.00048313124999999654
0.0004419437499999969
0.0003964937499999972
0.0003472312499999975
0.0002946249999999979
0.00023917499999999832
0.0001814249999999987
0.00012193124999999915
6.126249999999956e-05
1.531562499999989e-05
3.0482812499999786e-05
4.5356249999999676e-05
5.979374999999958e-05
7.365624999999948e-05
8.680781249999938e-05
9.91234374999993e-05
0.00011048593749999922
0.00012078281249999914
0.0001299171874999991
0.00013779999999999904
0.00014435624999999897
0.00014952187499999895
0.0001532484374999989
0.0001554968749999989
0.0001562499999999989
0.0001554968749999989
0.0001532484374999989
0.00014952187499999895
0.00014435624999999897
0.00013779999999999904
0.0001299171874999991
0.00012078281249999914
0.00011048593749999922
9.91234374999993e-05
8.680781249999938e-05
7.365624999999948e-05
5.979374999999958e-05
4.5356249999999676e-05
3.0482812499999786e-05
1.531562499999989e-05
0.0
0.0
0.0
0.0
0.0
0.0
0.0
0.0
0.0
0.0
0.0
0.0
0.0
0.0
0.0
0.0
0.0
0.0
0.0
0.0
0.0
0.0
0.0
0.0
0.0
0.0
0.0
0.0
0.0
0.0
0.0
