9.450019103152917
18.80844956982353
27.98563094535022
36.893830956892046
45.44724551342874
53.56199870576072
61.16096326106079
68.17183236105345
74.52519146019421
80.16126692204199
85.02510556470742
89.07043102449416
92.25771557407826
94.55707239523923
95.94439921521852
96.40909103400242
95.94439921521852
94.55707239523923
92.25771557407826
89.07043102449416
85.02510556470742
80.16126692204199
74.52519146019421
68.17183236105345
61.16096326106079
53.56199870576072
45.44724551342874
36.893830956892046
27.98563094535022
18.80844956982353
9.450019103152917
9.210374822308962
18.331483616448228
27.27593963905168
35.958235431556766
44.2947428202045
52.203712916039485
59.60997432691882
66.44305387270853
72.63529730048002
78.12844678132251
82.86894269833421
86.81168221622939
89.91813999653476
92.15918712479501
93.51133254096545
93.96424017862643
93.51133254096545
92.15918712479501
89.91813999653476
86.81168221622939
82.86894269833421
78.12844678132251
72.63529730048002
66.44305387270853
59.60997432691882
52.203712916039485
44.2947428202045
35.958235431556766
27.27593963905168
18.331483616448228
9.210374822308962
8.97374493493474
17.860517234813493
26.575175267423553
35.0344084033955
43.15673701620319
50.86251248216379
58.07849468754591
64.73602102572643
70.76917539434712
76.12119670526616
80.73990137744998
84.58134534265976
87.60799304260814
89.79146393322429
91.1088704789671
91.55014216419855
91.1088704789671
89.79146393322429
87.60799304260814
84.58134534265976
80.73990137744998
76.12119670526616
70.76917539434712
64.73602102572643
58.07849468754591
50.86251248216379
43.15673701620319
35.0344084033955
26.575175267423553
17.860517234813493
8.97374493493474
8.740129441030257
17.395550424919332
25.88333783046585
34.12234987240827
42.03322810142485
49.538397404133654
56.5665243429421
63.05073382010718
68.92682574179554
74.13951669387296
78.63798160205474
82.3794204037853
85.32727471229846
87.45390282052712
88.73701302922355
89.16679699071881
88.73701302922355
87.45390282052712
85.32727471229846
82.3794204037853
78.63798160205474
74.13951669387296
68.92682574179554
63.05073382010718
56.5665243429421
49.538397404133654
42.03322810142485
34.12234987240827
25.88333783046585
17.395550424919332
8.740129441030257
8.509528340595507
16.936583186765738
25.200427328178574
33.22205983859507
40.92421607586944
48.23136768194905
55.074063293107365
61.387192255850735
67.10824834282528
72.18340674714288
76.56318337214843
80.20590739960598
83.07598500560563
85.1465037867034
86.39576019173472
86.81420465818718
86.39576019173472
85.1465037867034
83.07598500560563
80.20590739960598
76.56318337214843
72.18340674714288
67.10824834282528
61.387192255850735
55.074063293107365
48.23136768194905
40.92421607586944
33.22205983859507
25.200427328178574
16.936583186765738
8.509528340595507
8.281941633630492
16.483615520352714
24.52644376056172
32.3335383019559
39.82970093953698
46.94142331561002
53.601111538041714
59.745396332957135
65.31344319743631
70.25286686507597
74.51550668773113
78.06080633012182
80.85412392252972
82.86926683175324
84.08511196650065
84.49236516660369
84.08511196650065
82.86926683175324
80.85412392252972
78.06080633012182
74.51550668773113
70.25286686507597
65.31344319743631
59.745396332957135
53.601111538041714
46.94142331561002
39.82970093953698
32.3335383019559
24.52644376056172
16.483615520352714
8.281941633630492
8.057369320135214
16.03664742568026
23.861387127615288
31.45678526249076
38.74968269242747
45.668564305116526
52.14766907774515
58.12534605142636
63.54241030562868
68.34789704767218
72.49495154880279
75.94411719533282
78.66169146307072
80.62219195567658
81.80506835352136
82.20127851596833
81.80506835352136
80.62219195567658
78.66169146307072
75.94411719533282
72.49495154880279
68.34789704767218
63.54241030562868
58.12534605142636
52.14766907774515
45.668564305116526
38.74968269242747
31.45678526249076
23.861387127615288
16.03664742568026
8.057369320135214
7.835811400109671
15.595678902748375
23.20525742933927
30.59180072019964
37.684161334540896
44.41279065046858
50.71373591221766
56.527041411258416
61.795149667402335
66.46849729493152
70.5015179553634
73.85583999523897
76.4986876272286
78.40527915847342
79.5556293527968
79.94094470628107
79.5556293527968
78.40527915847342
76.4986876272286
73.85583999523897
70.5015179553634
66.46849729493152
61.795149667402335
56.527041411258416
50.71373591221766
44.41279065046858
37.684161334540896
30.59180072019964
23.20525742933927
15.595678902748375
7.835811400109671
7.617267873553862
15.160709951557061
22.558054665733682
29.73858467508256
36.63313686587728
43.174102351666185
49.299312041459245
54.9504824124533
60.07166128275731
64.61466760685401
68.535205907413
71.79597472984028
74.3651124150034
76.21852844014379
77.33679496432701
77.71136373754196
77.33679496432701
76.21852844014379
74.3651124150034
71.79597472984028
68.535205907413
64.61466760685401
60.07166128275731
54.9504824124533
49.299312041459245
43.174102351666185
36.63313686587728
29.73858467508256
22.558054665733682
15.160709951557061
7.617267873553862
7.401738740467788
14.731740572106315
21.919778836798507
28.897137127139498
35.5966092864366
41.95249940870934
47.90439746546991
53.395669055011005
58.371945151693595
62.786407983439624
66.59601540495157
69.76452139913673
72.26096582639508
74.06193980068764
75.14856518811196
75.51253560975096
75.14856518811196
74.06193980068764
72.26096582639508
69.76452139913673
66.59601540495157
62.786407983439624
58.371945151693595
53.395669055011005
47.90439746546991
41.95249940870934
35.5966092864366
28.897137127139498
21.919778836798507
14.731740572106315
7.401738740467788
7.189224000851452
14.308770764396142
21.290429942533763
28.06745807637047
34.57457859621888
40.74798182159805
46.52899218424967
51.86260133893155
56.69600127421119
60.9837184246884
64.68394644797911
67.76148000312834
70.18624786140367
71.93551324010504
72.99094002415168
73.3444603229081
72.99094002415168
71.93551324010504
70.18624786140367
67.76148000312834
64.68394644797911
60.9837184246884
56.69600127421119
51.86260133893155
46.52899218424967
40.74798182159805
34.57457859621888
28.06745807637047
21.290429942533763
14.308770764396142
7.189224000851452
6.97972365470485
13.89180052842654
20.670007982939442
27.249547522775476
33.567044795224106
39.560549590332315
45.173096197798515
50.351279264214924
55.04382965031011
59.206598930600315
62.79899903649563
65.78685054181513
68.14095852002917
69.83924875839595
70.86391947244616
71.20713787701337
70.86391947244616
69.83924875839595
68.14095852002917
65.78685054181513
62.79899903649563
59.206598930600315
55.04382965031011
50.351279264214924
45.173096197798515
39.560549590332315
33.567044795224106
27.249547522775476
20.670007982939442
13.89180052842654
6.97972365470485
6.7732377020279815
13.4808298641975
20.058512958015534
26.4434054663545
32.57400788345226
38.39020271491212
43.836709506116414
48.861702830861105
53.415430279990304
57.45504950117533
60.941173170501095
63.84063301519702
66.12509780227154
67.77314635556034
68.76750353299538
69.10056827206674
68.76750353299538
67.77314635556034
66.12509780227154
63.84063301519702
60.941173170501095
57.45504950117533
53.415430279990304
48.861702830861105
43.836709506116414
38.39020271491212
32.57400788345226
26.4434054663545
20.058512958015534
13.4808298641975
6.7732377020279815
6.569766142820851
13.075858771709038
19.455944867762057
25.64903190710756
31.595467860903376
37.23694119533749
42.51983210920342
47.39387203887015
51.81080316325185
55.729070136413526
59.110468849995556
61.92282742327411
64.13866570813083
65.73720603159828
66.70169220579938
67.02475150806826
66.70169220579938
65.73720603159828
64.13866570813083
61.92282742327411
59.110468849995556
55.729070136413526
51.81080316325185
47.39387203887015
42.51983210920342
37.23694119533749
31.595467860903376
25.64903190710756
19.455944867762057
13.075858771709038
6.569766142820851
6.369308977083453
12.676887250961139
18.862303712178992
24.866426845034646
30.631424727577432
36.10076503160839
41.2224640070595
45.947786888242
50.22994830009468
54.02866083631483
57.30688607497897
60.03343376604633
62.18166223760702
63.7314277865097
64.66648549085811
64.97968758501788
64.66648549085811
63.7314277865097
62.18166223760702
60.03343376604633
57.30688607497897
54.02866083631483
50.22994830009468
45.947786888242
41.2224640070595
36.10076503160839
30.631424727577432
24.866426845034646
18.862303712178992
12.676887250961139
6.369308977083453
6.1718662048157915
12.283915301953815
18.277589491266358
24.095590280135763
29.681878483474442
34.98167422372485
39.944605199684666
44.52344737897669
48.67286569051883
52.35382160087928
55.53042484545137
58.172452043513715
60.25408739070011
61.75581162029465
62.661883388171596
62.96537650291566
62.661883388171596
61.75581162029465
60.25408739070011
58.172452043513715
55.53042484545137
52.35382160087928
48.67286569051883
44.52344737897669
39.944605199684666
34.98167422372485
29.681878483474442
24.095590280135763
18.277589491266358
12.283915301953815
6.1718662048157915
5.9774378260178676
11.896942924687062
17.701802205024148
23.336522212410912
28.746829128594403
33.87966877168687
38.68625568707891
43.120853511074216
47.1395553345243
50.70455243010688
53.781085161412754
56.339882255676265
58.35594116741011
59.81035753295313
60.68788589773987
60.98181826176156
60.68788589773987
59.81035753295313
58.35594116741011
56.339882255676265
53.781085161412754
50.70455243010688
47.1395553345243
43.120853511074216
38.68625568707891
33.87966877168687
28.746829128594403
23.336522212410912
17.701802205024148
11.896942924687062
5.9774378260178676
5.786023840689675
11.515970119160873
17.134941853452347
22.58922264186008
27.82627666293729
32.794748675494425
37.44741546924223
41.74000528453455
45.630017232111065
49.080853323997594
52.058867022863076
54.53572440253395
56.487223567736976
57.89506552448508
58.74449301956285
59.02901286155556
58.74449301956285
57.89506552448508
56.487223567736976
54.53572440253395
52.058867022863076
49.080853323997594
45.630017232111065
41.74000528453455
37.44741546924223
32.794748675494425
27.82627666293729
22.58922264186008
17.134941853452347
11.515970119160873
5.786023840689675
5.597624248831221
11.140996885375259
16.57700843655098
21.85369156848329
26.92022108650314
31.726913935147543
36.22808454617464
40.38090269935773
44.14425138327915
47.48272428255148
50.36377042980239
52.75997848408681
54.64793459168077
56.00993559489057
56.83170475364063
57.10696030229771
56.83170475364063
56.00993559489057
54.64793459168077
52.75997848408681
50.36377042980239
47.48272428255148
44.14425138327915
40.38090269935773
36.22808454617464
31.726913935147543
26.92022108650314
21.85369156848329
16.57700843655098
11.140996885375259
5.597624248831221
5.412239050442499
10.77202322333021
16.028001954320025
21.12992899228051
26.028662399291928
30.67616455064619
35.02826291787613
39.043545755543725
42.68225778802853
45.910165305768466
48.695795382230656
51.0126445003348
52.83807423924144
54.15496774416956
54.949521099973126
55.215660583987955
54.949521099973126
54.15496774416956
52.83807423924144
51.0126445003348
48.695795382230656
45.910165305768466
42.68225778802853
39.043545755543725
35.02826291787613
30.67616455064619
26.028662399291928
21.12992899228051
16.028001954320025
10.77202322333021
5.412239050442499
5.229868245523515
10.409049133025736
15.4879224067595
20.417934913251777
25.151600601303663
29.64250052199041
33.8479505843467
37.727934453092566
41.244036446359246
44.36317639364862
47.054941880147915
49.293722451277965
51.05764251041903
52.330161972322074
53.09794205856041
53.355113706626355
53.09794205856041
52.330161972322074
51.05764251041903
49.293722451277965
47.054941880147915
44.36317639364862
41.244036446359246
37.727934453092566
33.8479505843467
29.64250052199041
25.151600601303663
20.417934913251777
15.4879224067595
10.409049133025736
5.229868245523515
5.050511834074266
10.05207461446183
14.956769793869393
19.717709331397067
24.289035692538352
28.62592184918017
32.68714754558635
36.43406879200423
39.829587358271255
42.84175754619191
45.44120992355414
47.60321233691628
49.306639405213524
50.535518279348096
51.27696762940245
51.52531967021288
51.27696762940245
50.535518279348096
49.306639405213524
47.60321233691628
45.44120992355414
42.84175754619191
39.829587358271255
36.43406879200423
32.68714754558635
28.62592184918017
24.289035692538352
19.717709331397067
14.956769793869393
10.05207461446183
5.050511834074266
4.874169816094752
9.701099667638493
14.43454411564971
19.029252246716382
23.44096767299598
27.62642853221548
31.54585380159508
35.16194877227872
38.438910523764584
41.34590876339832
43.85459951244933
45.941114157249736
47.5850649236249
48.77103666524762
49.486597812499234
49.726278474747524
49.486597812499234
48.77103666524762
47.5850649236249
45.941114157249736
43.85459951244933
41.34590876339832
38.438910523764584
35.16194877227872
31.54585380159508
27.62642853221548
23.44096767299598
19.029252246716382
14.43454411564971
9.701099667638493
4.874169816094752
4.7008421915849725
9.356124292555725
13.921245372100445
18.352563659209725
22.607396542676558
26.644020571096338
30.42406935237289
33.911574393916034
37.07200594283921
39.875630045267876
42.29511064683349
44.30742791227836
45.89291906565317
47.03671713002066
47.72683260785076
47.95799012023028
47.72683260785076
47.03671713002066
45.89291906565317
44.30742791227836
42.29511064683349
39.875630045267876
37.07200594283921
33.911574393916034
30.42406935237289
26.644020571096338
22.607396542676558
18.352563659209725
13.921245372100445
9.356124292555725
4.7008421915849725
4.530528960544928
9.017148489213529
13.416873563221607
17.6876435688771
21.78832230158008
25.67869796582275
29.321794197919786
32.68294565691618
35.728873615495154
38.430921391800574
40.76274332670662
42.70215360200213
44.23020183129835
45.33255967366723
45.99767201545706
46.22045460666118
45.99767201545706
45.33255967366723
44.23020183129835
42.70215360200213
40.76274332670662
38.430921391800574
35.728873615495154
32.68294565691618
29.321794197919786
25.67869796582275
21.78832230158008
17.6876435688771
13.416873563221607
9.017148489213529
4.530528960544928
4.36323012297462
8.684172257611904
12.92142868901319
17.034491975718506
20.983744949706555
24.730460716394717
28.239028338235766
31.47606256127917
34.40951354173242
37.011782802996414
39.257497552068735
41.12529122642106
42.59691322056043
43.65856429618729
44.29911603531812
44.513671934040204
44.29911603531812
43.65856429618729
42.59691322056043
41.12529122642106
39.257497552068735
37.011782802996414
34.40951354173242
31.47606256127917
28.239028338235766
24.730460716394717
20.983744949706555
17.034491975718506
12.92142868901319
8.684172257611904
4.36323012297462
4.198945678874048
8.357195597750847
12.434910749475193
16.39310887973394
20.193664487055973
23.799308822812232
27.175771773320825
30.29092510700498
33.11392572155099
35.61821427885539
37.779373322919824
39.576840785535154
40.99305323343942
42.014730997580884
42.63116466743394
42.837642102367354
42.63116466743394
42.014730997580884
40.99305323343942
39.576840785535154
37.779373322919824
35.61821427885539
33.11392572155099
30.29092510700498
27.175771773320825
23.799308822812232
20.193664487055973
16.39310887973394
12.434910749475193
8.357195597750847
4.198945678874048
4.03767562824321
8.036218509630359
11.95731974460762
15.763494280923398
19.418080913628334
22.885242285075293
26.13202450317496
29.127533294093617
31.842110154950866
34.250215819377495
36.328370639259866
38.05680227934439
39.41862186993529
40.401059777847976
40.9938179118045
41.19236511164262
40.9938179118045
40.401059777847976
39.41862186993529
38.05680227934439
36.328370639259866
34.250215819377495
31.842110154950866
29.127533294093617
26.13202450317496
22.885242285075293
19.418080913628334
15.763494280923398
11.95731974460762
8.036218509630359
4.03767562824321
3.879419971082106
7.721240993250441
11.488655674410463
15.145648179286887
18.65699422942364
21.9882611031839
25.107786527798176
27.985887122545073
30.59406684193204
32.907787424562734
34.90448950108887
36.565175707848766
37.87361913004806
38.817550636988564
39.38707576842981
39.57784096186601
39.38707576842981
38.817550636988564
37.87361913004806
36.565175707848766
34.90448950108887
32.907787424562734
30.59406684193204
27.985887122545073
25.107786527798176
21.9882611031839
18.65699422942364
15.145648179286887
11.488655674410463
7.721240993250441
3.879419971082106
3.7241787073907395
7.412263048611095
11.028918538883737
14.539570574824408
17.910404434441897
21.108365277138066
24.103057847190488
26.865986592359377
29.36979578249455
31.59092909441113
33.50772990840687
35.10196107104833
36.35804501377774
37.264203575002696
37.8109382373099
37.99406965303754
37.8109382373099
37.264203575002696
36.35804501377774
35.10196107104833
33.50772990840687
31.59092909441113
29.36979578249455
26.865986592359377
24.103057847190488
21.108365277138066
17.910404434441897
14.539570574824408
11.028918538883737
7.412263048611095
3.7241787073907395
3.571951837169108
7.109284675712317
10.578108338027429
13.945261467535955
17.178311528683103
20.245554806937783
23.117838461351873
25.7678317035365
28.169296976638364
30.299640828922655
32.13809186121383
33.66715836894303
34.87189952112433
35.74101859189033
36.265405318444735
36.44105118515719
36.265405318444735
35.74101859189033
34.87189952112433
33.66715836894303
32.13809186121383
30.299640828922655
28.169296976638364
25.7678317035365
23.117838461351873
20.245554806937783
17.178311528683103
13.945261467535955
10.578108338027429
7.109284675712317
3.571951837169108
3.4227393604172116
6.812305874554111
10.136225071841544
13.362720857421534
16.460715512147257
19.39982969258305
22.15212837028234
24.691422456076463
26.992570424363493
29.033922628097322
30.79557535950977
32.26076760153289
33.41518265208781
34.247995687651475
34.75047701183433
34.918785558224975
34.75047701183433
34.247995687651475
33.41518265208781
32.26076760153289
30.79557535950977
29.033922628097322
26.992570424363493
24.691422456076463
22.15212837028234
19.39982969258305
16.460715512147257
13.362720857421534
10.136225071841544
6.812305874554111
3.4227393604172116
3.27654127713505
6.5213266451364715
9.703268740326079
12.791948744481136
15.757616384834344
18.57118993407386
21.205927573981885
23.63675884997924
25.839616125669913
27.793774491935118
29.480180403294668
30.882788768817896
31.987894406668175
32.78513486228613
33.26615331747867
33.42727277224087
33.26615331747867
32.78513486228613
31.987894406668175
30.882788768817896
29.480180403294668
27.793774491935118
25.839616125669913
23.63675884997924
21.205927573981885
18.57118993407386
15.757616384834344
12.791948744481136
9.703268740326079
6.5213266451364715
3.27654127713505
3.1333575873226227
6.236346987459402
9.279239343481034
12.232945128714768
15.069014146744381
17.759635531410222
20.279236072450505
22.603840885244846
24.71043408055765
26.579196420436052
28.191906992568533
29.533221870798048
30.590034784865445
31.35243611579428
31.81243423537776
31.966512827204888
31.81243423537776
31.35243611579428
30.590034784865445
29.533221870798048
28.191906992568533
26.579196420436052
24.71043408055765
22.603840885244846
20.279236072450505
17.759635531410222
15.069014146744381
12.232945128714768
9.279239343481034
6.236346987459402
3.1333575873226227
2.9931882909799326
5.957366901522905
8.864136881306415
11.685710010122433
14.394908797877374
16.965166484592135
19.372053865688223
21.592668561873293
23.60502428902671
25.390188413600132
26.930755127331388
28.212066907473375
29.221603786679626
29.949899448175966
30.38931976553162
30.536505723117045
30.38931976553162
29.949899448175966
29.221603786679626
28.212066907473375
26.930755127331388
25.390188413600132
23.60502428902671
21.592668561873293
19.372053865688223
16.965166484592135
14.394908797877374
11.685710010122433
8.864136881306415
5.957366901522905
2.9931882909799326
2.8560333881069773
5.6843863873269775
8.457961353802219
11.150243388704125
13.735300338233312
16.187782793619604
18.484380953695016
20.60324187986457
22.523386751077076
24.226750471427348
25.6967248075832
26.919323878843855
27.882601412110706
28.57752485943116
28.996809907940236
29.13725145997733
28.996809907940236
28.57752485943116
27.882601412110706
26.919323878843855
25.6967248075832
24.226750471427348
22.523386751077076
20.60324187986457
18.484380953695016
16.187782793619604
13.735300338233312
11.150243388704125
8.457961353802219
5.6843863873269775
2.8560333881069773
2.7218928787037573
5.417405444871619
8.060712760968443
10.626545264459846
13.090188767812196
15.42748445849262
17.616217336470893
19.635560839218673
21.46552146670875
23.088882593917706
24.489816033323997
25.654992784909485
26.573027661158683
27.235312349559873
27.63490466260361
27.768750037785736
27.63490466260361
27.235312349559873
26.573027661158683
25.654992784909485
24.489816033323997
23.088882593917706
21.46552146670875
19.635560839218673
17.616217336470893
15.42748445849262
13.090188767812196
10.626545264459846
8.060712760968443
5.417405444871619
2.7218928787037573
2.590766762770272
5.1564240741568295
7.672391102805086
10.114615637389592
12.459574086614019
14.684271479211183
16.767563014015842
18.689625439935597
20.43142843592173
21.976584781071193
23.310028804553745
24.419073625670258
25.29288253382355
25.92326191856208
26.303604029521725
26.43100145654226
26.303604029521725
25.92326191856208
25.29288253382355
24.419073625670258
23.310028804553745
21.976584781071193
20.43142843592173
18.689625439935597
16.767563014015842
14.684271479211183
12.459574086614019
10.114615637389592
7.672391102805086
5.1564240741568295
2.590766762770272
2.4626550403065215
4.9014422751826086
7.292996379312151
9.614454507493367
11.84345629463879
13.958143855775292
15.938417986329874
17.765435682015347
19.42110765871602
20.889857032887818
22.157363121272468
23.211566401126188
24.042166030105317
24.641373566437803
25.002908008694597
25.124005716246906
25.002908008694597
24.641373566437803
24.042166030105317
23.211566401126188
22.157363121272468
20.889857032887818
19.42110765871602
17.765435682015347
15.938417986329874
13.958143855775292
11.84345629463879
9.614454507493367
7.292996379312151
4.9014422751826086
2.4626550403065215
2.337557711312508
4.652460047948962
6.922528590489643
9.126061874771176
11.241835391886516
13.249101588184963
15.128782253413
16.862991565457943
18.434559135091632
19.82869934936759
21.03181898348018
22.032471111277292
22.820878150003995
23.389647293187053
23.732816600122238
23.847762816899696
23.732816600122238
23.389647293187053
22.820878150003995
22.032471111277292
21.03181898348018
19.82869934936759
18.434559135091632
16.862991565457943
15.128782253413
13.249101588184963
11.241835391886516
9.126061874771176
6.922528590489643
4.652460047948962
2.337557711312508
2.215474775788229
4.409477392455883
6.560987736337554
8.649437739223012
10.654711378357185
12.55714467644018
14.338655815265199
15.982293090263362
17.471782865048553
18.7931117305105
19.933396391176856
20.881787756123536
21.629018893519568
22.168083098809806
22.49332980380463
22.602272758500604
22.49332980380463
22.168083098809806
21.629018893519568
20.881787756123536
19.933396391176856
18.7931117305105
17.471782865048553
15.982293090263362
14.338655815265199
12.55714467644018
10.654711378357185
8.649437739223012
6.560987736337554
4.409477392455883
2.215474775788229
2.096406233733685
4.172494308703373
6.208373816855886
8.184582100848873
10.082084254050795
11.882273120540942
13.568038671886475
15.123340256431604
16.532778848586773
17.783094176316535
18.862095344362487
19.75951633566493
20.466588260652035
20.976680983306068
21.284447619741773
21.38753554104963
21.284447619741773
20.976680983306068
20.466588260652035
19.75951633566493
18.862095344362487
17.783094176316535
16.532778848586773
15.123340256431604
13.568038671886475
11.882273120540942
10.082084254050795
8.184582100848873
6.208373816855886
4.172494308703373
2.096406233733685
1.9803520851488767
3.9415107966914347
5.864686832044643
7.731494959648768
9.523954018967359
11.224486920487262
12.816930823276842
14.286133063962684
15.617547085706319
16.798646686785723
17.817915843037106
18.66565684990149
19.33358625140141
19.81544094667585
20.10617004793368
20.203551164546795
20.10617004793368
19.81544094667585
19.33358625140141
18.66565684990149
17.817915843037106
16.798646686785723
15.617547085706319
14.286133063962684
12.816930823276842
11.224486920487262
9.523954018967359
7.731494959648768
5.864686832044643
3.9415107966914347
1.9803520851488767
1.8673123300338035
3.7165268564200655
5.529926781903821
7.29017631562269
8.980320673106867
10.58378607627913
12.085332269436288
13.47067151285659
14.726087576407169
15.839769261918045
16.8008578872007
17.600209298833203
18.230012865767684
18.684362988919144
18.95849708838034
19.05031962899208
18.95849708838034
18.684362988919144
18.230012865767684
17.600209298833203
16.8008578872007
15.839769261918045
14.726087576407169
13.47067151285659
12.085332269436288
10.58378607627913
8.980320673106867
7.29017631562269
5.529926781903821
3.7165268564200655
1.8673123300338035
1.7572869683884653
3.4975424878892643
5.204093666433418
6.860626168770637
8.451184216469317
9.960170587916544
11.373243010364808
12.676955603113319
13.858400320689322
14.9064619017135
15.810921476853247
16.56317368246006
17.155868103750848
17.58344711003594
17.841428741081746
17.927840934385486
17.841428741081746
17.58344711003594
17.155868103750848
16.56317368246006
15.810921476853247
14.9064619017135
13.858400320689322
12.676955603113319
11.373243010364808
9.960170587916544
8.451184216469317
6.860626168770637
5.204093666433418
3.4975424878892643
1.7572869683884653
1.650276000212863
3.2845576910990357
4.88718748563344
6.442844519092618
7.936544649054719
9.353640455399512
10.680663046062417
11.904985334732887
13.014485318552797
13.998724606172098
14.848106611994778
15.554550000782083
16.11115196535092
16.512693310026258
16.75496500603792
16.836115080727026
16.75496500603792
16.512693310026258
16.11115196535092
15.554550000782083
14.848106611994778
13.998724606172098
13.014485318552797
11.904985334732887
10.680663046062417
9.353640455399512
7.936544649054719
6.442844519092618
4.88718748563344
3.2845576910990357
1.650276000212863
1.5462794255069952
3.0775724660493746
4.579208239503882
6.036831366588625
7.436401970863063
8.764195678728028
10.007592376529104
11.154760707715276
12.194342569997573
13.11655737529383
13.912413292625272
14.574338253799251
15.095864450567882
15.472101588890082
15.69910588324884
15.775142068016681
15.69910588324884
15.472101588890082
15.095864450567882
14.574338253799251
13.912413292625272
13.11655737529383
12.194342569997573
11.154760707715276
10.007592376529104
8.764195678728028
7.436401970863063
6.036831366588625
4.579208239503882
3.0775724660493746
1.5462794255069952
1.4452972442708631
2.876586812740285
4.280155928044747
5.642586711258661
6.9507561818943575
8.191836257902096
9.354031001764875
10.4262817220605
11.397972075023668
12.259960209078706
13.003841518744743
13.622538441511583
14.110005559401754
14.461671946627424
14.673851372714527
14.744921896254471
14.673851372714527
14.461671946627424
14.110005559401754
13.622538441511583
13.003841518744743
12.259960209078706
11.397972075023668
10.4262817220605
9.354031001764875
8.191836257902096
6.9507561818943575
5.642586711258661
4.280155928044747
2.876586812740285
1.4452972442708631
1.3473294565044658
2.6816007311717636
3.990030551256033
5.260110553102724
6.479607282148595
7.636562192921711
8.719978921769723
9.719548377768547
10.625373833631066
11.428933107526712
12.122391290353178
12.699150563919055
13.153575291852516
13.48140438323827
13.679201474434954
13.745454565440378
13.679201474434954
13.48140438323827
13.153575291852516
12.699150563919055
12.122391290353178
11.428933107526712
10.625373833631066
9.719548377768547
8.719978921769723
7.636562192921711
6.479607282148595
5.260110553102724
3.990030551256033
2.6816007311717636
1.3473294565044658
1.2523760622078046
2.492614221343814
3.7088321091377425
4.8894028921208195
6.022955271625782
7.098373483786882
8.105436136543657
9.03456067483943
9.876547845819783
10.623476070637864
11.268062607450595
11.804174621021694
12.226573647920187
12.531298898722637
12.715156188410152
12.776740075574422
12.715156188410152
12.531298898722637
12.226573647920187
11.804174621021694
11.268062607450595
10.623476070637864
9.876547845819783
9.03456067483943
8.105436136543657
7.098373483786882
6.022955271625782
4.8894028921208195
3.7088321091377425
2.492614221343814
1.2523760622078046
1.1604370613808788
2.309627283256434
3.436560601689875
4.530463728312944
5.580800150325915
6.5772701304976025
7.510402646086675
8.371318613273141
9.15149411158981
9.843589098412155
10.44085547003698
10.93761061281949
11.329000627604756
11.611355493080518
11.781715514640105
11.838778426656589
11.781715514640105
11.611355493080518
11.329000627604756
10.93761061281949
10.44085547003698
9.843589098412155
9.15149411158981
8.371318613273141
7.510402646086675
6.5772701304976025
5.580800150325915
4.530463728312944
3.436560601689875
2.309627283256434
1.1604370613808788
1.0715124540236873
2.1326399169096226
3.1732160289124263
4.183293061679093
5.153141918248992
6.073252133053868
6.934878450398767
7.729822193069676
8.45021263094114
9.089272190849575
9.640769878112328
10.09945853931243
10.460856230906218
10.7215741663119
10.878879453124803
10.931569618686874
10.878879453124803
10.7215741663119
10.460856230906218
10.09945853931243
9.640769878112328
9.089272190849575
8.45021263094114
7.729822193069676
6.934878450398767
6.073252133053868
5.153141918248992
4.183293061679093
3.1732160289124263
2.1326399169096226
1.0715124540236873
0.9856022401362321
1.9616521223033825
2.918798390805402
3.847890892219275
4.73998057539502
5.586319491455687
6.378863549479947
7.110071414229045
7.772703403873788
8.360525347950142
8.867805831676655
9.289718400500533
9.622140457824587
9.861954918416806
10.006648003864267
10.055113651665295
10.006648003864267
9.861954918416806
9.622140457824587
9.289718400500533
8.867805831676655
8.360525347950142
7.772703403873788
7.110071414229045
6.378863549479947
5.586319491455687
4.73998057539502
3.847890892219275
2.918798390805402
1.9616521223033825
0.9856022401362321
0.9027064197185113
1.7966638994377107
2.673307687368797
3.5242572199334825
4.34131612176399
5.116472205703055
5.842357943330203
6.5120662767512405
7.118966430387742
7.657348569713842
8.12196333072995
8.508390196383782
8.812853308359847
9.032497749395214
9.16502116685848
9.209410525591831
9.16502116685848
9.032497749395214
8.812853308359847
8.508390196383782
8.12196333072995
7.657348569713842
7.118966430387742
6.5120662767512405
5.842357943330203
5.116472205703055
4.34131612176399
3.5242572199334825
2.673307687368797
1.7966638994377107
0.9027064197185113
0.8228249927705265
1.6376752483126102
2.436743918602616
3.212392044821722
3.957148557355909
4.6637102757959745
5.325361631949544
5.935806780636268
6.489001710483009
6.979741856140683
7.403242375272217
7.755473926962192
8.032994782512015
8.23320265924714
8.353998942107452
8.394460240466502
8.353998942107452
8.23320265924714
8.032994782512015
7.755473926962192
7.403242375272217
6.979741856140683
6.489001710483009
5.935806780636268
5.325361631949544
4.6637102757959745
3.957148557355909
3.212392044821722
2.436743918602616
1.6376752483126102
0.8228249927705265
0.745957959292277
1.4846861689280793
2.209107084506857
2.9122953668839884
3.5874778821707753
4.228033701734446
4.827874615337969
5.381292925884125
5.88280924415959
6.327705207230664
6.711642965303458
7.030969592235757
7.282564880281082
7.4640696479725825
7.5735813296111845
7.610262796289298
7.5735813296111845
7.4640696479725825
7.282564880281082
7.030969592235757
6.711642965303458
6.327705207230664
5.88280924415959
5.381292925884125
4.827874615337969
4.228033701734446
3.5874778821707753
2.9122953668839884
2.209107084506857
1.4846861689280793
0.745957959292277
0.6721053192837622
1.3376966612841172
1.9903971850815185
2.6239671861202822
3.2323040962085843
3.8094424835184633
4.349896893495469
4.848524712494807
5.300389031417476
5.701238622983776
6.047165100823664
6.334877192204471
6.56156360166704
6.7250987155715265
6.8237683293696625
6.856818193060214
6.8237683293696625
6.7250987155715265
6.56156360166704
6.334877192204471
6.047165100823664
5.701238622983776
5.300389031417476
4.848524712494807
4.349896893495469
3.8094424835184633
3.2323040962085843
2.6239671861202822
1.9903971850815185
1.3376966612841172
0.6721053192837622
0.6012670727449831
1.1967067253807262
1.7806142203266038
2.347407502530608
2.8916271994693434
3.4079366211480338
3.8914284664220555
4.337502140468323
4.741741072256676
5.100342103400033
5.409808781832846
5.667196726868344
5.8699909466699065
6.016289862043992
6.104559941382905
6.134126430779261
6.104559941382905
6.016289862043992
5.8699909466699065
5.667196726868344
5.409808781832846
5.100342103400033
4.741741072256676
4.337502140468323
3.8914284664220555
3.4079366211480338
2.8916271994693434
2.347407502530608
1.7806142203266038
1.1967067253807262
0.6012670727449831
0.5334432196759389
1.061716361217904
1.5797581902421094
2.082616316114959
2.565447191953046
3.0235161146231526
3.4524693341177195
3.8482252098046636
4.206865366677183
4.525015648479423
4.799574008330994
5.027928196227366
5.207846915289665
5.337643087389964
5.415956165650897
5.442187509446429
5.415956165650897
5.337643087389964
5.207846915289665
5.027928196227366
4.799574008330994
4.525015648479423
4.206865366677183
3.8482252098046636
3.4524693341177195
3.0235161146231526
2.565447191953046
2.082616316114959
1.5797581902421094
1.061716361217904
0.5334432196759389
0.4686337600766304
0.9327255687956522
1.3878290948280378
1.8295936268733415
2.2537640736596973
2.6561809639438234
3.0330194965824684
3.3806939205038367
3.695761914679005
3.9752592582219544
4.216460780318117
4.417071600281547
4.575131507526329
4.6891583916094515
4.757957002173649
4.781001429061726
4.757957002173649
4.6891583916094515
4.575131507526329
4.417071600281547
4.216460780318117
3.9752592582219544
3.695761914679005
3.3806939205038367
3.0330194965824684
2.6561809639438234
2.2537640736596973
1.8295936268733415
1.3878290948280378
0.9327255687956522
0.4686337600766304
0.4068386939470573
0.8097343481139707
1.2048269340843887
1.588339434805753
1.956577844589296
2.3059311691100453
2.6330789538162995
2.93490827256584
3.208430716262138
3.451072932627625
3.6604690977942136
3.8346269390308843
3.971844723379892
4.070835774702452
4.130562450951158
4.150568189625151
4.130562450951158
4.070835774702452
3.971844723379892
3.8346269390308843
3.6604690977942136
3.451072932627625
3.208430716262138
2.93490827256584
2.6330789538162995
2.3059311691100453
1.956577844589296
1.588339434805753
1.2048269340843887
0.8097343481139707
0.4068386939470573
0.34805802128721886
0.692742699172858
1.0307517080111601
1.3588537399121912
1.6738885047418384
1.972766730121814
2.2526477058192085
2.510868265990669
2.744871771426577
2.952456671696429
3.131598960759275
3.2805942124753713
3.39798656285035
3.48267523666896
3.5337725119834174
3.550887791136696
3.5337725119834174
3.48267523666896
3.39798656285035
3.2805942124753713
3.131598960759275
2.952456671696429
2.744871771426577
2.510868265990669
2.2526477058192085
1.972766730121814
1.6738885047418384
1.3588537399121912
1.0307517080111601
0.692742699172858
0.34805802128721886
0.29229174209711634
0.5817506219723161
0.8656034166083546
1.1411365421926594
1.4056960541173291
1.656687646979136
1.891725752591202
2.10857390077833
2.3050850801723306
2.4794104754283754
2.6298503692133117
2.7549734206150154
2.853557025937712
2.9246767775089855
2.9675871852704363
2.9819602335963715
2.9675871852704363
2.9246767775089855
2.853557025937712
2.7549734206150154
2.6298503692133117
2.4794104754283754
2.3050850801723306
2.10857390077833
1.891725752591202
1.656687646979136
1.4056960541173291
1.1411365421926594
0.8656034166083546
0.5817506219723161
0.29229174209711634
0.23953985637674852
0.47675811651234307
0.7093820598759697
0.9351878416471551
1.1520004927157643
1.3576939196820053
1.550313094132274
1.7280251769288173
1.8890706424993913
2.0319343438234556
2.155223323156316
2.2577645634498102
2.338556112641969
2.3968403972225176
2.4320064708122073
2.4437855170041676
2.4320064708122073
2.3968403972225176
2.338556112641969
2.2577645634498102
2.155223323156316
2.0319343438234556
1.8890706424993913
1.7280251769288173
1.550313094132274
1.3576939196820053
1.1520004927157643
0.9351878416471551
0.7093820598759697
0.47675811651234307
0.23953985637674852
0.18980236412611645
0.37776518279294086
0.5620876378140083
0.741007638275681
0.9128018205371488
1.0757855482304277
1.2284097304424306
1.3692220944421367
1.4968284584077667
1.610028276881678
1.7077178225882945
1.788967640979764
1.852983822963129
1.8991660958095675
1.9270303686087389
1.9363636413600944
1.9270303686087389
1.8991660958095675
1.852983822963129
1.788967640979764
1.7077178225882945
1.610028276881678
1.4968284584077667
1.3692220944421367
1.2284097304424306
1.0757855482304277
0.9128018205371488
0.741007638275681
0.5620876378140083
0.37776518279294086
0.18980236412611645
0.1430792653452197
0.2847718208141085
0.4237201504224688
0.5585959320782361
0.6881000375814789
0.8109625326244005
0.9260156615216686
1.0321646533182853
1.1283585278974528
1.2136922746030387
1.2873338675092447
1.3485826532048728
1.3968401569011892
1.4316538732701294
1.452658878660026
1.4596946066641472
1.452658878660026
1.4316538732701294
1.3968401569011892
1.3485826532048728
1.2873338675092447
1.2136922746030387
1.1283585278974528
1.0321646533182853
0.9260156615216686
0.8109625326244005
0.6881000375814789
0.5585959320782361
0.4237201504224688
0.2847718208141085
0.1430792653452197
0.09937056003405781
0.19777803057584514
0.2942795977013497
0.38795272305481787
0.47789514384875387
0.5632248728639209
0.6431308873699852
0.71685285355726
0.7836608509684457
0.8429263369875339
0.8940714579191624
0.9366096001251312
0.9701251144561447
0.9943037296041992
1.008892000966065
1.0137784129163214
1.008892000966065
0.9943037296041992
0.9701251144561447
0.9366096001251312
0.8940714579191624
0.8429263369875339
0.7836608509684457
0.71685285355726
0.6431308873699852
0.5632248728639209
0.47789514384875387
0.38795272305481787
0.2942795977013497
0.19777803057584514
0.09937056003405781
0.05867624819263162
0.11678381207815253
0.173765979650654
0.22907801120543037
0.2821871393389773
0.33257256894899356
0.37975540798738594
0.42328669515906703
0.4627354276207525
0.49773046403517074
0.5279305938180543
0.5530484817405479
0.5728386956280038
0.587115664811785
0.5957297355268634
0.5986150601166256
0.5957297355268634
0.587115664811785
0.5728386956280038
0.5530484817405479
0.5279305938180543
0.49773046403517074
0.4627354276207525
0.42328669515906703
0.37975540798738594
0.33257256894899356
0.2821871393389773
0.22907801120543037
0.173765979650654
0.11678381207815253
0.05867624819263162
0.02099632982094035
0.041789165321029
0.062179296270379325
0.08197179653007003
0.10097602405214545
0.11900562087961486
0.13588922337386644
0.15146617812370078
0.16558225785436775
0.1781046557459427
0.18891127520591433
0.19789929805111628
0.20498090041675865
0.2100896788928801
0.21317208234241436
0.21420454826505209
0.21317208234241436
0.2100896788928801
0.20498090041675865
0.19789929805111628
0.18891127520591433
0.1781046557459427
0.16558225785436775
0.15146617812370078
0.13588922337386644
0.11900562087961486
0.10097602405214545
0.08197179653007003
0.062179296270379325
0.041789165321029
0.02099632982094035
-0.013669195081015273
-0.027205909695524055
-0.040480452439472625
-0.05336592097126025
-0.06573820201173841
-0.07747597134421191
-0.08846766647057014
-0.09860869754883406
-0.10779865833070423
-0.11595108788014441
-0.12298649791725147
-0.12883795094315853
-0.13344827117758373
-0.13677422815250928
-0.13878095858727568
-0.13945312263839282
-0.13878095858727568
-0.13677422815250928
-0.13344827117758373
-0.12883795094315853
-0.12298649791725147
-0.11595108788014441
-0.10779865833070423
-0.09860869754883406
-0.08846766647057014
-0.07747597134421191
-0.06573820201173841
-0.05336592097126025
-0.040480452439472625
-0.027205909695524055
-0.013669195081015273
-0.04532032651323567
-0.09020141297150736
-0.1342132664789028
-0.1769351412985618
-0.21795553885267593
-0.25687220772248875
-0.29331526154592513
-0.3269379318585399
-0.3574073209344655
-0.3844367668430939
-0.40776272555144666
-0.427163265242279
-0.4424488191550271
-0.45347605632438714
-0.46012938726221053
-0.46235795259371226
-0.46012938726221053
-0.45347605632438714
-0.4424488191550271
-0.427163265242279
-0.40776272555144666
-0.3844367668430939
-0.3574073209344655
-0.3269379318585399
-0.29331526154592513
-0.25687220772248875
-0.21795553885267593
-0.1769351412985618
-0.1342132664789028
-0.09020141297150736
-0.04532032651323567
-0.07395706447572103
-0.14719734450692123
-0.21901914584791166
-0.28873586445183563
-0.3556759864706682
-0.41918308825521666
-0.4786535618522003
-0.5335215248054184
-0.5832437299569182
-0.6273523811429074
-0.6654174076966732
-0.6970766448462471
-0.7220207435155734
-0.740015805622755
-0.750873203682392
-0.7545099416009085
-0.750873203682392
-0.740015805622755
-0.7220207435155734
-0.6970766448462471
-0.6654174076966732
-0.6273523811429074
-0.5832437299569182
-0.5335215248054184
-0.4786535618522003
-0.41918308825521666
-0.3556759864706682
-0.28873586445183563
-0.21901914584791166
-0.14719734450692123
-0.07395706447572103
-0.09957940896847088
-0.1981937043017648
-0.2948980905464979
-0.3887680904310798
-0.4788995448657128
-0.5644086129423931
-0.6444825673893924
-0.7183594763894658
-0.7853078853980583
-0.8446979307795806
-0.8959505443529264
-0.9385780897550591
-0.9721640442592178
-0.9963934760476082
-1.011012407847815
-1.0159090896599765
-1.011012407847815
-0.9963934760476082
-0.9721640442592178
-0.9385780897550591
-0.8959505443529264
-0.8446979307795806
-0.7853078853980583
-0.7183594763894658
-0.6444825673893924
-0.5644086129423931
-0.4788995448657128
-0.3887680904310798
-0.2948980905464979
-0.1981937043017648
-0.09957940896847088
-0.12218735999148563
-0.2431904923560389
-0.3618501005746628
-0.4770318192362959
-0.5876262140378119
-0.6925487817840204
-0.7908022781575043
-0.8814517866106857
-0.9635997872578893
-1.0364734157531172
-1.0993621355202103
-1.151667599968718
-1.1928787213859646
-1.2226090675989512
-1.2405469997584846
-1.2465553967709204
-1.2405469997584846
-1.2226090675989512
-1.1928787213859646
-1.151667599968718
-1.0993621355202103
-1.0364734157531172
-0.9635997872578893
-0.8814517866106857
-0.7908022781575043
-0.6925487817840204
-0.5876262140378119
-0.4770318192362959
-0.3618501005746628
-0.2431904923560389
-0.12218735999148563
-0.1417809175447649
-0.28218770866974274
-0.41987517593240514
-0.5535270508674826
-0.6818559939869636
-0.8036035947800964
-0.9176126941565335
-1.0227984554690748
-1.118119435536408
-1.2026788360635143
-1.2756521811985215
-1.3363451754872209
-1.3841647748958104
-1.41866258027678
-1.4394769794143962
-1.446448862933737
-1.4394769794143962
-1.41866258027678
-1.3841647748958104
-1.3363451754872209
-1.2756521811985215
-1.2026788360635143
-1.118119435536408
-1.0227984554690748
-0.9176126941565335
-0.8036035947800964
-0.6818559939869636
-0.5535270508674826
-0.41987517593240514
-0.28218770866974274
-0.1417809175447649
-0.15836008162830892
-0.3151853532428769
-0.4689733166197257
-0.6182537853246405
-0.761588884713169
-0.8975730519306222
-1.0249138153864812
-1.1423994829646351
-1.2488668302336163
-1.3433141917107736
-1.4248206813878617
-1.4926108163105698
-1.5460222047887568
-1.584554014081097
-1.6078023468155527
-1.615589488148428
-1.6078023468155527
-1.584554014081097
-1.5460222047887568
-1.4926108163105698
-1.4248206813878617
-1.3433141917107736
-1.2488668302336163
-1.1423994829646351
-1.0249138153864812
-0.8975730519306222
-0.761588884713169
-0.6182537853246405
-0.4689733166197257
-0.3151853532428769
-0.15836008162830892
-0.17192485224211776
-0.34218342607544133
-0.5091445226366246
-0.6712120226077701
-0.8268248862164285
-0.9744571532355986
-1.1127056418473484
-1.240254869097367
-1.355841971349515
-1.4583794826948957
-1.546867636088232
-1.6204645224387653
-1.678451011064805
-1.7202833690119026
-1.7455231019619541
-1.7539772724149947
-1.7455231019619541
-1.7202833690119026
-1.678451011064805
-1.6204645224387653
-1.546867636088232
-1.4583794826948957
-1.355841971349515
-1.240254869097367
-1.1127056418473484
-0.9744571532355986
-0.8268248862164285
-0.6712120226077701
-0.5091445226366246
-0.34218342607544133
-0.17192485224211776
-0.1824752293861912
-0.3631819271674357
-0.5403887939831012
-0.7124017627168706
-0.8775639984967409
-1.034255898695024
-1.1809881735391334
-1.3163646138672687
-1.439044858884102
-1.5478747090158786
-1.6417930452996303
-1.7199062938718053
-1.7814511937239526
-1.8258506450691951
-1.852639244853599
-1.8616122157334343
-1.852639244853599
-1.8258506450691951
-1.7814511937239526
-1.7199062938718053
-1.6417930452996303
-1.5478747090158786
-1.439044858884102
-1.3163646138672687
-1.1809881735391334
-1.034255898695024
-0.8775639984967409
-0.7124017627168706
-0.5403887939831012
-0.3631819271674357
-0.1824752293861912
-0.19001121306052945
-0.3781808565188604
-0.5627061306591562
-0.7418230056519427
-0.9138062215541072
-1.0769692883088997
-1.2297614104618373
-1.3707287172743419
-1.498475492837379
-1.6117998706737242
-1.7095969090220584
-1.7909361306096916
-1.8550227527662015
-1.901255842252976
-1.9291507754904889
-1.9384943181037488
-1.9291507754904889
-1.901255842252976
-1.8550227527662015
-1.7909361306096916
-1.7095969090220584
-1.6117998706737242
-1.498475492837379
-1.3707287172743419
-1.2297614104618373
-1.0769692883088997
-0.9138062215541072
-0.7418230056519427
-0.5627061306591562
-0.3781808565188604
-0.19001121306052945
-0.19453280326513236
-0.3871802141297151
-0.576096532664789
-0.7594757514129857
-0.9355515553885267
-1.102597322077225
-1.2590253526154593
-1.4033471793185854
-1.5341338732093446
-1.650154967668431
-1.7502792272555145
-1.833554032652423
-1.8991656881915504
-1.9464989605632441
-1.975057693872622
-1.9846235795259373
-1.975057693872622
-1.9464989605632441
-1.8991656881915504
-1.833554032652423
-1.7502792272555145
-1.650154967668431
-1.5341338732093446
-1.4033471793185854
-1.2590253526154593
-1.102597322077225
-0.9355515553885267
-0.7594757514129857
-0.576096532664789
-0.3871802141297151
-0.19453280326513236
-0.19604
-0.39018
-0.58056
-0.76536
-0.9428
-1.11114
-1.26878
-1.41422
-1.54602
-1.66294
-1.76384
-1.84776
-1.91388
-1.96158
-1.99036
-2.0
-1.99036
-1.96158
-1.91388
-1.84776
-1.76384
-1.66294
-1.54602
-1.41422
-1.26878
-1.11114
-0.9428
-0.76536
-0.58056
-0.39018
-0.19604
