9.450019103152917
9.210374822308962
8.97374493493474
8.740129441030257
8.509528340595507
8.281941633630492
8.057369320135214
7.835811400109671
7.617267873553862
7.401738740467787
7.1892240008514525
6.979723654704849
6.7732377020279815
6.569766142820852
6.369308977083452
6.171866204815792
5.977437826017868
5.7860238406896745
5.597624248831222
5.412239050442499
5.229868245523515
5.050511834074267
4.874169816094752
4.7008421915849725
4.5305289605449275
4.3632301229746195
4.198945678874049
4.03767562824321
3.8794199710821062
3.72417870739074
3.5719518371691077
3.422739360417212
3.2765412771350495
3.1333575873226227
2.993188290979933
2.8560333881069773
2.7218928787037573
2.5907667627702717
2.462655040306521
2.3375577113125083
2.215474775788229
2.096406233733685
1.9803520851488767
1.8673123300338037
1.757286968388465
1.6502760002128631
1.5462794255069952
1.4452972442708631
1.3473294565044658
1.2523760622078046
1.1604370613808788
1.071512454023687
0.985602240136232
0.9027064197185112
0.8228249927705265
0.7459579592922769
0.6721053192837622
0.6012670727449831
0.5334432196759389
0.4686337600766304
0.4068386939470573
0.3480580212872189
0.29229174209711634
0.2395398563767485
0.18980236412611645
0.1430792653452197
0.0993705600340578
0.058676248192631626
0.02099632982094035
-0.013669195081015271
-0.04532032651323567
-0.07395706447572102
-0.09957940896847088
-0.12218735999148565
-0.1417809175447649
-0.15836008162830892
-0.17192485224211776
-0.1824752293861912
-0.19001121306052945
-0.1945328032651324
-0.19604000000000002
