-0.753757
-0.734835
-0.7162109999999999
-0.6978300000000001
-0.679574
-0.661272
-0.6429779999999999
-0.62458
-0.6060939999999999
-0.58749
-0.568728
-0.5498850000000001
-0.5309470000000001
-0.512009
-0.49319799999999997
-0.47462200000000004
-0.45638599999999996
-0.438485
-0.42131899999999994
-0.40526
-0.38968200000000003
-0.37443200000000004
-0.359675
-0.34522600000000003
-0.331088
-0.317264
-0.303571
-0.290004
-0.276568
-0.263238
-0.250216
-0.23731
-0.22503299999999998
-0.213421
-0.202282
-0.191944
-0.181867
-0.17210799999999998
-0.162614
-0.153298
-0.144523
-0.13663699999999998
-0.128967
-0.12126700000000001
-0.113891
-0.106546
-0.0992762
-0.0920832
-0.0845919
-0.0767931
-0.0688925
-0.0605663
-0.052827099999999995
-0.045847900000000004
-0.0396419
-0.034597
-0.030047300000000002
-0.0261365
-0.0224586
-0.018693900000000003
-0.015103100000000001
-0.01165
-0.00830691
-0.00532233
-0.00227447
0.00093657
0.00381956
0.00665535
0.00885033
0.0103345
0.0114926
0.0120828
0.012384200000000001
0.012809000000000001
0.012587600000000001
0.0115652
0.0101536
0.00807538
0.00570397
0.00279504
-2.4658499999999998e-05
