-0.753223
-0.734328
-0.715739
-0.697396
-0.679184
-0.660942
-0.6427109999999999
-0.62438
-0.605959
-0.5874149999999999
-0.568705
-0.549898
-0.530983
-0.512055
-0.493242
-0.474652
-0.45639300000000005
-0.438493
-0.42133100000000007
-0.405225
-0.389604
-0.374327
-0.359553
-0.345109
-0.330987
-0.317168
-0.303479
-0.289918
-0.276481
-0.26315900000000003
-0.250138
-0.237265
-0.22502199999999997
-0.213457
-0.20236700000000002
-0.192018
-0.181928
-0.17214200000000002
-0.162619
-0.15329700000000002
-0.14452
-0.136579
-0.128856
-0.12113800000000001
-0.113754
-0.10643
-0.0991918
-0.0920112
-0.0845251
-0.0767332
-0.06882200000000001
-0.060538
-0.05283290000000001
-0.0459009
-0.039740199999999996
-0.0346792
-0.0301242
-0.0261648
-0.0224486
-0.018696
-0.0151218
-0.0116975
-0.00837673
-0.00536078
-0.00227322
0.000972365
0.00389401
0.00669844
0.00886049
0.0103134
0.011438799999999999
0.0120559
0.0123853
0.0127729
0.0125093
0.011451600000000001
0.0100032
0.00793225
0.005569600000000001
0.00273285
-1.5843800000000002e-05
