-0.7532909999999999
-0.734401
-0.715817
-0.6974899999999999
-0.679294
-0.661041
-0.6428010000000001
-0.624448
-0.606006
-0.587442
-0.568712
-0.549899
-0.530977
-0.512042
-0.493221
-0.474621
-0.456351
-0.43837600000000004
-0.42113900000000004
-0.40509
-0.389527
-0.374283
-0.359541
-0.345088
-0.330955
-0.317158
-0.303492
-0.289952
-0.276538
-0.26321
-0.250184
-0.23722
-0.224888
-0.21320999999999998
-0.202008
-0.191683
-0.181617
-0.171881
-0.16241
-0.153081
-0.144297
-0.136487
-0.128894
-0.12123699999999998
-0.11391300000000001
-0.10659500000000001
-0.0993613
-0.09223889999999998
-0.0848108
-0.0770563
-0.06918239999999999
-0.0607732
-0.052943
-0.045855900000000005
-0.0395401
-0.034460500000000005
-0.029887
-0.026030400000000002
-0.022417199999999998
-0.0186818
-0.0151249
-0.011693
-0.00836468
-0.00543243
-0.00242858
0.000755712
0.00361606
0.00651522
0.008772
0.010312299999999998
0.0115251
0.012098999999999999
0.012385
0.012876599999999998
0.0127171
0.0117334
0.010359
0.00825795
0.00586521
0.00286911
-3.89396e-05
