Residual: 
3.32822
2.00644
1.59037
1.41568
1.3235
1.25986
1.20708
1.15942
1.11494
1.0729
1.03297
0.99495
0.95872
0.924169
0.891204
Residual: 
0.28996
0.261596
0.250961
0.242347
0.234374
0.226858
0.219745
0.213003
0.206611
0.200551
Residual: 
0.0830454
0.0807171
0.0785967
0.0766239
0.0747706
0.073022
0.0713695
0.0698073
0.0683308
0.0669361
Residual: 
0.198061
0.169481
0.15114
0.138437
0.12899
0.121572
0.115536
0.110522
0.106316
0.102784
Residual: 
1.79325
0.799988
0.536492
0.438554
0.38896
0.358288
0.336726
0.320215
0.306808
0.295465
Residual: 
0.86011
0.829728
0.801041
0.77367
0.747531
0.722561
0.698705
0.67591
0.654126
0.633304
0.613401
0.594371
0.576176
0.558775
0.542131
Residual: 
0.526209
0.510975
0.496397
0.482444
0.469086
0.456297
0.444048
0.432316
0.421075
0.410303
0.399979
0.39008
0.380587
0.371482
0.362747
Residual: 
0.156475
0.150459
0.146374
0.142879
0.13968
0.136698
0.133903
0.131279
0.128815
0.126504
Residual: 
0.073226
0.0712632
0.0694549
0.0677651
0.0661758
0.0646767
0.0632612
0.0619247
0.0606631
0.059473
Residual: 
0.158178
0.140549
0.128409
0.119306
0.112032
0.105973
0.100806
0.0963465
0.0924809
0.089136
Residual: 
0.875771
0.471768
0.355766
0.308273
0.283282
0.268198
0.25844
0.251952
0.247657
0.244926
Residual: 
0.355223
0.347108
0.339361
0.331926
0.324785
0.317923
0.311327
0.304984
0.298882
0.293011
0.287359
0.281918
0.276677
0.271628
0.266761
Residual: 
0.262069
0.257544
0.253179
0.248967
0.2449
0.240973
0.23718
0.233515
0.229972
0.226547
0.223234
0.220028
0.216926
0.213923
0.211015
Residual: 
0.121898
0.118752
0.116695
0.114924
0.113305
0.111803
0.110402
0.109094
0.107875
0.106738
Residual: 
0.0705198
0.0687081
0.0670131
0.065417
0.0639096
0.0624847
0.0611374
0.0598639
0.0586609
0.0575251
Residual: 
0.146229
0.132728
0.122628
0.114574
0.107875
0.102156
0.0972021
0.0928791
0.0890991
0.0858014
Residual: 
0.528925
0.349255
0.291985
0.265855
0.25119
0.24211
0.236301
0.232649
0.230531
0.22956
Residual: 
0.20909
0.2063
0.20363
0.201046
0.198542
0.196113
0.193756
0.191469
0.189248
0.187092
0.184997
0.182962
0.180984
0.179061
0.177191
Residual: 
0.175373
0.173605
0.171884
0.170209
0.168579
0.166992
0.165447
0.163942
0.162476
0.161047
0.159655
0.158299
0.156976
0.155686
0.154429
Residual: 
0.109064
0.107122
0.105749
0.104528
0.103403
0.10236
0.101391
0.100491
0.0996568
0.0988855
Residual: 
0.0681698
0.0664542
0.0648341
0.0633013
0.0618502
0.0604766
0.0591766
0.057947
0.0567848
0.055687
Residual: 
0.139116
0.127461
0.118251
0.110674
0.10427
0.0987598
0.093969
0.089781
0.0861148
0.0829125
Residual: 
0.379133
0.292798
0.26103
0.244779
0.235032
0.228821
0.224866
0.2225
0.221321
0.221069
Residual: 
0.153932
0.152692
0.151504
0.150348
0.14922
0.148119
0.147045
0.145996
0.144972
0.143971
0.142994
0.142039
0.141107
0.140195
0.139304
Residual: 
0.138433
0.137582
0.136749
0.135935
0.135139
0.13436
0.133598
0.132852
0.132122
0.131408
0.130709
0.130025
0.129355
0.128699
0.128056
Residual: 
0.101802
0.10051
0.0994432
0.098471
0.0975722
0.0967393
0.0959678
0.0952547
0.0945972
0.0939933
Residual: 
0.0659986
0.0643491
0.0627868
0.0613064
0.0599038
0.0585753
0.0573176
0.0561276
0.0550025
0.0539395
Residual: 
0.1342
0.123304
0.114515
0.107212
0.101012
0.0956722
0.0910292
0.0869718
0.0834212
0.0803203
Residual: 
0.308177
0.262533
0.242571
0.23125
0.224099
0.219459
0.216538
0.214886
0.214219
0.21434
Residual: 
0.127984
0.127344
0.126724
0.126119
0.125526
0.124945
0.124376
0.123818
0.123271
0.122735
0.122209
0.121694
0.121188
0.120692
0.120205
Residual: 
0.119727
0.119258
0.118798
0.118346
0.117903
0.117467
0.117039
0.116619
0.116206
0.1158
0.115402
0.11501
0.114625
0.114247
0.113874
Residual: 
0.0969377
0.0959171
0.0950114
0.0941784
0.0934073
0.0926936
0.0920342
0.0914266
0.090869
0.0903594
Residual: 
0.0640015
0.062406
0.0608942
0.0594612
0.0581032
0.0568166
0.0555983
0.0544453
0.0533551
0.052325
Residual: 
0.130207
0.1197
0.111183
0.104093
0.0980732
0.0928903
0.0883867
0.0844535
0.0810128
0.0780084
Residual: 
0.271865
0.244216
0.230133
0.221505
0.215869
0.212187
0.209912
0.208711
0.208361
0.208705
Residual: 
0.113952
0.113578
0.113213
0.112854
0.112502
0.112156
0.111815
0.111479
0.11115
0.110825
0.110505
0.11019
0.109881
0.109575
0.109275
Residual: 
0.108979
0.108687
0.1084
0.108116
0.107837
0.107562
0.107291
0.107023
0.106759
0.106499
0.106242
0.105989
0.105739
0.105493
0.105249
Residual: 
0.0932252
0.0923394
0.0915338
0.0907899
0.0901013
0.0894647
0.0888777
0.0883385
0.0878452
0.0873963
Residual: 
0.0621338
0.0605891
0.059125
0.0577368
0.0564209
0.0551739
0.0539929
0.0528751
0.0518178
0.0508187
Residual: 
0.126598
0.116396
0.108118
0.101226
0.0953773
0.0903447
0.0859741
0.0821583
0.0788213
0.0759077
Residual: 
0.251008
0.231817
0.22092
0.213901
0.209229
0.206181
0.204342
0.203447
0.20331
0.203801
Residual: 
0.105392
0.105145
0.104903
0.104664
0.104428
0.104195
0.103966
0.103739
0.103515
0.103294
0.103075
0.102859
0.102646
0.102435
0.102227
Residual: 
0.102021
0.101817
0.101616
0.101416
0.10122
0.101025
0.100832
0.100641
0.100453
0.100266
0.100081
0.0998985
0.0997176
0.0995384
0.0993609
Residual: 
0.0901236
0.0893236
0.088588
0.0879074
0.0872776
0.0866961
0.0861609
0.0856704
0.085223
0.0848173
Residual: 
0.0603539
0.0588587
0.0574405
0.0560953
0.0548197
0.0536105
0.0524651
0.0513806
0.0503546
0.0493847
Residual: 
0.123196
0.113282
0.105233
0.098534
0.0928506
0.0879622
0.0837183
0.080014
0.0767749
0.0739468
Residual: 
0.237425
0.222567
0.213542
0.207557
0.203538
0.200931
0.199402
0.198724
0.198738
0.199331
Residual: 
0.0995422
0.0993606
0.0991818
0.0990049
0.0988299
0.0986566
0.0984851
0.0983151
0.0981469
0.0979802
0.097815
0.0976515
0.0974893
0.0973286
0.0971693
Residual: 
0.0970116
0.096855
0.0966999
0.096546
0.0963935
0.0962421
0.0960921
0.0959433
0.0957956
0.0956491
0.0955038
0.0953595
0.0952165
0.0950744
0.0949335
Residual: 
0.0873829
0.0866438
0.0859606
0.0853279
0.0847428
0.0842031
0.0837073
0.0832538
0.0828412
0.0824681
Residual: 
0.0586366
0.0571889
0.0558149
0.0545109
0.0532739
0.0521009
0.0509893
0.0499366
0.0489403
0.0479983
Residual: 
0.119942
0.110304
0.102478
0.0959645
0.0904405
0.0856904
0.0815673
0.0779688
0.0748222
0.0720749
Residual: 
0.227534
0.2151
0.207258
0.201976
0.198419
0.196132
0.194827
0.194307
0.194431
0.195096
Residual: 
0.0951449
0.095
0.0948566
0.0947145
0.0945736
0.0944339
0.094295
0.0941573
0.0940206
0.0938848
0.09375
0.0936163
0.0934834
0.0933514
0.0932204
Residual: 
0.0930901
0.0929609
0.0928324
0.0927048
0.0925779
0.0924519
0.0923267
0.0922023
0.0920786
0.0919557
0.0918335
0.091712
0.0915913
0.0914713
0.0913519
Residual: 
0.0848687
0.0841759
0.0835338
0.0829389
0.0823891
0.0818826
0.0814179
0.0809936
0.0806084
0.080261
Residual: 
0.05697
0.0555675
0.0542356
0.0529711
0.051771
0.0506326
0.0495535
0.0485311
0.0475632
0.0466476
Residual: 
0.116809
0.107433
0.0998214
0.0934877
0.0881171
0.0834994
0.0794914
0.0759933
0.0729344
0.0702633
Residual: 
0.219661
0.208704
0.201655
0.196872
0.193653
0.191603
0.190466
0.190064
0.190268
0.190986
Residual: 
0.0915914
0.0914682
0.0913462
0.0912249
0.0911044
0.0909847
0.0908656
0.0907472
0.0906296
0.0905126
0.0903962
0.0902805
0.0901655
0.090051
0.0899371
Residual: 
0.0898238
0.0897112
0.0895992
0.0894877
0.0893767
0.0892663
0.0891564
0.0890472
0.0889383
0.0888301
0.0887223
0.0886151
0.0885083
0.088402
0.0882963
Residual: 
0.082504
0.081848
0.0812392
0.0806753
0.0801544
0.079675
0.0792356
0.0788351
0.0784722
0.0781457
Residual: 
0.0553498
0.0539903
0.0526986
0.0514718
0.0503071
0.0492018
0.0481537
0.0471603
0.0462195
0.0453292
Residual: 
0.113779
0.104655
0.0972498
0.0910893
0.085866
0.0813752
0.0774771
0.0740746
0.0710987
0.0684997
Residual: 
0.212979
0.202986
0.196493
0.192076
0.18911
0.18724
0.18623
0.185918
0.186183
0.186938
Residual: 
0.0885625
0.0884532
0.0883445
0.0882363
0.0881288
0.0880216
0.087915
0.0878091
0.0877035
0.0875984
0.0874938
0.0873896
0.087286
0.0871828
0.08708
Residual: 
0.0869775
0.0868757
0.0867742
0.0866731
0.0865724
0.0864721
0.0863722
0.0862727
0.0861735
0.0860748
0.0859765
0.0858785
0.0857809
0.0856837
0.0855868
Residual: 
0.0802444
0.0796188
0.079038
0.0785001
0.0780035
0.0775469
0.0771289
0.0767483
0.076404
0.0760948
Residual: 
0.0537757
0.0524571
0.0512039
0.0500131
0.0488822
0.0478088
0.0467904
0.0458249
0.04491
0.044044
Residual: 
0.110841
0.101961
0.0947558
0.0887624
0.083681
0.079312
0.0755191
0.072208
0.0693114
0.0667811
Residual: 
0.207046
0.197719
0.19163
0.187487
0.184715
0.182983
0.182072
0.181828
0.18214
0.182923
Residual: 
0.0858785
0.0857781
0.0856782
0.0855787
0.0854797
0.0853811
0.0852828
0.085185
0.0850874
0.0849903
0.0848935
0.084797
0.084701
0.0846052
0.0845099
Residual: 
0.0844149
0.0843201
0.0842257
0.0841316
0.0840379
0.0839445
0.0838514
0.0837586
0.083666
0.0835739
0.0834819
0.0833903
0.0832989
0.0832079
0.0831171
Residual: 
0.0780652
0.0774657
0.076909
0.0763936
0.075918
0.075481
0.0750814
0.0747179
0.0743895
0.0740951
Residual: 
0.0522482
0.0509688
0.0497524
0.0485963
0.0474979
0.046455
0.0454652
0.0445265
0.0436367
0.042794
Residual: 
0.107989
0.0993468
0.0923357
0.0865041
0.0815596
0.0773078
0.0736162
0.0703929
0.0675725
0.0651081
Residual: 
0.20161
0.192762
0.186976
0.183043
0.180422
0.178799
0.177966
0.177777
0.178123
0.178925
Residual: 
0.0834321
0.0833379
0.083244
0.0831505
0.0830575
0.0829646
0.082872
0.0827798
0.0826879
0.0825963
0.082505
0.0824139
0.0823232
0.0822327
0.0821426
Residual: 
0.0820526
0.0819632
0.0818737
0.0817846
0.0816957
0.0816073
0.0815189
0.0814308
0.081343
0.0812555
0.0811681
0.0810811
0.0809942
0.0809076
0.0808212
Residual: 
0.0759531
0.0753766
0.0748413
0.0743458
0.0738889
0.0734693
0.0730858
0.0727374
0.072423
0.0721415
Residual: 
0.0507676
0.0495258
0.0483448
0.0472221
0.0461551
0.0451416
0.0441795
0.0432666
0.0424011
0.0415811
Residual: 
0.105221
0.0968098
0.0899869
0.084312
0.0795
0.0753616
0.071768
0.0686296
0.065883
0.0634824
Residual: 
0.196516
0.188029
0.182478
0.178711
0.176211
0.174675
0.173904
0.173756
0.174128
0.174944
Residual: 
0.081157
0.0810672
0.0809777
0.0808885
0.0807997
0.0807111
0.0806227
0.0805347
0.0804468
0.0803592
0.0802718
0.0801848
0.080098
0.0800114
0.0799252
Residual: 
0.079839
0.0797532
0.0796675
0.0795821
0.0794969
0.079412
0.0793274
0.0792428
0.0791586
0.0790744
0.0789906
0.078907
0.0788236
0.0787403
0.0786573
Residual: 
0.0739015
0.0733458
0.0728299
0.0723526
0.0719125
0.0715087
0.0711399
0.0708051
0.0705032
0.0702332
Residual: 
0.0493334
0.048128
0.0469812
0.0458907
0.0448541
0.0438692
0.0429339
0.0420462
0.0412043
0.0404063
Residual: 
0.102534
0.094347
0.0877071
0.0821843
0.0775009
0.0734726
0.0699742
0.0669184
0.0642437
0.0619054
Residual: 
0.191667
0.183465
0.178103
0.174472
0.172071
0.170607
0.169887
0.169772
0.170162
0.170984
Residual: 
0.0790109
0.0789244
0.0788383
0.0787524
0.0786666
0.0785814
0.0784962
0.0784113
0.0783266
0.0782422
0.078158
0.078074
0.0779902
0.0779067
0.0778234
Residual: 
0.0777402
0.0776572
0.0775746
0.0774921
0.0774098
0.0773277
0.0772458
0.0771641
0.0770827
0.0770013
0.0769202
0.0768393
0.0767586
0.0766781
0.0765978
Residual: 
0.071907
0.0713706
0.0708728
0.0704123
0.0699879
0.0695987
0.0692434
0.0689211
0.0686307
0.0683713
Residual: 
0.0479445
0.0467742
0.0456607
0.0446015
0.0435944
0.0426373
0.0417282
0.0408652
0.0400463
0.03927
Residual: 
0.0999236
0.0919557
0.0854937
0.0801187
0.0755605
0.0716396
0.0682339
0.0652589
0.0626545
0.0603772
Residual: 
0.187002
0.179037
0.173836
0.17032
0.168003
0.166599
0.16592
0.16583
0.166232
0.167055
Residual: 
0.0769659
0.0768821
0.0767988
0.0767156
0.0766325
0.0765498
0.0764673
0.0763849
0.0763028
0.0762208
0.0761392
0.0760576
0.0759763
0.0758953
0.0758142
Residual: 
0.0757337
0.0756531
0.0755729
0.0754927
0.0754129
0.0753331
0.0752537
0.0751742
0.075095
0.075016
0.0749372
0.0748586
0.0747801
0.0747018
0.0746238
Residual: 
0.069968
0.0694499
0.0689691
0.0685245
0.068115
0.0677395
0.0673969
0.0670863
0.0668067
0.0665572
Residual: 
0.0465994
0.0454633
0.0443821
0.0433534
0.0423752
0.0414453
0.0405618
0.0397228
0.0389266
0.0381715
Residual: 
0.097388
0.0896331
0.0833443
0.0781134
0.0736772
0.0698611
0.0665462
0.0636502
0.0611147
0.0588974
Residual: 
0.182484
0.174725
0.169665
0.166252
0.164009
0.162657
0.162011
0.161941
0.16235
0.163168
Residual: 
0.0750036
0.0749222
0.074841
0.0747598
0.0746792
0.0745986
0.0745182
0.0744381
0.0743581
0.0742784
0.0741987
0.0741195
0.0740404
0.0739613
0.0738825
Residual: 
0.0738039
0.0737256
0.0736473
0.0735692
0.0734914
0.0734136
0.0733361
0.0732587
0.0731815
0.0731046
0.0730278
0.0729511
0.0728747
0.0727983
0.0727222
Residual: 
0.0680835
0.0675829
0.0671184
0.0666891
0.0662937
0.0659314
0.065601
0.0653016
0.0650323
0.0647921
Residual: 
0.0452964
0.0441937
0.043144
0.0421452
0.0411951
0.0402919
0.0394335
0.0386182
0.0378443
0.0371101
Residual: 
0.0949244
0.0873767
0.0812566
0.0761663
0.0718494
0.0681357
0.0649097
0.0620912
0.0596233
0.057465
Residual: 
0.178087
0.170517
0.165588
0.162268
0.160091
0.158785
0.158169
0.158113
0.158524
0.159333
Residual: 
0.0731107
0.0730314
0.072952
0.072873
0.0727941
0.0727156
0.0726371
0.072559
0.0724809
0.072403
0.0723254
0.072248
0.0721706
0.0720936
0.0720166
Residual: 
0.0719398
0.0718633
0.0717869
0.0717106
0.0716346
0.0715587
0.0714831
0.0714074
0.0713321
0.0712569
0.071182
0.0711071
0.0710323
0.0709578
0.0708833
Residual: 
0.0662526
0.0657689
0.0653203
0.0649056
0.064524
0.0641743
0.0638557
0.0635671
0.0633077
0.0630766
Residual: 
0.044034
0.0429638
0.041945
0.0409754
0.040053
0.0391758
0.0383421
0.0375501
0.0367981
0.0360845
Residual: 
0.0925301
0.0851843
0.0792287
0.0742755
0.0700751
0.0664616
0.0633227
0.0605802
0.0581788
0.0560783
Residual: 
0.173794
0.166404
0.161599
0.158368
0.156254
0.15499
0.154398
0.154352
0.154761
0.155558
Residual: 
0.0712778
0.0712003
0.0711229
0.0710457
0.0709685
0.0708918
0.0708151
0.0707386
0.0706624
0.0705863
0.0705103
0.0704346
0.0703592
0.0702837
0.0702084
Residual: 
0.0701334
0.0700587
0.0699839
0.0699093
0.069835
0.0697608
0.0696867
0.069613
0.0695392
0.0694657
0.0693923
0.069319
0.069246
0.0691731
0.0691003
Residual: 
0.0644743
0.064007
0.0635738
0.0631735
0.0628052
0.0624679
0.0621606
0.0618826
0.0616328
0.0614105
Residual: 
0.0428106
0.0417722
0.0407836
0.0398426
0.0389473
0.0380957
0.0372863
0.0365171
0.0357866
0.0350933
Residual: 
0.090203
0.0830536
0.0772584
0.0724392
0.0683526
0.0648373
0.0617836
0.0591156
0.0567794
0.0547359
Residual: 
0.169595
0.16238
0.157697
0.154552
0.152497
0.151271
0.150701
0.150663
0.151067
0.151848
Residual: 
0.0694985
0.0694225
0.0693467
0.0692712
0.0691958
0.0691206
0.0690456
0.0689709
0.0688962
0.0688216
0.0687475
0.0686734
0.0685994
0.0685256
0.068452
Residual: 
0.0683787
0.0683054
0.0682323
0.0681596
0.0680866
0.0680141
0.0679417
0.0678694
0.0677972
0.0677252
0.0676535
0.0675818
0.0675103
0.067439
0.0673678
Residual: 
0.0627477
0.0622964
0.0618782
0.0614918
0.0611365
0.0608112
0.0605151
0.0602473
0.0600069
0.0597931
Residual: 
0.0416248
0.0406176
0.0396585
0.0387455
0.0378767
0.0370503
0.0362646
0.0355179
0.0348086
0.0341353
Residual: 
0.0879409
0.0809829
0.075344
0.0706556
0.0666803
0.0632609
0.0602907
0.0576958
0.0554235
0.0534358
Residual: 
0.165483
0.158442
0.153879
0.150817
0.14882
0.147631
0.14708
0.147046
0.147443
0.148205
Residual: 
0.0677672
0.0676929
0.0676188
0.067545
0.067471
0.0673975
0.0673242
0.0672508
0.0671778
0.0671049
0.0670322
0.0669598
0.0668874
0.0668151
0.0667431
Residual: 
0.0666713
0.0665996
0.0665281
0.0664566
0.0663854
0.0663145
0.0662435
0.0661728
0.0661023
0.0660317
0.0659614
0.0658913
0.0658215
0.0657516
0.065682
Residual: 
0.0610714
0.0606358
0.0602321
0.0598594
0.0595167
0.0592031
0.0589178
0.0586599
0.0584286
0.0582232
Residual: 
0.0404753
0.0394985
0.0385683
0.0376827
0.0368399
0.0360382
0.0352757
0.0345511
0.0338626
0.0332089
Residual: 
0.0857415
0.0789698
0.0734834
0.0689226
0.065056
0.0617305
0.0588421
0.0563186
0.054109
0.0521762
Residual: 
0.161453
0.154586
0.150141
0.147162
0.145221
0.144066
0.143533
0.143502
0.143889
0.14463
Residual: 
0.0660807
0.066008
0.0659354
0.065863
0.0657909
0.0657188
0.0656471
0.0655754
0.0655039
0.0654327
0.0653612
0.0652904
0.0652195
0.0651488
0.0650783
Residual: 
0.0650079
0.0649378
0.0648678
0.0647979
0.0647283
0.0646587
0.0645893
0.0645201
0.064451
0.0643819
0.0643133
0.0642446
0.0641761
0.0641078
0.0640396
Residual: 
0.0594441
0.0590236
0.0586341
0.0582746
0.0579442
0.057642
0.0573672
0.057119
0.0568965
0.0566991
Residual: 
0.0393607
0.0384137
0.0375117
0.0366529
0.0358355
0.0350579
0.0343183
0.0336153
0.0329473
0.0323129
Residual: 
0.0836024
0.0770122
0.0716744
0.0672381
0.0634778
0.060244
0.0574355
0.0549821
0.0528339
0.0509548
Residual: 
0.1575
0.150806
0.14648
0.143583
0.141697
0.140575
0.140057
0.140028
0.140403
0.141122
Residual: 
0.0644362
0.0643651
0.064294
0.0642233
0.0641526
0.0640821
0.0640118
0.0639416
0.0638717
0.0638018
0.0637322
0.0636628
0.0635934
0.0635243
0.0634553
Residual: 
0.0633864
0.0633179
0.0632492
0.0631809
0.0631128
0.0630447
0.0629768
0.062909
0.0628413
0.062774
0.0627066
0.0626394
0.0625725
0.0625056
0.0624388
Residual: 
0.0578642
0.0574585
0.0570827
0.056736
0.0564174
0.0561262
0.0558616
0.0556226
0.0554087
0.055219
Residual: 
0.0382798
0.0373617
0.0364873
0.0356547
0.0348622
0.0341082
0.033391
0.0327091
0.0320611
0.0314457
Residual: 
0.0815212
0.0751077
0.0699148
0.0656001
0.0619435
0.0587994
0.0560691
0.0536841
0.0515961
0.0497697
Residual: 
0.153622
0.147102
0.142893
0.140077
0.138243
0.137154
0.13665
0.13662
0.136982
0.137677
Residual: 
0.062832
0.0627622
0.0626929
0.0626235
0.0625543
0.0624855
0.0624168
0.062348
0.0622796
0.0622113
0.0621431
0.0620752
0.0620073
0.0619397
0.0618723
Residual: 
0.0618049
0.0617377
0.0616707
0.0616039
0.0615371
0.0614706
0.0614041
0.0613379
0.0612717
0.0612058
0.0611399
0.0610743
0.0610086
0.0609433
0.0608779
Residual: 
0.05633
0.0559385
0.0555759
0.0552415
0.0549344
0.0546538
0.0543989
0.0541689
0.0539631
0.0537807
Residual: 
0.037231
0.0363413
0.0354938
0.0346868
0.0339187
0.0331877
0.0324924
0.0318312
0.0312029
0.030606
Residual: 
0.0794951
0.0732539
0.0682023
0.0640061
0.0604508
0.0573943
0.0547404
0.0524225
0.0503932
0.0486184
Residual: 
0.149816
0.143469
0.139376
0.136639
0.134857
0.133798
0.133306
0.133274
0.133622
0.134291
Residual: 
0.0612662
0.0611982
0.0611302
0.0610626
0.0609949
0.0609274
0.0608603
0.0607931
0.0607262
0.0606594
0.0605928
0.0605263
0.06046
0.0603937
0.0603279
Residual: 
0.0602619
0.0601962
0.0601308
0.0600654
0.0600001
0.059935
0.05987
0.0598053
0.0597406
0.059676
0.0596118
0.0595475
0.0594834
0.0594196
0.0593557
Residual: 
0.0548398
0.0544619
0.054112
0.0537895
0.0534933
0.0532228
0.0529772
0.0527557
0.0525576
0.0523823
Residual: 
0.0362133
0.0353512
0.03453
0.033748
0.0330035
0.0322951
0.0316212
0.0309804
0.0303712
0.0297926
Residual: 
0.0775216
0.0714483
0.0665345
0.0624541
0.0589975
0.0560265
0.0534473
0.0511948
0.0492231
0.0474987
Residual: 
0.146081
0.139904
0.135926
0.133265
0.131533
0.130503
0.130023
0.129987
0.130319
0.130961
Residual: 
0.0597381
0.0596716
0.0596053
0.059539
0.0594729
0.0594069
0.0593412
0.0592756
0.0592102
0.059145
0.0590798
0.0590148
0.05895
0.0588853
0.0588208
Residual: 
0.0587566
0.0586923
0.0586282
0.0585644
0.0585006
0.058437
0.0583735
0.0583103
0.058247
0.0581839
0.0581211
0.0580582
0.0579956
0.0579331
0.0578708
Residual: 
0.0533916
0.0530267
0.0526891
0.0523778
0.0520921
0.0518312
0.0515944
0.051381
0.0511902
0.0510215
Residual: 
0.0352251
0.0343899
0.0335944
0.0328368
0.0321155
0.0314291
0.0307761
0.0301551
0.0295648
0.029004
Residual: 
0.0755979
0.0696883
0.064909
0.0609414
0.0575813
0.0546938
0.0521874
0.0499989
0.0480834
0.0464083
Residual: 
0.142414
0.136405
0.132538
0.129952
0.128268
0.127265
0.126794
0.126754
0.127069
0.127684
Residual: 
0.0582467
0.0581816
0.0581167
0.058052
0.0579873
0.0579231
0.0578589
0.0577947
0.0577308
0.0576671
0.0576035
0.05754
0.0574767
0.0574134
0.0573505
Residual: 
0.0572875
0.0572248
0.0571623
0.0570998
0.0570377
0.0569754
0.0569133
0.0568516
0.0567897
0.0567282
0.0566668
0.0566055
0.0565442
0.0564832
0.0564224
Residual: 
0.0519837
0.0516312
0.0513051
0.0510046
0.0507288
0.0504771
0.0502486
0.0500428
0.0498589
0.0496963
Residual: 
0.0342653
0.0334564
0.0326858
0.031952
0.0312534
0.0305885
0.029956
0.0293544
0.0287825
0.028239
Residual: 
0.0737216
0.0679717
0.0633235
0.0594661
0.0562001
0.053394
0.0509587
0.0488325
0.0469719
0.0453449
Residual: 
0.138813
0.132968
0.129209
0.126696
0.125058
0.12408
0.123618
0.123572
0.123869
0.124454
Residual: 
0.0567908
0.0567272
0.056664
0.0566007
0.0565376
0.0564747
0.056412
0.0563495
0.0562871
0.0562248
0.0561626
0.0561006
0.0560388
0.0559773
0.0559157
Residual: 
0.0558542
0.055793
0.0557317
0.0556709
0.0556101
0.0555494
0.0554889
0.0554284
0.0553679
0.055308
0.0552479
0.0551881
0.0551284
0.0550688
0.0550095
Residual: 
0.050614
0.0502734
0.0499584
0.049668
0.0494016
0.0491585
0.0489379
0.0487392
0.0485618
0.0484049
Residual: 
0.0333326
0.0325492
0.031803
0.0310924
0.0304159
0.029772
0.0291594
0.0285768
0.0280229
0.0274966
Residual: 
0.0718902
0.066296
0.0617758
0.0580257
0.0548515
0.0521247
0.0497588
0.0476935
0.0458863
0.0443062
Residual: 
0.135276
0.129592
0.125938
0.123495
0.121901
0.120945
0.12049
0.120437
0.120714
0.12127
Residual: 
0.0553696
0.0553078
0.0552459
0.0551843
0.0551226
0.0550613
0.055
0.0549389
0.0548781
0.0548173
0.0547566
0.0546962
0.0546357
0.0545756
0.0545156
Residual: 
0.0544557
0.0543959
0.0543362
0.0542767
0.0542172
0.0541581
0.0540991
0.0540399
0.0539813
0.0539224
0.053864
0.0538055
0.0537473
0.053689
0.0536309
Residual: 
0.0492811
0.0489518
0.0486471
0.0483663
0.0481088
0.0478738
0.0476606
0.0474686
0.0472971
0.0471455
Residual: 
0.0324259
0.0316675
0.030945
0.030257
0.0296021
0.0289787
0.0283856
0.0278215
0.0272852
0.0267755
Residual: 
0.0701014
0.0646593
0.0602638
0.0566185
0.0535337
0.0508843
0.0485859
0.0465798
0.0448247
0.0432903
Residual: 
0.131803
0.126275
0.122722
0.120345
0.118792
0.117859
0.117409
0.117347
0.117604
0.11813
Residual: 
0.0539829
0.0539223
0.053862
0.0538017
0.0537417
0.0536818
0.053622
0.0535625
0.053503
0.0534438
0.0533845
0.0533255
0.0532665
0.0532078
0.0531493
Residual: 
0.0530907
0.0530324
0.0529743
0.0529161
0.0528583
0.0528006
0.052743
0.0526853
0.0526279
0.0525707
0.0525135
0.0524565
0.0523995
0.0523429
0.0522863
Residual: 
0.0479831
0.0476644
0.0473696
0.047098
0.0468488
0.0466213
0.046415
0.0462292
0.0460632
0.0459165
Residual: 
0.0315441
0.0308099
0.0301106
0.0294447
0.0288107
0.0282073
0.0276332
0.0270872
0.0265681
0.0260748
Residual: 
0.0683533
0.0630594
0.0587856
0.0552425
0.0522448
0.0496708
0.047438
0.0454896
0.0437851
0.0422953
Residual: 
0.128391
0.123014
0.119559
0.117246
0.115732
0.114818
0.114372
0.114301
0.114537
0.11503
Residual: 
0.0526289
0.0525701
0.0525112
0.0524523
0.0523938
0.0523353
0.052277
0.0522188
0.0521609
0.0521031
0.0520454
0.0519878
0.0519305
0.0518731
0.0518159
Residual: 
0.051759
0.051702
0.0516452
0.0515887
0.0515321
0.0514757
0.0514195
0.0513635
0.0513074
0.0512515
0.0511959
0.0511403
0.0510847
0.0510296
0.050974
Residual: 
0.0467188
0.0464101
0.0461246
0.0458615
0.0456201
0.0453998
0.0451999
0.0450199
0.044859
0.0447168
Residual: 
0.0306862
0.0299757
0.0292989
0.0286545
0.028041
0.0274571
0.0269015
0.0263732
0.0258708
0.0253935
Residual: 
0.066644
0.0614948
0.0573397
0.053896
0.0509832
0.0484825
0.0463136
0.0444212
0.042766
0.0413194
Residual: 
0.12504
0.119809
0.116448
0.114196
0.112718
0.111822
0.111378
0.111297
0.111511
0.111972
Residual: 
0.0513073
0.0512497
0.0511923
0.0511352
0.0510779
0.051021
0.0509642
0.0509075
0.050851
0.0507945
0.0507384
0.050682
0.0506262
0.0505704
0.0505147
Residual: 
0.0504589
0.0504036
0.0503482
0.050293
0.050238
0.0501829
0.0501281
0.0500734
0.0500188
0.0499644
0.04991
0.0498558
0.0498017
0.0497477
0.0496939
Residual: 
0.0454865
0.0451873
0.0449106
0.0446555
0.0444215
0.0442078
0.0440139
0.0438392
0.0436831
0.043545
Residual: 
0.0298513
0.0291638
0.028509
0.0278855
0.0272919
0.026727
0.0261896
0.0256784
0.0251925
0.0247307
Residual: 
0.0649717
0.0599636
0.0559241
0.0525774
0.0497472
0.0473177
0.045211
0.0433731
0.0417657
0.040361
Residual: 
0.121748
0.116659
0.113388
0.111193
0.10975
0.10887
0.108428
0.108334
0.108526
0.108954
Residual: 
0.0500168
0.0499608
0.0499049
0.0498491
0.0497933
0.0497379
0.0496825
0.0496273
0.0495722
0.0495172
0.0494623
0.0494076
0.0493531
0.0492985
0.0492443
Residual: 
0.0491901
0.0491361
0.0490821
0.0490283
0.0489747
0.0489211
0.0488676
0.0488143
0.0487611
0.048708
0.0486551
0.0486023
0.0485495
0.0484969
0.0484444
Residual: 
0.0442851
0.0439949
0.0437264
0.0434789
0.0432518
0.0430444
0.0428561
0.0426863
0.0425345
0.0424001
Residual: 
0.0290386
0.0283735
0.0277401
0.0271369
0.0265628
0.0260164
0.0254966
0.0250022
0.0245322
0.0240856
Residual: 
0.0633351
0.0584644
0.0545376
0.0512852
0.0485354
0.0461753
0.044129
0.0423439
0.0407829
0.0394189
Residual: 
0.118515
0.113563
0.110378
0.108239
0.106828
0.105962
0.10552
0.105414
0.105582
0.105978
Residual: 
0.0487569
0.0487021
0.0486477
0.0485932
0.0485391
0.048485
0.0484311
0.0483771
0.0483236
0.0482699
0.0482165
0.0481632
0.04811
0.048057
0.0480041
Residual: 
0.0479512
0.0478985
0.047846
0.0477936
0.0477412
0.0476892
0.047637
0.047585
0.0475332
0.0474815
0.0474299
0.0473784
0.0473271
0.0472757
0.0472247
Residual: 
0.0431134
0.0428318
0.0425711
0.0423307
0.0421101
0.0419085
0.0417254
0.0415602
0.0414124
0.0412814
Residual: 
0.0282473
0.027604
0.0269914
0.0264081
0.0258528
0.0253244
0.0248218
0.0243438
0.0238894
0.0234576
Residual: 
0.0617325
0.0569959
0.0531789
0.0500183
0.0473467
0.045054
0.0430663
0.0413325
0.0398165
0.038492
Residual: 
0.115339
0.11052
0.107418
0.105331
0.103951
0.103099
0.102655
0.102536
0.10268
0.103043
Residual: 
0.0475263
0.0474729
0.0474199
0.0473668
0.0473142
0.0472613
0.0472088
0.0471565
0.0471041
0.0470519
0.0469997
0.046948
0.046896
0.0468444
0.0467929
Residual: 
0.0467415
0.04669
0.0466389
0.0465877
0.0465368
0.046486
0.0464352
0.0463846
0.0463341
0.0462838
0.0462335
0.0461833
0.0461333
0.0460834
0.0460335
Residual: 
0.0419706
0.041697
0.0414437
0.04121
0.0409954
0.0407993
0.040621
0.0404601
0.040316
0.0401882
Residual: 
0.0274768
0.0268547
0.0262623
0.0256982
0.0251614
0.0246506
0.0241646
0.0237026
0.0232633
0.022846
Residual: 
0.060163
0.0555569
0.0518467
0.0487756
0.04618
0.0439527
0.042022
0.040338
0.0388656
0.0375793
Residual: 
0.112221
0.10753
0.104508
0.102471
0.10112
0.100279
0.0998337
0.0997011
0.0998216
0.100151
Residual: 
0.0463239
0.046272
0.0462203
0.0461685
0.0461172
0.0460658
0.0460147
0.0459637
0.0459126
0.0458619
0.0458113
0.0457607
0.0457102
0.0456599
0.0456098
Residual: 
0.0455595
0.0455096
0.0454598
0.0454099
0.0453605
0.0453107
0.0452613
0.0452122
0.0451629
0.0451139
0.0450649
0.045016
0.0449673
0.0449186
0.0448701
Residual: 
0.0408556
0.0405896
0.0403433
0.040116
0.0399071
0.0397161
0.0395424
0.0393855
0.0392448
0.0391198
Residual: 
0.0267264
0.0261249
0.0255521
0.0250068
0.0244879
0.0239941
0.0235245
0.0230779
0.0226535
0.0222503
Residual: 
0.0586251
0.0541462
0.0505402
0.047556
0.0450343
0.0428707
0.0409952
0.0393595
0.0379295
0.0366804
Residual: 
0.109159
0.104593
0.101648
0.0996591
0.0983349
0.0975053
0.0970573
0.0969109
0.0970075
0.0973043
Residual: 
0.045149
0.0450982
0.045048
0.044998
0.0449478
0.0448979
0.0448479
0.0447981
0.0447488
0.0446991
0.0446496
0.0446005
0.0445514
0.0445023
0.0444535
Residual: 
0.0444047
0.0443561
0.0443075
0.0442592
0.0442105
0.0441623
0.0441143
0.0440664
0.0440184
0.0439707
0.043923
0.0438754
0.0438279
0.0437804
0.0437333
Residual: 
0.0397677
0.0395089
0.0392692
0.0390479
0.0388445
0.0386583
0.0384889
0.0383356
0.0381981
0.0380758
Residual: 
0.0259955
0.025414
0.0248603
0.0243333
0.0238317
0.0233546
0.0229007
0.0224693
0.0220593
0.0216698
Residual: 
0.0571179
0.0527629
0.0492581
0.0463586
0.0439087
0.041807
0.0399852
0.0383964
0.0370076
0.0357944
Residual: 
0.106154
0.101709
0.0988377
0.0968952
0.0955969
0.0947775
0.0943266
0.0941662
0.0942391
0.0945033
Residual: 
0.0440003
0.0439512
0.043902
0.0438532
0.0438045
0.0437559
0.0437074
0.0436589
0.0436107
0.0435626
0.0435145
0.0434663
0.0434186
0.0433709
0.0433233
Residual: 
0.0432759
0.0432284
0.0431811
0.0431339
0.0430869
0.0430401
0.0429931
0.0429463
0.0428998
0.0428532
0.0428069
0.0427605
0.0427143
0.0426682
0.0426221
Residual: 
0.038706
0.0384542
0.0382208
0.0380052
0.0378068
0.0376252
0.0374598
0.0373101
0.0371755
0.0370556
Residual: 
0.0252836
0.0247215
0.0241864
0.0236771
0.0231924
0.0227314
0.022293
0.0218762
0.0214802
0.0211041
Residual: 
0.0556404
0.051406
0.0479999
0.0451826
0.0428027
0.040761
0.0389915
0.0374483
0.0360994
0.0349212
Residual: 
0.103204
0.0988768
0.0960778
0.0941799
0.0929066
0.0920967
0.0916427
0.0914683
0.0915179
0.0917503
Residual: 
0.0428772
0.0428295
0.0427816
0.0427342
0.0426866
0.0426392
0.0425921
0.0425449
0.0424978
0.042451
0.0424042
0.0423576
0.0423109
0.0422646
0.0422183
Residual: 
0.0421721
0.0421258
0.0420797
0.042034
0.0419881
0.0419424
0.0418968
0.0418512
0.0418059
0.0417605
0.0417155
0.0416704
0.0416253
0.0415805
0.0415357
Residual: 
0.03767
0.0374247
0.0371973
0.0369872
0.0367937
0.0366165
0.0364548
0.0363084
0.0361766
0.0360591
Residual: 
0.0245901
0.0240469
0.0235298
0.0230377
0.0225695
0.0221241
0.0217007
0.0212983
0.0209159
0.0205528
Residual: 
0.0541915
0.0500747
0.0467646
0.0440275
0.0417156
0.0397324
0.0380136
0.0365148
0.0352048
0.0340607
Residual: 
0.10031
0.0960974
0.0933684
0.0915138
0.0902646
0.0894638
0.0890067
0.0888188
0.0888456
0.089047
Residual: 
0.0417786
0.041732
0.0416858
0.0416394
0.0415932
0.041547
0.0415009
0.0414551
0.0414095
0.0413638
0.0413183
0.0412728
0.0412275
0.0411825
0.0411372
Residual: 
0.0410923
0.0410474
0.0410026
0.0409579
0.0409134
0.0408687
0.0408243
0.0407801
0.040736
0.0406918
0.040648
0.0406039
0.0405603
0.0405164
0.0404729
Residual: 
0.0366589
0.03642
0.0361984
0.0359934
0.0358046
0.0356315
0.0354735
0.0353302
0.0352011
0.0350857
Residual: 
0.0239147
0.0233898
0.0228902
0.0224148
0.0219626
0.0215325
0.0211236
0.0207351
0.020366
0.0200156
Residual: 
0.0527707
0.0487683
0.0455518
0.0428927
0.040647
0.0387208
0.0370515
0.0355959
0.0343237
0.0332128
Residual: 
0.097471
0.0933703
0.0907097
0.0888973
0.0876717
0.0868799
0.0864198
0.0862188
0.0862237
0.086395
Residual: 
0.0407036
0.0406583
0.0406132
0.0405679
0.0405231
0.0404783
0.0404336
0.0403889
0.0403443
0.0403
0.0402556
0.0402115
0.0401674
0.0401233
0.0400796
Residual: 
0.0400358
0.0399919
0.0399483
0.039905
0.0398615
0.0398183
0.0397751
0.039732
0.0396889
0.0396462
0.0396033
0.0395605
0.039518
0.0394754
0.039433
Residual: 
0.0356722
0.0354394
0.0352233
0.0350234
0.0348391
0.0346699
0.0345154
0.0343751
0.0342485
0.0341352
Residual: 
0.0232567
0.0227496
0.022267
0.0218079
0.0213711
0.0209559
0.0205612
0.0201862
0.0198301
0.0194921
Residual: 
0.0513768
0.0474861
0.0443607
0.0417777
0.0395965
0.0377258
0.0361047
0.0346913
0.0334561
0.0323777
Residual: 
0.0946865
0.0906955
0.0881018
0.0863308
0.0851284
0.0843456
0.083883
0.0836695
0.0836533
0.0837958
Residual: 
0.0396515
0.0396074
0.0395634
0.0395195
0.0394759
0.0394322
0.0393887
0.0393452
0.0393018
0.0392588
0.0392157
0.0391726
0.0391296
0.0390869
0.0390442
Residual: 
0.0390016
0.0389593
0.0389167
0.0388742
0.0388322
0.0387901
0.038748
0.0387063
0.0386642
0.0386224
0.038581
0.0385393
0.038498
0.0384563
0.0384152
Residual: 
0.0347094
0.0344824
0.0342717
0.0340766
0.0338966
0.0337312
0.0335801
0.0334427
0.0333185
0.0332072
Residual: 
0.0226158
0.022126
0.0216599
0.0212166
0.0207949
0.0203941
0.0200131
0.0196513
0.0193078
0.0189819
Residual: 
0.0500093
0.0462275
0.0431909
0.0406821
0.0385638
0.0367473
0.0351733
0.0338011
0.0326021
0.0315555
Residual: 
0.0919562
0.0880728
0.0855448
0.0838147
0.0826353
0.0818617
0.081397
0.081172
0.0811359
0.0812509
Residual: 
0.0386211
0.0385783
0.0385356
0.0384928
0.0384505
0.038408
0.0383657
0.0383233
0.0382812
0.0382391
0.0381973
0.0381554
0.0381137
0.038072
0.0380304
Residual: 
0.0379889
0.0379478
0.0379063
0.0378653
0.0378244
0.0377832
0.0377426
0.0377018
0.0376609
0.0376202
0.0375798
0.0375393
0.0374991
0.0374589
0.0374185
Residual: 
0.0337698
0.0335485
0.0333429
0.0331524
0.0329767
0.032815
0.0326671
0.0325325
0.0324107
0.0323013
Residual: 
0.0219915
0.0215185
0.0210685
0.0206404
0.0202334
0.0198466
0.0194791
0.0191301
0.0187989
0.0184847
Residual: 
0.0486675
0.0449919
0.0420421
0.0396056
0.0375488
0.0357852
0.0342572
0.0329254
0.0317619
0.0307465
Residual: 
0.0892797
0.085502
0.0830387
0.081349
0.0801926
0.0794287
0.0789626
0.078727
0.0786722
0.0787613
Residual: 
0.0376123
0.0375706
0.037529
0.0374875
0.0374461
0.0374049
0.0373637
0.0373226
0.0372816
0.0372407
0.0371999
0.0371593
0.0371186
0.0370783
0.0370378
Residual: 
0.0369974
0.0369572
0.0369172
0.0368772
0.036837
0.0367972
0.0367575
0.0367179
0.0366781
0.0366387
0.0365992
0.0365601
0.0365208
0.0364816
0.0364426
Residual: 
0.0328529
0.0326371
0.0324365
0.0322506
0.0320789
0.0319209
0.0317762
0.0316443
0.0315248
0.0314174
Residual: 
0.0213834
0.0209267
0.0204922
0.0200791
0.0196864
0.0193132
0.0189588
0.0186223
0.018303
0.0180004
Residual: 
0.0473507
0.0437789
0.0409137
0.0385479
0.0365512
0.0348394
0.0333565
0.0320643
0.0309357
0.0299511
Residual: 
0.0866564
0.0829828
0.0805835
0.0789339
0.0778008
0.0770469
0.0765804
0.0763353
0.0762632
0.076328
Residual: 
0.0366239
0.0365836
0.036543
0.0365028
0.0364626
0.0364222
0.0363822
0.0363424
0.0363024
0.0362627
0.0362232
0.0361835
0.0361441
0.0361046
0.0360654
Residual: 
0.0360261
0.0359868
0.035948
0.0359091
0.0358702
0.0358313
0.0357927
0.0357541
0.0357156
0.0356771
0.0356388
0.0356007
0.0355623
0.0355243
0.0354863
Residual: 
0.0319582
0.0317478
0.0315522
0.0313707
0.0312029
0.0310485
0.0309069
0.0307777
0.0306605
0.0305549
Residual: 
0.0207912
0.0203503
0.019931
0.0195323
0.0191535
0.0187936
0.0184518
0.0181276
0.01782
0.0175285
Residual: 
0.0460587
0.0425882
0.0398058
0.037509
0.0355711
0.0339101
0.0324715
0.0312182
0.0301241
0.0291699
Residual: 
0.0840861
0.0805153
0.0781793
0.0765698
0.0754602
0.0747171
0.0742509
0.0739975
0.0739097
0.073952
Residual: 
0.035656
0.0356164
0.035577
0.0355378
0.0354985
0.0354598
0.0354207
0.0353818
0.0353431
0.0353045
0.035266
0.0352274
0.0351891
0.0351508
0.0351126
Residual: 
0.0350745
0.0350363
0.0349986
0.0349605
0.0349225
0.0348852
0.0348474
0.0348099
0.0347725
0.0347351
0.0346978
0.0346605
0.0346233
0.0345865
0.0345495
Residual: 
0.0310852
0.0308801
0.0306892
0.0305121
0.0303483
0.0301973
0.0300587
0.0299322
0.0298173
0.0297136
Residual: 
0.0202143
0.0197888
0.0193842
0.0189997
0.0186343
0.0182873
0.017958
0.0176456
0.0173495
0.017069
Residual: 
0.0447906
0.0414193
0.0387178
0.0364888
0.0346085
0.0329973
0.0316023
0.0303874
0.0293272
0.0284032
Residual: 
0.0815682
0.0780988
0.0758258
0.0742563
0.0731705
0.0724389
0.0719742
0.0717139
0.0716118
0.0716335
Residual: 
0.034707
0.0346686
0.0346305
0.0345923
0.0345546
0.0345167
0.0344785
0.0344407
0.0344032
0.0343657
0.034328
0.0342907
0.0342534
0.0342159
0.034179
Residual: 
0.0341419
0.0341049
0.0340681
0.034031
0.0339944
0.0339578
0.0339212
0.0338849
0.0338484
0.033812
0.0337759
0.0337395
0.0337034
0.0336673
0.0336315
Residual: 
0.0302335
0.0300335
0.0298473
0.0296744
0.0295144
0.0293669
0.0292314
0.0291075
0.0289948
0.028893
Residual: 
0.0196525
0.0192419
0.0188516
0.0184808
0.0181286
0.0177942
0.017477
0.0171762
0.0168912
0.0166214
Residual: 
0.0435462
0.040272
0.0376498
0.035487
0.0336633
0.032101
0.0307489
0.0295719
0.0285454
0.0276514
Residual: 
0.0791022
0.0757331
0.0735226
0.0719932
0.0709319
0.0702125
0.0697503
0.0694845
0.0693698
0.0693728
Residual: 
0.0337774
0.0337403
0.0337028
0.033666
0.0336287
0.0335921
0.0335551
0.0335186
0.033482
0.0334453
0.0334091
0.0333727
0.0333363
0.0333002
0.0332642
Residual: 
0.0332281
0.0331922
0.0331563
0.0331204
0.0330847
0.0330491
0.0330136
0.0329781
0.0329427
0.0329073
0.0328722
0.0328368
0.0328017
0.0327669
0.0327319
Residual: 
0.0294023
0.0292074
0.0290258
0.0288571
0.0287009
0.0285568
0.0284243
0.028303
0.0281926
0.0280927
Residual: 
0.0191052
0.0187092
0.0183328
0.0179754
0.017636
0.0173139
0.0170085
0.016719
0.0164449
0.0161856
Residual: 
0.0423249
0.0391459
0.0366014
0.0345037
0.0327355
0.0312215
0.0299117
0.0287722
0.0277791
0.0269149
Residual: 
0.0766877
0.0734178
0.0712694
0.0697804
0.068744
0.0680377
0.0675792
0.0673091
0.0671837
0.0671698
Residual: 
0.0328661
0.03283
0.032794
0.0327579
0.0327219
0.0326861
0.0326504
0.0326147
0.0325792
0.0325436
0.0325082
0.0324729
0.0324377
0.0324026
0.0323675
Residual: 
0.0323323
0.0322974
0.0322626
0.0322278
0.0321931
0.0321583
0.0321239
0.0320895
0.0320551
0.0320206
0.0319864
0.0319523
0.0319182
0.0318842
0.0318501
Residual: 
0.0285914
0.0284014
0.0282243
0.0280598
0.0279073
0.0277665
0.027637
0.0275184
0.0274102
0.0273123
Residual: 
0.0185721
0.0181903
0.0178275
0.017483
0.0171561
0.0168461
0.0165522
0.0162738
0.0160103
0.0157612
Residual: 
0.0411266
0.0380408
0.0355726
0.0335388
0.0318253
0.0303588
0.0290908
0.0279885
0.0270286
0.0261942
Residual: 
0.0743243
0.0711526
0.0690661
0.0676176
0.0666066
0.0659143
0.0654606
0.0651878
0.0650532
0.0650246
Residual: 
0.0319735
0.0319382
0.0319032
0.031868
0.0318333
0.0317984
0.0317639
0.0317292
0.0316945
0.03166
0.0316257
0.0315911
0.031557
0.0315227
0.0314886
Residual: 
0.0314548
0.0314208
0.0313868
0.031353
0.0313194
0.0312857
0.0312521
0.0312185
0.0311849
0.031152
0.0311186
0.0310852
0.0310519
0.031019
0.0309862
Residual: 
0.0278
0.0276149
0.0274424
0.0272819
0.0271331
0.0269956
0.0268691
0.0267531
0.0266472
0.0265512
Residual: 
0.0180529
0.0176848
0.0173352
0.0170035
0.0166887
0.0163904
0.0161077
0.0158402
0.0155872
0.0153481
Residual: 
0.0399507
0.0369566
0.0345632
0.0325922
0.0309325
0.0295129
0.0282864
0.027221
0.0262942
0.0254895
Residual: 
0.0720116
0.0689371
0.0669122
0.0655044
0.0645193
0.0638418
0.0633941
0.06312
0.0629779
0.0629365
Residual: 
0.0310986
0.0310643
0.0310303
0.0309962
0.0309623
0.0309286
0.0308948
0.0308613
0.0308274
0.0307939
0.0307606
0.0307273
0.030694
0.0306607
0.0306275
Residual: 
0.0305945
0.0305616
0.0305289
0.0304959
0.030463
0.0304304
0.0303977
0.0303651
0.0303327
0.0303002
0.030268
0.0302357
0.0302033
0.0301714
0.0301392
Residual: 
0.0270279
0.0268476
0.0266794
0.026523
0.0263779
0.0262437
0.0261201
0.0260067
0.0259031
0.0258091
Residual: 
0.0175471
0.0171924
0.0168558
0.0165364
0.0162335
0.0159466
0.015675
0.015418
0.0151752
0.014946
Residual: 
0.0387972
0.035893
0.0335733
0.0316641
0.0300575
0.0286843
0.0274988
0.02647
0.0255762
0.0248013
Residual: 
0.0697494
0.0667709
0.0648074
0.0634404
0.0624818
0.0618199
0.0613792
0.0611052
0.0609573
0.0609052
Residual: 
0.0302412
0.0302081
0.0301749
0.0301419
0.030109
0.0300762
0.0300435
0.0300105
0.029978
0.0299455
0.029913
0.0298806
0.0298484
0.0298159
0.029784
Residual: 
0.0297518
0.0297196
0.0296876
0.0296558
0.0296241
0.0295923
0.0295605
0.0295288
0.0294973
0.0294658
0.0294346
0.0294032
0.0293716
0.0293405
0.0293093
Residual: 
0.0262744
0.0260988
0.025935
0.0257825
0.025641
0.0255101
0.0253895
0.0252787
0.0251775
0.0250854
Residual: 
0.0170544
0.0167128
0.0163887
0.0160813
0.0157901
0.0155143
0.0152534
0.0150069
0.0147741
0.0145545
Residual: 
0.0376654
0.0348498
0.0326024
0.0307541
0.0291999
0.0278726
0.0267278
0.0257356
0.0248747
0.0241296
Residual: 
0.0675368
0.0646535
0.0627509
0.0614249
0.0604933
0.0598479
0.0594153
0.0591427
0.0589907
0.0589297
Residual: 
0.0294013
0.0293691
0.0293372
0.0293048
0.0292729
0.0292411
0.0292092
0.0291774
0.0291459
0.0291141
0.0290825
0.0290513
0.0290198
0.0289884
0.028957
Residual: 
0.028926
0.028895
0.028864
0.0288328
0.0288019
0.028771
0.0287402
0.0287095
0.028679
0.0286481
0.0286179
0.0285871
0.0285568
0.0285266
0.0284964
Residual: 
0.0255391
0.0253681
0.0252086
0.02506
0.0249221
0.0247945
0.0246768
0.0245686
0.0244697
0.0243797
Residual: 
0.0165743
0.0162455
0.0159336
0.0156381
0.0153582
0.0150933
0.0148429
0.0146065
0.0143835
0.0141735
Residual: 
0.0365555
0.033827
0.0316508
0.0298625
0.0283601
0.0270781
0.0259738
0.0250179
0.0241899
0.0234746
Residual: 
0.0653741
0.0625847
0.0607428
0.0594578
0.0585536
0.0579253
0.0575019
0.057232
0.0570775
0.0570094
Residual: 
0.0285787
0.0285474
0.0285164
0.0284849
0.028454
0.0284231
0.0283922
0.0283614
0.0283306
0.0282997
0.028269
0.0282386
0.0282082
0.0281777
0.0281475
Residual: 
0.028117
0.0280867
0.0280565
0.0280267
0.0279963
0.0279666
0.0279367
0.0279069
0.0278772
0.0278474
0.0278177
0.0277882
0.0277585
0.0277292
0.0276996
Residual: 
0.0248215
0.0246551
0.0244997
0.0243551
0.0242207
0.0240963
0.0239815
0.023876
0.0237794
0.0236914
Residual: 
0.0161066
0.0157902
0.0154903
0.0152062
0.0149374
0.0146832
0.0144431
0.0142166
0.0140032
0.0138024
Residual: 
0.035467
0.0328242
0.0307182
0.0289891
0.0275378
0.0263009
0.0252367
0.024317
0.0235217
0.0228364
Residual: 
0.0632606
0.060564
0.0587823
0.0575384
0.0566619
0.0560515
0.0556382
0.0553723
0.0552167
0.0551433
Residual: 
0.0277731
0.0277425
0.0277123
0.0276822
0.0276519
0.0276218
0.0275918
0.0275619
0.0275321
0.0275026
0.0274724
0.027443
0.0274134
0.0273835
0.0273543
Residual: 
0.0273248
0.0272954
0.027266
0.027237
0.0272077
0.0271787
0.0271497
0.0271208
0.0270917
0.0270629
0.0270342
0.0270055
0.0269769
0.0269483
0.0269195
Residual: 
0.0241211
0.0239592
0.023808
0.0236672
0.0235364
0.0234152
0.0233033
0.0232004
0.0231061
0.0230202
Residual: 
0.0156509
0.0153466
0.0150583
0.0147855
0.0145275
0.0142837
0.0140537
0.013837
0.013633
0.0134413
Residual: 
0.0344
0.0318415
0.0298046
0.028134
0.0267332
0.0255408
0.0245165
0.0236328
0.0228704
0.022215
Residual: 
0.0611963
0.0585912
0.0568691
0.0556662
0.0548178
0.0542258
0.0538234
0.0535627
0.0534074
0.0533305
Residual: 
0.0269842
0.0269547
0.0269252
0.0268959
0.0268666
0.0268374
0.0268082
0.0267792
0.0267501
0.0267213
0.0266924
0.0266637
0.0266349
0.0266063
0.0265776
Residual: 
0.0265492
0.0265207
0.0264922
0.0264638
0.0264354
0.0264072
0.0263791
0.026351
0.0263229
0.0262949
0.026267
0.0262389
0.0262112
0.0261835
0.0261558
Residual: 
0.0234375
0.02328
0.0231329
0.0229958
0.0228685
0.0227504
0.0226414
0.0225411
0.0224492
0.0223654
Residual: 
0.0152067
0.0149142
0.0146373
0.0143755
0.014128
0.0138945
0.0136743
0.013467
0.0132722
0.0130895
Residual: 
0.0333537
0.0308783
0.0289097
0.0272967
0.0259459
0.0247977
0.023813
0.0229651
0.0222354
0.02161
Residual: 
0.0591807
0.0566657
0.0550027
0.0538406
0.0530205
0.0524474
0.0520568
0.0518022
0.0516486
0.0515698
Residual: 
0.0262119
0.0261834
0.0261548
0.0261264
0.0260978
0.0260694
0.0260412
0.026013
0.0259849
0.0259569
0.0259287
0.0259007
0.0258728
0.0258451
0.0258173
Residual: 
0.0257895
0.0257619
0.0257343
0.0257069
0.0256795
0.025652
0.0256247
0.0255973
0.02557
0.0255429
0.0255156
0.0254887
0.0254615
0.0254349
0.0254079
Residual: 
0.0227702
0.0226171
0.022474
0.0223407
0.0222167
0.0221018
0.0219957
0.021898
0.0218084
0.0217267
Residual: 
0.0147738
0.0144928
0.0142271
0.0139759
0.0137388
0.0135152
0.0133046
0.0131067
0.0129209
0.0127469
Residual: 
0.0323286
0.0299351
0.0280336
0.0264775
0.0251761
0.0240717
0.0231263
0.0223141
0.021617
0.0210214
Residual: 
0.0572138
0.0547875
0.0531829
0.0520614
0.0512697
0.0507159
0.0503378
0.0500903
0.0499396
0.0498603
Residual: 
0.0254564
0.0254284
0.0254008
0.0253731
0.0253456
0.025318
0.0252905
0.0252633
0.025236
0.0252086
0.0251813
0.0251543
0.025127
0.0251004
0.0250732
Residual: 
0.0250464
0.0250195
0.0249928
0.0249661
0.0249393
0.0249129
0.0248862
0.0248597
0.0248334
0.0248068
0.0247806
0.0247542
0.0247284
0.0247018
0.0246759
Residual: 
0.0221188
0.0219699
0.0218308
0.0217012
0.0215806
0.0214688
0.0213655
0.0212704
0.0211831
0.0211035
Residual: 
0.0143517
0.014082
0.0138271
0.0135864
0.0133593
0.0131455
0.0129443
0.0127555
0.0125785
0.012413
Residual: 
0.0313241
0.0290112
0.027176
0.025676
0.0244235
0.0233624
0.022456
0.0216793
0.0210146
0.0204489
Residual: 
0.0552952
0.052956
0.0514089
0.0503278
0.0495644
0.0490303
0.0486653
0.0484258
0.0482792
0.0482008
Residual: 
0.024717
0.0246901
0.0246632
0.0246363
0.0246096
0.0245829
0.0245562
0.0245295
0.0245031
0.0244765
0.0244503
0.0244239
0.0243978
0.0243714
0.0243456
Residual: 
0.0243194
0.0242933
0.0242672
0.0242413
0.0242155
0.0241896
0.024164
0.0241381
0.0241125
0.024087
0.0240612
0.0240358
0.0240104
0.023985
0.0239597
Residual: 
0.0214829
0.0213382
0.021203
0.0210769
0.0209597
0.020851
0.0207505
0.0206579
0.020573
0.0204954
Residual: 
0.0139403
0.0136816
0.0134372
0.0132066
0.0129894
0.012785
0.0125931
0.0124131
0.0122448
0.0120877
Residual: 
0.0303401
0.0281067
0.0263368
0.0248922
0.023688
0.0226698
0.0218021
0.0210605
0.020428
0.0198919
Residual: 
0.0534249
0.0511711
0.0496808
0.0486396
0.0479046
0.0473904
0.0470389
0.0468082
0.0466666
0.0465903
Residual: 
0.023994
0.0239678
0.0239417
0.0239157
0.0238895
0.0238638
0.0238379
0.023812
0.0237863
0.0237609
0.023735
0.0237096
0.0236841
0.0236588
0.0236331
Residual: 
0.0236081
0.0235828
0.0235576
0.0235323
0.0235073
0.0234822
0.0234573
0.0234323
0.0234074
0.0233824
0.0233577
0.0233329
0.0233082
0.0232835
0.023259
Residual: 
0.0208623
0.0207217
0.0205903
0.0204677
0.0203538
0.0202481
0.0201503
0.0200603
0.0199776
0.0199021
Residual: 
0.0135391
0.0132911
0.013057
0.0128364
0.0126287
0.0124336
0.0122507
0.0120794
0.0119194
0.0117705
Residual: 
0.0293768
0.0272216
0.0255159
0.0241261
0.0229695
0.0219937
0.0211642
0.0204575
0.019857
0.0193503
Residual: 
0.0516028
0.0494327
0.0479981
0.0469963
0.0462895
0.0457954
0.045458
0.0452366
0.045101
0.045028
Residual: 
0.0232868
0.0232617
0.0232364
0.023211
0.0231858
0.0231606
0.0231358
0.0231107
0.0230859
0.0230609
0.0230359
0.0230111
0.0229866
0.0229618
0.0229372
Residual: 
0.0229125
0.0228882
0.0228635
0.0228393
0.022815
0.0227904
0.0227663
0.022742
0.0227181
0.0226939
0.0226699
0.0226459
0.0226218
0.022598
0.022574
Residual: 
0.0202563
0.0201197
0.019992
0.019873
0.0197622
0.0196595
0.0195645
0.0194769
0.0193966
0.0193231
Residual: 
0.0131478
0.0129102
0.0126861
0.0124752
0.0122769
0.0120908
0.0119166
0.0117538
0.011602
0.011461
Residual: 
0.0284335
0.0263554
0.0247131
0.0233771
0.0222675
0.0213336
0.0205419
0.0198697
0.0193009
0.0188232
Residual: 
0.0498285
0.0477403
0.0463604
0.0453975
0.0447187
0.0442447
0.0439216
0.0437102
0.0435813
0.0435126
Residual: 
0.0225959
0.0225714
0.0225469
0.0225222
0.0224981
0.0224734
0.0224496
0.0224251
0.0224009
0.0223768
0.0223525
0.0223287
0.0223044
0.0222806
0.0222567
Residual: 
0.022233
0.0222089
0.0221854
0.0221615
0.0221381
0.0221145
0.0220908
0.0220674
0.022044
0.0220207
0.0219974
0.0219738
0.0219507
0.0219275
0.0219043
Residual: 
0.0196649
0.0195322
0.0194082
0.0192925
0.0191849
0.0190851
0.0189928
0.0189077
0.0188296
0.0187582
Residual: 
0.0127663
0.0125387
0.0123244
0.0121229
0.0119337
0.0117564
0.0115907
0.0114361
0.0112924
0.0111591
Residual: 
0.0275107
0.0255083
0.0239283
0.0226454
0.0215821
0.0206895
0.0199352
0.0192971
0.0187594
0.0183104
Residual: 
0.048102
0.0460938
0.0447676
0.0438428
0.0431917
0.0427378
0.0424293
0.0422283
0.0421068
0.0420432
Residual: 
0.021921
0.0218971
0.0218733
0.0218494
0.0218259
0.0218022
0.0217784
0.021755
0.0217316
0.0217082
0.0216846
0.0216616
0.0216381
0.0216148
0.0215918
Residual: 
0.0215686
0.0215454
0.0215229
0.0214996
0.0214768
0.0214538
0.0214309
0.0214083
0.0213855
0.0213627
0.0213401
0.0213176
0.0212951
0.0212725
0.0212499
Residual: 
0.0190874
0.0189586
0.0188382
0.0187259
0.0186214
0.0185244
0.0184347
0.0183521
0.0182762
0.0182068
Residual: 
0.012394
0.0121763
0.0119715
0.0117791
0.0115988
0.0114301
0.0112726
0.0111261
0.0109901
0.0108643
Residual: 
0.0266079
0.02468
0.0231613
0.0219306
0.020913
0.0200611
0.0193435
0.0187388
0.0182318
0.0178111
Residual: 
0.0464233
0.044493
0.0432193
0.042332
0.0417082
0.0412744
0.0409805
0.0407904
0.0406768
0.0406192
Residual: 
0.0212616
0.0212386
0.0212154
0.0211924
0.0211694
0.0211465
0.0211236
0.0211009
0.0210779
0.0210552
0.0210325
0.0210099
0.0209876
0.0209648
0.0209423
Residual: 
0.0209201
0.0208976
0.0208752
0.020853
0.0208307
0.0208086
0.0207862
0.0207642
0.0207421
0.0207201
0.0206982
0.0206764
0.0206544
0.0206329
0.0206108
Residual: 
0.0185239
0.0183988
0.0182819
0.0181728
0.0180714
0.0179772
0.0178901
0.0178099
0.0177361
0.0176688
Residual: 
0.0120308
0.0118227
0.0116271
0.0114437
0.0112719
0.0111115
0.0109621
0.0108233
0.0106949
0.0105764
Residual: 
0.0257251
0.0238704
0.022412
0.0212326
0.0202598
0.0194479
0.0187664
0.0181947
0.0177178
0.0173247
Residual: 
0.044792
0.0429377
0.0417152
0.0408646
0.0402677
0.0398538
0.0395747
0.0393956
0.0392904
0.0392394
Residual: 
0.0206179
0.0205955
0.0205732
0.0205507
0.0205284
0.0205061
0.0204841
0.0204619
0.0204399
0.0204178
0.0203959
0.0203739
0.0203521
0.02033
0.0203082
Residual: 
0.0202866
0.0202649
0.0202431
0.0202214
0.0201998
0.0201786
0.0201569
0.0201352
0.0201141
0.0200929
0.0200715
0.0200502
0.020029
0.0200078
0.0199866
Residual: 
0.0179738
0.0178524
0.0177389
0.017633
0.0175345
0.0174432
0.0173586
0.0172807
0.0172091
0.0171437
Residual: 
0.0116765
0.0114776
0.011291
0.0111162
0.0109528
0.0108004
0.0106588
0.0105276
0.0104064
0.010295
Residual: 
0.0248622
0.0230794
0.0216801
0.020551
0.0196223
0.0188496
0.0182036
0.0176641
0.0172167
0.0168506
Residual: 
0.0432082
0.0414277
0.0402551
0.0394404
0.0388699
0.0384757
0.0382113
0.0380435
0.037947
0.0379031
Residual: 
0.0199899
0.0199681
0.0199463
0.0199246
0.0199029
0.0198814
0.0198599
0.0198384
0.0198167
0.0197954
0.0197742
0.019753
0.0197319
0.0197107
0.0196894
Residual: 
0.0196683
0.0196473
0.0196263
0.0196054
0.0195845
0.0195634
0.0195426
0.0195221
0.0195011
0.0194805
0.0194595
0.0194392
0.0194184
0.0193979
0.0193776
Residual: 
0.017437
0.0173191
0.017209
0.0171063
0.0170107
0.016922
0.01684
0.0167643
0.0166949
0.0166314
Residual: 
0.0113306
0.0111408
0.0109628
0.0107964
0.0106411
0.0104965
0.0103625
0.0102385
0.0101244
0.0100198
Residual: 
0.0240192
0.0223069
0.0209656
0.0198858
0.0190003
0.018266
0.0176546
0.0171466
0.016728
0.0163881
Residual: 
0.0416715
0.0399628
0.0388387
0.0380591
0.0375145
0.0371395
0.0368899
0.0367334
0.036646
0.0366096
Residual: 
0.0193769
0.0193558
0.0193347
0.0193137
0.0192927
0.0192717
0.0192509
0.0192301
0.0192094
0.0191888
0.0191678
0.0191473
0.0191267
0.0191061
0.0190856
Residual: 
0.0190652
0.0190447
0.0190244
0.0190039
0.0189837
0.0189636
0.0189431
0.0189231
0.0189028
0.0188831
0.0188627
0.0188428
0.0188228
0.0188028
0.0187831
Residual: 
0.0169131
0.0167988
0.0166919
0.0165922
0.0164995
0.0164134
0.0163339
0.0162605
0.0161931
0.0161316
Residual: 
0.0109931
0.010812
0.0106424
0.0104841
0.0103366
0.0101996
0.0100728
0.00995591
0.0098486
0.0097506
Residual: 
0.0231961
0.0215528
0.0202682
0.0192368
0.0183935
0.0176967
0.0171191
0.0166418
0.0162511
0.0159367
Residual: 
0.0401818
0.0385427
0.0374659
0.0367204
0.036201
0.0358451
0.03561
0.0354648
0.0353867
0.0353581
Residual: 
0.0187791
0.0187588
0.0187382
0.0187179
0.0186976
0.0186772
0.018657
0.0186368
0.0186168
0.0185965
0.0185766
0.0185565
0.0185364
0.0185166
0.0184968
Residual: 
0.018477
0.018457
0.0184372
0.0184178
0.0183978
0.0183782
0.0183587
0.018339
0.0183196
0.0183001
0.0182803
0.0182614
0.0182417
0.0182225
0.0182032
Residual: 
0.0164021
0.0162912
0.0161875
0.0160908
0.0160009
0.0159174
0.0158402
0.0157691
0.0157038
0.0156441
Residual: 
0.0106638
0.0104911
0.0103297
0.0101792
0.0100392
0.00990952
0.00978975
0.00967962
0.00957886
0.00948718
Residual: 
0.0223928
0.020817
0.0195879
0.0186037
0.0178016
0.0171414
0.0165967
0.0161492
0.0157856
0.0154958
Residual: 
0.038739
0.0371673
0.0361363
0.035424
0.0349292
0.0345919
0.0343711
0.0342373
0.0341685
0.034148
Residual: 
0.0181965
0.0181767
0.0181569
0.0181373
0.0181173
0.0180978
0.0180781
0.0180585
0.0180389
0.0180194
0.0180001
0.0179808
0.0179613
0.0179417
0.0179227
Residual: 
0.0179033
0.0178843
0.017865
0.0178458
0.0178267
0.0178076
0.0177887
0.0177695
0.0177507
0.0177318
0.017713
0.017694
0.0176754
0.0176563
0.0176377
Residual: 
0.0159035
0.015796
0.0156954
0.0156016
0.0155144
0.0154335
0.0153587
0.0152897
0.0152264
0.0151685
Residual: 
0.0103423
0.0101777
0.0100241
0.00988118
0.00974852
0.00962583
0.00951283
0.00940923
0.00931475
0.00922912
Residual: 
0.021609
0.0200992
0.0189244
0.0179862
0.0172242
0.0165996
0.0160869
0.0156682
0.0153307
0.0150645
Residual: 
0.0373426
0.0358363
0.0348497
0.0341695
0.0336988
0.0333796
0.0331729
0.0330503
0.0329908
0.0329786
Residual: 
0.0176286
0.0176094
0.0175902
0.017571
0.0175521
0.0175328
0.0175139
0.0174949
0.0174759
0.0174571
0.017438
0.0174193
0.0174004
0.0173818
0.0173631
Residual: 
0.0173443
0.0173256
0.0173072
0.0172885
0.0172702
0.0172518
0.0172331
0.0172148
0.0171963
0.0171781
0.0171598
0.0171415
0.0171232
0.0171051
0.0170869
Residual: 
0.0154173
0.015313
0.0152155
0.0151246
0.0150401
0.0149616
0.0148891
0.0148222
0.0147609
0.0147048
Residual: 
0.0100285
0.00987182
0.00972579
0.00959011
0.00946445
0.00934851
0.009242
0.00914466
0.0090562
0.00897637
Residual: 
0.0208451
0.0193997
0.0182776
0.0173843
0.0166613
0.0160713
0.0155894
0.0151985
0.0148861
0.0146426
Residual: 
0.0359928
0.0345495
0.0336059
0.0329569
0.0325094
0.0322079
0.032015
0.0319035
0.0318533
0.0318493
Residual: 
0.0170756
0.017057
0.0170383
0.0170198
0.0170014
0.0169827
0.0169641
0.0169458
0.0169275
0.016909
0.0168909
0.0168724
0.0168541
0.0168363
0.0168179
Residual: 
0.0167999
0.0167819
0.0167639
0.0167458
0.0167278
0.0167098
0.016692
0.0166741
0.0166562
0.0166383
0.0166207
0.016603
0.0165854
0.0165677
0.0165501
Residual: 
0.0149431
0.014842
0.0147475
0.0146594
0.0145774
0.0145014
0.0144311
0.0143664
0.0143069
0.0142526
Residual: 
0.00972216
0.00957302
0.00943427
0.00930558
0.00918665
0.00907719
0.00897691
0.00888554
0.00880284
0.00872854
Residual: 
0.0201005
0.0187178
0.0176472
0.0167974
0.0161122
0.0155556
0.0151036
0.0147395
0.0144511
0.0142292
Residual: 
0.0346884
0.0333061
0.0324041
0.0317853
0.0313603
0.031076
0.0308964
0.0307958
0.0307548
0.0307591
Residual: 
0.0165372
0.0165191
0.0165009
0.0164829
0.016465
0.0164471
0.0164293
0.0164113
0.0163932
0.0163756
0.0163579
0.0163401
0.0163226
0.0163046
0.0162872
Residual: 
0.0162696
0.0162524
0.0162345
0.0162171
0.0161997
0.0161823
0.016165
0.0161478
0.0161302
0.0161131
0.0160959
0.0160787
0.0160616
0.0160443
0.0160273
Residual: 
0.0144809
0.0143829
0.0142913
0.0142059
0.0141265
0.0140529
0.0139848
0.0139221
0.0138646
0.013812
Residual: 
0.00942321
0.00928134
0.00914957
0.0090276
0.00891512
0.00881185
0.00871752
0.00863187
0.00855465
0.00848561
Residual: 
0.0193756
0.0180539
0.0170332
0.0162257
0.0155772
0.0150528
0.0146295
0.014291
0.0140256
0.0138242
Residual: 
0.0334299
0.0321064
0.0312446
0.0306549
0.0302517
0.029984
0.0298175
0.0297274
0.0296954
0.0297079
Residual: 
0.0160131
0.0159955
0.0159779
0.0159602
0.0159428
0.0159256
0.0159081
0.0158908
0.0158736
0.0158565
0.015839
0.0158219
0.0158046
0.0157876
0.0157708
Residual: 
0.0157536
0.0157365
0.0157195
0.0157025
0.0156855
0.0156689
0.0156522
0.0156353
0.0156184
0.0156017
0.0155849
0.0155683
0.0155517
0.015535
0.0155184
Residual: 
0.0140302
0.0139353
0.0138466
0.0137639
0.013687
0.0136157
0.0135498
0.0134891
0.0134334
0.0133825
Residual: 
0.0091313
0.00899641
0.00887135
0.0087558
0.0086495
0.00855215
0.0084635
0.00838329
0.00831128
0.00824723
Residual: 
0.0186699
0.0174075
0.0164353
0.0156687
0.0150554
0.0145621
0.0141663
0.0138524
0.0136088
0.0134268
Residual: 
0.0322163
0.0309495
0.0301264
0.0295648
0.0291827
0.028931
0.0287771
0.0286973
0.0286741
0.0286946
Residual: 
0.0155029
0.0154859
0.0154692
0.0154522
0.0154352
0.0154183
0.0154013
0.0153845
0.0153676
0.0153509
0.0153343
0.0153176
0.0153009
0.0152845
0.015268
Residual: 
0.0152513
0.0152347
0.0152184
0.015202
0.0151855
0.0151688
0.0151525
0.0151364
0.0151202
0.0151037
0.0150877
0.0150716
0.0150555
0.0150394
0.0150232
Residual: 
0.0135911
0.0134991
0.0134132
0.0133332
0.0132587
0.0131897
0.0131259
0.0130672
0.0130133
0.0129641
Residual: 
0.00884638
0.00871817
0.00859952
0.00849013
0.00838972
0.00829801
0.00821477
0.00813973
0.00807266
0.00801332
Residual: 
0.0179837
0.0167788
0.0158534
0.0151262
0.014547
0.0140835
0.013714
0.0134234
0.0132006
0.0130368
Residual: 
0.0310474
0.0298352
0.0290494
0.0285149
0.028153
0.0279169
0.0277751
0.0277052
0.0276906
0.0277188
Residual: 
0.0150071
0.0149905
0.0149741
0.0149575
0.0149411
0.0149247
0.0149085
0.0148921
0.0148758
0.0148597
0.0148435
0.0148272
0.0148109
0.0147949
0.0147789
Residual: 
0.0147629
0.0147467
0.0147308
0.0147149
0.0146989
0.0146832
0.0146671
0.0146514
0.0146357
0.0146197
0.0146039
0.0145885
0.0145728
0.0145571
0.0145415
Residual: 
0.0131632
0.0130742
0.0129911
0.0129136
0.0128415
0.0127748
0.012713
0.0126562
0.0126042
0.0125566
Residual: 
0.00856831
0.0084465
0.00833397
0.00823045
0.00813565
0.00804931
0.0079712
0.00790106
0.00783865
0.00778376
Residual: 
0.0173167
0.0161674
0.0152873
0.0145982
0.0140517
0.0136167
0.0132723
0.0130038
0.0128005
0.0126539
Residual: 
0.0299224
0.0287626
0.0280127
0.0275044
0.0271619
0.0269407
0.0268106
0.0267503
0.0267438
0.0267795
Residual: 
0.0145248
0.0145089
0.0144928
0.0144768
0.0144609
0.0144451
0.0144291
0.0144135
0.0143974
0.0143818
0.0143661
0.0143502
0.0143348
0.014319
0.0143035
Residual: 
0.0142878
0.0142723
0.0142569
0.0142412
0.014226
0.0142106
0.014195
0.0141796
0.0141645
0.014149
0.014134
0.0141185
0.0141035
0.0140884
0.0140731
Residual: 
0.0127465
0.0126603
0.0125799
0.0125049
0.0124352
0.0123706
0.012311
0.0122561
0.0122057
0.0121598
Residual: 
0.00829687
0.00818116
0.00807448
0.00797654
0.00788708
0.00780584
0.00773258
0.00766707
0.00760907
0.00755836
Residual: 
0.0166688
0.0155733
0.0147367
0.0140842
0.013569
0.0131612
0.0128407
0.0125931
0.0124081
0.0122775
Residual: 
0.0288408
0.0277314
0.027016
0.0265327
0.026209
0.026002
0.0258831
0.0258319
0.0258333
0.0258762
Residual: 
0.0140561
0.0140407
0.014025
0.0140097
0.013994
0.0139789
0.0139633
0.0139481
0.0139325
0.0139172
0.013902
0.0138868
0.0138717
0.0138564
0.0138411
Residual: 
0.013826
0.013811
0.0137961
0.013781
0.0137659
0.013751
0.013736
0.0137213
0.0137066
0.0136915
0.0136768
0.0136618
0.0136472
0.0136324
0.0136176
Residual: 
0.0123406
0.0122573
0.0121795
0.012107
0.0120396
0.0119772
0.0119196
0.0118665
0.0118179
0.0117736
Residual: 
0.00803195
0.00792207
0.00782095
0.00772832
0.00764392
0.0075675
0.00749883
0.00743768
0.00738382
0.00733703
Residual: 
0.01604
0.0149963
0.0142017
0.0135842
0.0130989
0.0127171
0.0124191
0.0121912
0.0120234
0.0119076
Residual: 
0.0278019
0.0267409
0.0260587
0.0255994
0.0252936
0.0251003
0.0249921
0.0249496
0.0249585
0.0250081
Residual: 
0.013601
0.0135857
0.0135708
0.0135557
0.0135407
0.0135257
0.0135106
0.0134959
0.013481
0.013466
0.0134512
0.0134366
0.0134217
0.013407
0.0133923
Residual: 
0.0133777
0.0133631
0.0133485
0.0133341
0.0133192
0.0133049
0.0132904
0.013276
0.0132617
0.0132471
0.0132326
0.0132183
0.0132041
0.0131897
0.0131754
Residual: 
0.0119454
0.0118649
0.0117897
0.0117196
0.0116545
0.0115942
0.0115385
0.0114873
0.0114404
0.0113977
Residual: 
0.00777338
0.00766904
0.0075732
0.0074856
0.00740599
0.00733413
0.00726979
0.00721274
0.00716275
0.00711962
Residual: 
0.0154299
0.014436
0.0136817
0.0130977
0.012641
0.0122838
0.0120071
0.0117977
0.0116459
0.0115438
Residual: 
0.0268047
0.0257902
0.0251397
0.0247035
0.0244148
0.0242345
0.0241365
0.0241023
0.0241182
0.0241743
Residual: 
0.0131588
0.0131441
0.0131296
0.013115
0.0131003
0.0130858
0.013071
0.0130568
0.0130422
0.013028
0.0130135
0.0129992
0.0129849
0.0129706
0.0129562
Residual: 
0.0129421
0.012928
0.0129138
0.0128994
0.0128854
0.0128712
0.0128574
0.0128434
0.0128293
0.0128152
0.0128014
0.0127874
0.0127737
0.0127597
0.0127459
Residual: 
0.0115608
0.011483
0.0114103
0.0113427
0.0112798
0.0112216
0.0111678
0.0111184
0.0110732
0.011032
Residual: 
0.00752113
0.00742205
0.00733121
0.00724838
0.00717329
0.00710572
0.00704544
0.00699223
0.00694586
0.00690614
Residual: 
0.0148387
0.0138927
0.0131769
0.0126249
0.0121954
0.0118613
0.0116047
0.0114126
0.0112756
0.0111862
Residual: 
0.0258486
0.0248786
0.0242586
0.0238444
0.0235721
0.0234042
0.0233159
0.0232894
0.0233119
0.023374
Residual: 
0.0127294
0.0127152
0.012701
0.0126869
0.0126726
0.0126587
0.0126444
0.0126304
0.0126164
0.0126025
0.0125886
0.0125748
0.0125608
0.0125469
0.0125328
Residual: 
0.0125194
0.0125056
0.0124917
0.0124779
0.0124641
0.0124506
0.0124371
0.0124234
0.0124099
0.0123961
0.0123826
0.0123691
0.0123556
0.0123422
0.0123287
Residual: 
0.0111863
0.0111112
0.0110411
0.0109757
0.0109151
0.0108589
0.0108071
0.0107594
0.0107158
0.0106761
Residual: 
0.00727487
0.00718077
0.00709467
0.00701634
0.00694552
0.00688198
0.00682552
0.00677589
0.0067329
0.00669634
Residual: 
0.0142657
0.0133656
0.0126867
0.0121652
0.0117613
0.0114492
0.0112114
0.0110354
0.010912
0.0108342
Residual: 
0.0249324
0.0240051
0.0234142
0.0230211
0.0227644
0.0226083
0.022529
0.0225099
0.0225385
0.0226061
Residual: 
0.0123128
0.0122991
0.0122854
0.0122717
0.0122579
0.0122441
0.0122306
0.0122167
0.0122031
0.0121897
0.0121763
0.0121628
0.0121495
0.0121357
0.0121221
Residual: 
0.0121089
0.0120954
0.0120821
0.0120689
0.0120554
0.0120422
0.0120288
0.0120157
0.0120025
0.0119894
0.0119762
0.0119633
0.0119501
0.0119369
0.0119238
Residual: 
0.0108221
0.0107496
0.0106819
0.0106189
0.0105604
0.0105063
0.0104563
0.0104104
0.0103684
0.0103302
Residual: 
0.00703471
0.00694532
0.0068637
0.0067896
0.00672279
0.00666304
0.00661014
0.00656386
0.006524
0.00649036
Residual: 
0.0137112
0.012855
0.0122113
0.0117187
0.0113391
0.0110476
0.0108273
0.0106663
0.0105555
0.0104882
Residual: 
0.0240553
0.0231688
0.0226058
0.0222328
0.0219909
0.021846
0.0217753
0.0217629
0.0217973
0.0218699
Residual: 
0.0119089
0.0118955
0.0118821
0.0118689
0.0118553
0.0118421
0.0118289
0.0118154
0.0118026
0.0117892
0.0117762
0.011763
0.0117499
0.0117368
0.0117237
Residual: 
0.0117106
0.0116977
0.0116848
0.0116719
0.0116588
0.0116458
0.0116333
0.0116203
0.0116075
0.0115947
0.011582
0.0115693
0.0115564
0.0115439
0.0115309
Residual: 
0.0104679
0.010398
0.0103327
0.010272
0.0102156
0.0101634
0.0101153
0.0100711
0.0100307
0.00999402
Residual: 
0.0068005
0.00671556
0.00663816
0.00656805
0.006505
0.00644879
0.0063992
0.00635602
0.00631906
0.00628811
Residual: 
0.013175
0.0123607
0.0117504
0.0112852
0.0109285
0.0106563
0.0104524
0.0103051
0.0102058
0.010148
Residual: 
0.0232163
0.0223688
0.0218324
0.0214785
0.0212507
0.0211163
0.0210536
0.0210475
0.0210871
0.0211643
Residual: 
0.0115171
0.0115041
0.011491
0.011478
0.0114651
0.0114523
0.0114391
0.0114265
0.0114136
0.0114009
0.0113882
0.0113752
0.0113627
0.01135
0.0113373
Residual: 
0.0113246
0.0113119
0.0112996
0.0112869
0.0112743
0.0112616
0.0112492
0.0112367
0.0112242
0.0112118
0.0111994
0.0111873
0.0111749
0.0111623
0.01115
Residual: 
0.0101233
0.0100559
0.00999301
0.00993451
0.00988023
0.00983001
0.00978373
0.00974124
0.00970242
0.00966713
Residual: 
0.00657196
0.00649123
0.00641779
0.00635142
0.00629189
0.00623898
0.00619248
0.00615218
0.00611789
0.00608941
Residual: 
0.0126565
0.0118821
0.0113035
0.0108643
0.0105291
0.0102749
0.0100861
0.00995146
0.00986269
0.00981339
Residual: 
0.0224141
0.0216037
0.0210927
0.020757
0.0205426
0.0204181
0.0203629
0.0203627
0.0204069
0.0204882
Residual: 
0.0111371
0.0111246
0.0111118
0.0110993
0.0110867
0.0110741
0.0110617
0.0110491
0.0110367
0.0110241
0.011012
0.0109996
0.010987
0.0109747
0.0109628
Residual: 
0.0109504
0.0109381
0.010926
0.0109135
0.0109014
0.0108892
0.0108772
0.010865
0.0108528
0.0108408
0.0108286
0.0108167
0.0108047
0.0107929
0.0107808
Residual: 
0.00978827
0.00972337
0.00966285
0.00960655
0.00955432
0.00950603
0.00946153
0.00942071
0.00938343
0.00934956
Residual: 
0.00634918
0.00627239
0.00620268
0.00613982
0.00608358
0.00603374
0.0059901
0.00595246
0.00592062
0.0058944
Residual: 
0.0121556
0.0114193
0.0108707
0.0104559
0.0101408
0.00990349
0.00972866
0.00960559
0.0095263
0.00948461
Residual: 
0.0216474
0.0208725
0.0203857
0.0200673
0.0198655
0.0197503
0.0197021
0.0197072
0.0197557
0.0198405
Residual: 
0.0107689
0.0107567
0.0107443
0.0107322
0.0107199
0.0107078
0.0106958
0.0106835
0.0106715
0.0106593
0.0106472
0.0106351
0.0106233
0.0106111
0.0105994
Residual: 
0.0105874
0.0105755
0.0105638
0.010552
0.0105398
0.0105281
0.0105163
0.0105044
0.0104929
0.0104811
0.0104695
0.0104577
0.010446
0.0104344
0.010423
Residual: 
0.00946252
0.00940007
0.00934185
0.00928772
0.00923751
0.00919111
0.00914838
0.00910919
0.00907343
0.00904097
Residual: 
0.0061319
0.00605883
0.00599261
0.00593303
0.00587985
0.00583286
0.00579187
0.00575667
0.00572709
0.00570292
Residual: 
0.0116721
0.0109718
0.0104516
0.0100597
0.0097635
0.00954172
0.00937976
0.00926724
0.00919647
0.0091615
Residual: 
0.0209151
0.020174
0.0197101
0.0194082
0.0192183
0.0191118
0.01907
0.0190799
0.0191321
0.01922
Residual: 
0.0104122
0.0104005
0.0103883
0.0103767
0.0103647
0.0103529
0.010341
0.0103292
0.0103175
0.0103059
0.0102938
0.0102824
0.0102708
0.010259
0.0102475
Residual: 
0.0102359
0.0102243
0.010213
0.0102014
0.0101897
0.0101785
0.0101669
0.0101554
0.010144
0.0101325
0.0101213
0.0101098
0.0100986
0.0100873
0.0100762
Residual: 
0.00914598
0.00908595
0.00903
0.00897798
0.00892977
0.00888522
0.00884422
0.00880665
0.00877237
0.00874129
Residual: 
0.00592015
0.00585057
0.00578762
0.0057311
0.00568076
0.00563642
0.00559787
0.00556492
0.00553739
0.00551508
Residual: 
0.0112057
0.0105396
0.0100461
0.00967572
0.00939709
0.00918971
0.00903954
0.00893658
0.00887343
0.00884435
Residual: 
0.020216
0.019507
0.019065
0.0187786
0.0185999
0.0185016
0.0184657
0.0184799
0.0185354
0.0186258
Residual: 
0.0100667
0.0100552
0.0100436
0.010032
0.0100207
0.0100091
0.00999753
0.00998633
0.00997485
0.0099633
0.00995175
0.00994051
0.00992917
0.00991785
0.0099067
Residual: 
0.00989532
0.00988416
0.00987282
0.00986168
0.0098505
0.00983954
0.00982836
0.00981714
0.00980633
0.00979504
0.00978413
0.00977306
0.00976185
0.00975125
0.00974004
Residual: 
0.00883838
0.00878071
0.00872699
0.00867706
0.0086308
0.00858808
0.00854878
0.00851278
0.00847998
0.00845025
Residual: 
0.0057138
0.00564748
0.00558759
0.00553391
0.00548623
0.00544433
0.00540803
0.00537713
0.00535145
0.00533082
Residual: 
0.0107562
0.0101224
0.00965409
0.00930379
0.00904146
0.00884734
0.00870792
0.00861358
0.00855718
0.00853321
Residual: 
0.0195486
0.0188701
0.0184488
0.0181771
0.018009
0.0179182
0.0178877
0.0179058
0.0179641
0.0180566
Residual: 
0.00973237
0.00972089
0.00970974
0.00969852
0.00968725
0.00967602
0.00966492
0.00965397
0.00964281
0.00963176
0.00962065
0.00960948
0.0095986
0.00958758
0.00957674
Residual: 
0.00956568
0.00955487
0.00954406
0.00953328
0.00952221
0.00951132
0.00950034
0.00948988
0.00947887
0.00946836
0.00945767
0.00944692
0.00943625
0.00942563
0.00941477
Residual: 
0.00853951
0.00848417
0.00843262
0.00838474
0.0083404
0.00829947
0.00826184
0.0082274
0.00819603
0.00816764
Residual: 
0.00551271
0.00544945
0.00539241
0.00534138
0.00529614
0.0052565
0.00522226
0.00519323
0.00516924
0.00515012
Residual: 
0.0103231
0.00971973
0.00927504
0.0089435
0.00869626
0.00851432
0.00838467
0.00829805
0.00824758
0.00822799
Residual: 
0.0189115
0.0182621
0.0178603
0.0176025
0.0174443
0.0173605
0.017335
0.0173565
0.0174171
0.0175112
Residual: 
0.00940833
0.00939745
0.00938668
0.00937568
0.00936495
0.00935402
0.00934315
0.00933218
0.00932153
0.00931083
0.00930007
0.00928946
0.00927875
0.00926795
0.00925725
Residual: 
0.00924669
0.00923601
0.00922537
0.0092149
0.00920417
0.00919373
0.00918344
0.00917287
0.00916242
0.00915188
0.0091417
0.00913116
0.00912091
0.00911057
0.00910014
Residual: 
0.00824927
0.0081962
0.0081468
0.00810093
0.00805846
0.00801929
0.0079833
0.00795038
0.00792043
0.00789334
Residual: 
0.00531692
0.00525651
0.00520213
0.00515356
0.00511059
0.00507302
0.00504066
0.00501333
0.00499087
0.00497309
Residual: 
0.00990629
0.00933165
0.00890907
0.00859497
0.00836166
0.00819085
0.00807002
0.00799026
0.00794497
0.00792907
Residual: 
0.0183033
0.0176814
0.0172982
0.0170534
0.0169045
0.0168272
0.0168062
0.0168306
0.0168931
0.0169883
Residual: 
0.00909511
0.00908436
0.00907383
0.0090633
0.0090528
0.00904226
0.00903158
0.00902093
0.00901043
0.00900018
0.00898977
0.00897956
0.00896897
0.00895848
0.00894828
Residual: 
0.0089378
0.00892727
0.00891726
0.00890689
0.00889685
0.00888653
0.00887616
0.00886606
0.00885595
0.00884576
0.00883559
0.00882533
0.0088154
0.00880525
0.00879536
Residual: 
0.00796734
0.00791651
0.0078692
0.00782529
0.00778467
0.00774721
0.00771283
0.0076814
0.00765283
0.00762702
Residual: 
0.00512622
0.00506848
0.00501658
0.00497028
0.0049294
0.00489373
0.00486309
0.00483731
0.0048162
0.00479962
Residual: 
0.00950533
0.00895767
0.00855576
0.00825785
0.00803735
0.00787667
0.00776378
0.00769009
0.00764925
0.00763641
Residual: 
0.0177228
0.0171269
0.0167612
0.0165287
0.0163884
0.0163171
0.0163001
0.0163271
0.016391
0.0164869
Residual: 
0.00879182
0.00878142
0.00877122
0.00876079
0.00875059
0.00874046
0.00873034
0.00871999
0.00870959
0.00869963
0.0086894
0.00867925
0.00866939
0.00865912
0.00864919
Residual: 
0.00863903
0.00862908
0.008619
0.00860902
0.00859904
0.0085893
0.00857923
0.00856946
0.00855929
0.00854964
0.00853963
0.00852991
0.00851996
0.00851033
0.00850052
Residual: 
0.00769366
0.007645
0.00759974
0.00755775
0.00751893
0.00748316
0.00745035
0.00742038
0.00739316
0.0073686
Residual: 
0.00494062
0.00488537
0.00483577
0.00479159
0.00475263
0.00471871
0.00468963
0.00466524
0.00464535
0.00462982
Residual: 
0.00911993
0.00859759
0.00821497
0.00793204
0.00772329
0.00757181
0.00746601
0.00739764
0.00736059
0.00735023
Residual: 
0.0171683
0.0165971
0.0162479
0.0160269
0.0158947
0.0158289
0.0158154
0.0158445
0.0159095
0.0160057
Residual: 
0.00849869
0.00848853
0.00847851
0.00846851
0.00845867
0.00844875
0.00843875
0.00842883
0.00841903
0.00840897
0.00839905
0.0083891
0.00837942
0.00836977
0.00835998
Residual: 
0.00835018
0.00834032
0.00833079
0.00832106
0.00831135
0.00830187
0.0082919
0.00828241
0.00827274
0.00826312
0.00825369
0.00824385
0.00823451
0.00822507
0.00821554
Residual: 
0.00742806
0.00738152
0.00733826
0.00729815
0.00726109
0.00722696
0.00719568
0.00716713
0.00714123
0.00711789
Residual: 
0.00476009
0.00470717
0.00465971
0.00461748
0.00458029
0.00454797
0.00452031
0.00449717
0.00447837
0.00446376
Residual: 
0.00874981
0.00825121
0.00788653
0.00761745
0.00741944
0.00727627
0.00717678
0.00711304
0.00707918
0.00707076
Residual: 
0.0166385
0.0160906
0.015757
0.0155469
0.0154221
0.0153613
0.015351
0.0153819
0.0154476
0.0155436
Residual: 
0.00821519
0.00820523
0.00819561
0.00818598
0.00817607
0.00816656
0.00815689
0.00814702
0.00813761
0.00812792
0.00811834
0.00810864
0.00809915
0.00808989
0.00807987
Residual: 
0.00807078
0.00806121
0.00805209
0.00804239
0.00803298
0.00802356
0.00801442
0.008005
0.00799545
0.00798624
0.00797677
0.00796782
0.00795839
0.00794917
0.00793974
Residual: 
0.00717028
0.00712582
0.00708451
0.00704623
0.00701088
0.00697835
0.00694856
0.0069214
0.00689679
0.00687464
Residual: 
0.00458446
0.00453371
0.00448823
0.00444781
0.00441225
0.00438138
0.00435501
0.00433299
0.00431515
0.00430134
Residual: 
0.00839455
0.00791815
0.00757015
0.0073138
0.00712559
0.00698988
0.00689596
0.00683619
0.00680495
0.00679797
Residual: 
0.0161321
0.0156062
0.0152873
0.0150872
0.0149694
0.0149132
0.0149056
0.0149379
0.0150039
0.0150995
Residual: 
0.00794088
0.00793146
0.00792193
0.00791248
0.00790334
0.00789368
0.00788447
0.00787497
0.00786556
0.00785641
0.00784708
0.00783793
0.00782841
0.00781918
0.00780977
Residual: 
0.00780057
0.00779132
0.00778226
0.00777309
0.00776396
0.0077548
0.0077458
0.00773652
0.0077274
0.00771837
0.00770957
0.00770052
0.00769132
0.00768225
0.00767341
Residual: 
0.00692003
0.00687759
0.00683818
0.00680168
0.006768
0.00673703
0.00670869
0.00668288
0.00665952
0.00663853
Residual: 
0.00441363
0.0043649
0.00432126
0.0042825
0.00424844
0.0042189
0.00419369
0.00417267
0.00415568
0.00414256
Residual: 
0.00805367
0.00759803
0.00726549
0.00702086
0.00684154
0.00671251
0.00662347
0.00656707
0.00653792
0.00653193
Residual: 
0.0156475
0.0151424
0.0148372
0.0146466
0.0145352
0.0144831
0.014478
0.0145113
0.0145773
0.014672
Residual: 
0.00767588
0.00766677
0.00765773
0.00764848
0.00763902
0.00763006
0.0076209
0.00761189
0.00760262
0.00759375
0.00758458
0.00757563
0.00756655
0.00755787
0.00754855
Residual: 
0.00753969
0.00753049
0.00752154
0.0075129
0.00750408
0.00749501
0.00748624
0.00747729
0.00746849
0.00745961
0.0074511
0.00744204
0.00743327
0.0074244
0.0074158
Residual: 
0.00667744
0.00663696
0.00659939
0.00656462
0.00653256
0.0065031
0.00647617
0.00645167
0.00642952
0.00640965
Residual: 
0.00424773
0.00420088
0.00415895
0.00412173
0.00408904
0.0040607
0.00403655
0.00401642
0.00400016
0.00398764
Residual: 
0.00772703
0.00729078
0.00697257
0.00673867
0.00656741
0.00644434
0.00635954
0.00630597
0.00627844
0.00627304
Residual: 
0.0151836
0.0146981
0.0144058
0.014224
0.0141185
0.0140702
0.0140671
0.0141011
0.0141668
0.0142604
Residual: 
0.00742013
0.00741107
0.00740194
0.00739308
0.00738397
0.00737523
0.00736642
0.0073575
0.00734862
0.00733994
0.00733119
0.00732219
0.00731333
0.00730461
0.00729594
Residual: 
0.00728708
0.0072785
0.0072699
0.00726117
0.00725244
0.00724394
0.0072354
0.00722656
0.0072182
0.00720982
0.00720106
0.00719255
0.00718386
0.00717548
0.00716699
Residual: 
0.00644212
0.00640354
0.00636776
0.00633467
0.00630417
0.00627618
0.00625061
0.00622738
0.00620641
0.00618762
Residual: 
0.00408655
0.00404145
0.00400111
0.00396532
0.00393389
0.00390664
0.00388343
0.00386409
0.00384848
0.00383645
Residual: 
0.00741419
0.00699602
0.00669105
0.00646698
0.00630298
0.00618518
0.00610404
0.00605278
0.00602644
0.00602126
Residual: 
0.0147389
0.0142718
0.0139916
0.0138181
0.013718
0.013673
0.0136717
0.0137062
0.0137712
0.0138633
Residual: 
0.00717256
0.00716387
0.00715515
0.00714639
0.00713785
0.00712903
0.00712042
0.0071118
0.00710342
0.00709469
0.00708614
0.00707759
0.00706908
0.00706056
0.00705204
Residual: 
0.00704363
0.00703503
0.00702656
0.00701831
0.00700961
0.00700154
0.00699291
0.00698453
0.0069763
0.00696794
0.00695974
0.00695123
0.0069433
0.00693477
0.00692672
Residual: 
0.00621389
0.00617715
0.0061431
0.00611163
0.00608265
0.00605608
0.00603183
0.00600982
0.00598998
0.00597223
Residual: 
0.00392999
0.00388654
0.00384767
0.00381319
0.00378291
0.00375667
0.0037343
0.00371566
0.0037006
0.00368899
Residual: 
0.00711463
0.0067133
0.00642057
0.00620548
0.00604802
0.00593487
0.00585685
0.00580745
0.00578191
0.00577663
Residual: 
0.0143123
0.0138625
0.0135936
0.0134277
0.0133326
0.0132907
0.0132907
0.0133254
0.0133896
0.01348
Residual: 
0.00693339
0.00692503
0.00691661
0.00690819
0.00689985
0.00689126
0.00688295
0.00687466
0.00686614
0.00685793
0.00684937
0.00684107
0.00683299
0.00682461
0.00681623
Residual: 
0.00680816
0.0068
0.00679169
0.00678337
0.00677534
0.00676719
0.00675903
0.00675108
0.00674289
0.00673455
0.00672677
0.00671857
0.00671054
0.00670249
0.00669442
Residual: 
0.00599271
0.00595775
0.00592536
0.00589546
0.00586794
0.00584273
0.00581975
0.00579893
0.00578017
0.00576343
Residual: 
0.00377812
0.0037362
0.0036987
0.00366543
0.00363621
0.00361087
0.00358926
0.00357124
0.00355665
0.00354538
Residual: 
0.00682811
0.00644247
0.00616103
0.00595411
0.00580252
0.00569343
0.00561804
0.00557008
0.00554498
0.00553931
Residual: 
0.0139024
0.0134689
0.0132107
0.0130518
0.0129613
0.012922
0.0129232
0.0129577
0.0130209
0.0131093
Residual: 
0.00670271
0.00669448
0.00668628
0.00667801
0.00666969
0.00666165
0.00665353
0.00664538
0.00663733
0.0066291
0.00662108
0.0066129
0.00660487
0.00659701
0.00658886
Residual: 
0.00658067
0.00657262
0.00656484
0.00655686
0.00654883
0.006541
0.00653321
0.00652523
0.0065172
0.0065094
0.00650131
0.00649379
0.00648592
0.006478
0.00647016
Residual: 
0.00577834
0.00574509
0.00571431
0.00568591
0.0056598
0.00563591
0.00561415
0.00559445
0.00557675
0.00556097
Residual: 
0.00363081
0.00359032
0.0035541
0.00352195
0.0034937
0.00346918
0.00344825
0.00343076
0.00341658
0.00340559
Residual: 
0.00655418
0.00618315
0.00591212
0.00571265
0.0055663
0.00546076
0.00538755
0.00534065
0.0053157
0.00530938
Residual: 
0.0135082
0.0130901
0.0128417
0.0126895
0.0126031
0.0125661
0.0125682
0.0126024
0.0126642
0.0127505
Residual: 
0.00647993
0.00647166
0.0064639
0.00645577
0.00644761
0.00643993
0.00643204
0.00642425
0.0064161
0.0064082
0.00640042
0.00639252
0.00638454
0.006377
0.00636896
Residual: 
0.00636148
0.00635333
0.00634559
0.00633792
0.00633013
0.00632261
0.00631487
0.00630722
0.00629959
0.00629181
0.00628399
0.00627646
0.00626882
0.00626145
0.0062538
Residual: 
0.00557069
0.00553908
0.00550985
0.00548289
0.00545813
0.0054355
0.00541491
0.0053963
0.00537959
0.00536474
Residual: 
0.00348803
0.00344888
0.00341385
0.00338273
0.00335537
0.0033316
0.00331127
0.00329426
0.00328042
0.00326964
Residual: 
0.00629254
0.0059351
0.00567366
0.00548096
0.00533928
0.00523679
0.00516535
0.00511918
0.00509408
0.00508689
Residual: 
0.0131287
0.012725
0.0124858
0.0123396
0.012257
0.012222
0.0122247
0.0122585
0.0123188
0.0124027
Residual: 
0.00626454
0.00625662
0.00624904
0.00624121
0.0062336
0.00622594
0.00621806
0.00621031
0.00620258
0.0061949
0.00618737
0.00617976
0.00617211
0.00616438
0.00615683
Residual: 
0.00614944
0.00614193
0.0061343
0.00612681
0.00611911
0.00611155
0.00610415
0.00609674
0.00608927
0.0060818
0.00607459
0.00606694
0.00605951
0.00605214
0.00604481
Residual: 
0.00536951
0.00533948
0.00531172
0.00528615
0.00526268
0.00524125
0.00522178
0.0052042
0.00518845
0.00517448
Residual: 
0.00334967
0.00331178
0.00327785
0.0032477
0.00322115
0.00319806
0.00317827
0.00316167
0.00314812
0.0031375
Residual: 
0.00604265
0.00569787
0.00544527
0.00525871
0.00512118
0.00502132
0.00495129
0.00490554
0.00488005
0.0048718
Residual: 
0.0127627
0.0123725
0.012142
0.0120013
0.0119222
0.011889
0.0118921
0.0119251
0.0119837
0.0120651
Residual: 
0.006057
0.00604918
0.00604177
0.00603418
0.00602671
0.00601929
0.00601166
0.00600395
0.00599652
0.00598911
0.00598179
0.00597418
0.00596671
0.00595963
0.00595215
Residual: 
0.00594465
0.00593741
0.00593024
0.00592277
0.00591541
0.00590806
0.00590084
0.00589351
0.00588641
0.00587909
0.00587197
0.00586477
0.00585744
0.00585029
0.00584321
Residual: 
0.00517473
0.0051462
0.00511986
0.00509561
0.00507337
0.00505309
0.00503468
0.00501809
0.00500325
0.0049901
Residual: 
0.00321572
0.00317901
0.00314612
0.00311686
0.00309106
0.00306858
0.00304928
0.00303304
0.00301972
0.00300922
Residual: 
0.0058042
0.0054712
0.00522675
0.00504576
0.00491192
0.00481428
0.00474534
0.00469975
0.00467367
0.00466418
Residual: 
0.0124094
0.0120319
0.0118093
0.0116738
0.0115978
0.0115661
0.0115694
0.0116015
0.0116583
0.011737
Residual: 
0.00585615
0.00584885
0.00584162
0.00583435
0.00582709
0.0058196
0.00581237
0.00580508
0.00579772
0.00579049
0.00578322
0.00577626
0.00576886
0.00576164
0.00575454
Residual: 
0.00574735
0.00574039
0.00573305
0.00572587
0.00571886
0.00571172
0.00570471
0.00569791
0.00569065
0.00568348
0.0056766
0.00566937
0.00566242
0.0056557
0.00564871
Residual: 
0.0049862
0.00495911
0.00493411
0.00491112
0.00489006
0.00487086
0.00485346
0.0048378
0.00482382
0.00481146
Residual: 
0.00308613
0.00305054
0.00301861
0.00299017
0.00296507
0.00294315
0.00292428
0.00290835
0.00289522
0.00288479
Residual: 
0.00557679
0.00525477
0.00501782
0.00484189
0.0047113
0.00461554
0.00454739
0.00450173
0.00447486
0.00446401
Residual: 
0.0120678
0.0117022
0.0114871
0.0113563
0.011283
0.0112526
0.0112559
0.011287
0.0113418
0.0114177
Residual: 
0.00566302
0.00565548
0.00564854
0.00564138
0.00563412
0.00562712
0.00562004
0.00561293
0.00560596
0.00559892
0.00559181
0.00558476
0.00557778
0.00557081
0.0055638
Residual: 
0.00555669
0.00554994
0.00554297
0.005536
0.00552911
0.00552222
0.00551532
0.00550864
0.00550164
0.00549485
0.00548814
0.0054812
0.00547454
0.00546779
0.00546094
Residual: 
0.00480374
0.00477802
0.0047543
0.0047325
0.00471255
0.00469439
0.00467795
0.00466317
0.00465
0.00463838
Residual: 
0.00296081
0.00292626
0.00289524
0.00286758
0.00284311
0.0028217
0.00280322
0.00278755
0.00277457
0.00276419
Residual: 
0.00536001
0.00504823
0.00481821
0.00464687
0.00451914
0.00442494
0.00435733
0.0043114
0.00428359
0.00427124
Residual: 
0.0117372
0.0113829
0.0111747
0.0110482
0.0109774
0.010948
0.0109511
0.010981
0.0110338
0.0111068
Residual: 
0.00547597
0.00546914
0.00546207
0.00545524
0.00544821
0.00544144
0.00543438
0.00542753
0.00542071
0.00541389
0.00540696
0.00540025
0.00539333
0.00538666
0.00537986
Residual: 
0.00537301
0.00536639
0.00535966
0.0053528
0.00534626
0.00533942
0.0053329
0.00532634
0.0053195
0.00531283
0.00530634
0.00529972
0.00529302
0.00528636
0.00527989
Residual: 
0.00462725
0.00460282
0.00458031
0.00455964
0.00454074
0.00452355
0.00450801
0.00449407
0.00448166
0.00447073
Residual: 
0.00283971
0.00280615
0.00277599
0.00274904
0.00272517
0.00270423
0.00268609
0.00267065
0.00265779
0.00264742
Residual: 
0.00515344
0.00485122
0.0046276
0.00446042
0.00433522
0.00424231
0.00417502
0.00412864
0.00409976
0.00408584
Residual: 
0.0114169
0.0110731
0.0108713
0.0107488
0.0106802
0.0106516
0.0106544
0.010683
0.0107335
0.0108035
Residual: 
0.0052958
0.00528906
0.00528213
0.00527552
0.00526889
0.00526228
0.00525554
0.00524872
0.00524207
0.00523545
0.00522874
0.00522235
0.00521569
0.00520894
0.00520221
Residual: 
0.00519584
0.00518928
0.00518281
0.00517623
0.00516966
0.00516327
0.00515681
0.00515021
0.0051437
0.00513719
0.00513084
0.00512444
0.00511807
0.00511167
0.00510531
Residual: 
0.00445652
0.00443331
0.00441195
0.00439234
0.00437444
0.00435816
0.00434347
0.0043303
0.0043186
0.00430832
Residual: 
0.00272271
0.00269009
0.00266073
0.00263446
0.00261113
0.00259062
0.00257279
0.00255755
0.00254478
0.00253439
Residual: 
0.00495665
0.00466337
0.00444567
0.00428227
0.0041593
0.00406743
0.00400027
0.00395329
0.00392322
0.00390764
Residual: 
0.0111063
0.0107723
0.0105765
0.0104576
0.0103909
0.010363
0.0103653
0.0103924
0.0104407
0.0105076
Residual: 
0.00512219
0.00511545
0.00510898
0.0051024
0.00509576
0.00508933
0.00508308
0.00507644
0.00506976
0.00506318
0.00505695
0.0050504
0.00504406
0.00503753
0.00503134
Residual: 
0.00502486
0.00501862
0.00501205
0.00500584
0.00499953
0.00499324
0.004987
0.0049805
0.0049744
0.00496804
0.00496203
0.0049556
0.00494925
0.00494323
0.00493671
Residual: 
0.00429158
0.00426953
0.00424924
0.00423063
0.00421365
0.00419824
0.00418434
0.00417189
0.00416086
0.00415118
Residual: 
0.00260988
0.00257816
0.00254956
0.00252392
0.0025011
0.00248098
0.00246344
0.00244836
0.00243566
0.00242524
Residual: 
0.00476941
0.0044845
0.00427228
0.00411234
0.00399132
0.00390029
0.00383309
0.0037854
0.00375407
0.00373678
Residual: 
0.0108048
0.01048
0.0102897
0.0101741
0.0101091
0.0100816
0.0100833
0.0101089
0.0101548
0.0102186
Residual: 
0.00495442
0.00494799
0.00494183
0.00493512
0.00492894
0.00492275
0.00491641
0.00490996
0.00490344
0.00489744
0.00489148
0.00488498
0.00487882
0.00487238
0.00486643
Residual: 
0.00486001
0.00485404
0.00484773
0.0048415
0.00483551
0.00482934
0.00482318
0.00481693
0.00481122
0.00480501
0.00479886
0.00479279
0.00478661
0.00478076
0.00477479
Residual: 
0.00413216
0.0041112
0.00409192
0.00407425
0.00405814
0.00404353
0.00403037
0.0040186
0.00400818
0.00399906
Residual: 
0.00250107
0.00247019
0.00244231
0.00241726
0.00239492
0.00237516
0.00235787
0.00234294
0.00233029
0.00231981
Residual: 
0.00459112
0.00431407
0.00410695
0.00395015
0.00383086
0.00374048
0.00367312
0.0036246
0.00359193
0.00357288
Residual: 
0.0105118
0.0101957
0.0100104
0.00989784
0.00983434
0.00980707
0.00980804
0.00983201
0.00987548
0.00993612
Residual: 
0.00479289
0.00478648
0.00478046
0.00477434
0.00476814
0.00476189
0.00475568
0.00474971
0.00474365
0.00473752
0.00473114
0.00472545
0.00471928
0.00471326
0.00470721
Residual: 
0.00470123
0.00469525
0.00468912
0.00468325
0.00467722
0.0046712
0.00466538
0.00465946
0.00465348
0.00464768
0.00464173
0.0046359
0.00463008
0.00462413
0.00461815
Residual: 
0.00397823
0.00395828
0.00393995
0.00392316
0.00390786
0.003894
0.00388151
0.00387037
0.00386051
0.00385191
Residual: 
0.00239623
0.00236615
0.00233895
0.00231447
0.00229258
0.00227315
0.00225609
0.00224129
0.00222866
0.00221812
Residual: 
0.00442153
0.00415184
0.00394947
0.00379556
0.00367779
0.00358791
0.00352026
0.00347084
0.00343679
0.00341595
Residual: 
0.0102269
0.00991898
0.0097384
0.00962853
0.00956629
0.00953913
0.00953925
0.00956152
0.00960249
0.00965991
Residual: 
0.00463708
0.00463101
0.0046252
0.00461906
0.004613
0.0046069
0.00460103
0.00459539
0.00458918
0.00458325
0.00457736
0.00457153
0.00456558
0.00455981
0.00455394
Residual: 
0.00454802
0.00454227
0.00453634
0.00453067
0.00452492
0.00451913
0.00451319
0.00450755
0.00450182
0.00449609
0.00449019
0.00448476
0.00447928
0.0044732
0.00446764
Residual: 
0.00382959
0.00381059
0.00379313
0.00377716
0.00376261
0.00374944
0.00373759
0.00372702
0.00371769
0.00370954
Residual: 
0.00229526
0.00226596
0.0022394
0.00221545
0.00219398
0.00217486
0.002158
0.00214331
0.0021307
0.00212008
Residual: 
0.0042601
0.00399737
0.00379943
0.00364817
0.00353176
0.00344225
0.00337423
0.00332385
0.00328837
0.00326574
Residual: 
0.00994966
0.00964939
0.00947316
0.00936573
0.00930456
0.00927738
0.00927655
0.00929704
0.00933549
0.00938966
Residual: 
0.00448675
0.00448111
0.00447522
0.00446931
0.00446369
0.00445774
0.00445202
0.00444621
0.00444046
0.00443471
0.00442897
0.00442322
0.00441762
0.0044119
0.00440627
Residual: 
0.00440057
0.00439485
0.00438913
0.00438374
0.00437793
0.00437253
0.00436679
0.00436121
0.00435565
0.00435007
0.00434444
0.00433898
0.00433352
0.00432804
0.00432238
Residual: 
0.00368619
0.00366807
0.00365144
0.00363622
0.00362237
0.00360984
0.00359857
0.00358853
0.00357967
0.00357195
Residual: 
0.00219814
0.00216957
0.00214363
0.00212019
0.0020991
0.00208028
0.00206361
0.00204901
0.0020364
0.0020257
Residual: 
0.00410665
0.00385048
0.0036567
0.00350789
0.00339268
0.00330344
0.00323496
0.00318358
0.00314666
0.00312223
Residual: 
0.00967996
0.00938688
0.00921468
0.00910945
0.00904917
0.00902183
0.00901997
0.00903864
0.00907453
0.00912544
Residual: 
0.00434229
0.00433642
0.00433079
0.0043251
0.00431965
0.004314
0.00430827
0.00430272
0.00429729
0.00429164
0.00428607
0.00428033
0.00427487
0.00426943
0.0042638
Residual: 
0.00425842
0.00425304
0.00424759
0.00424204
0.00423667
0.00423108
0.00422567
0.00422035
0.00421474
0.00420944
0.00420404
0.00419871
0.00419339
0.00418804
0.00418259
Residual: 
0.00354788
0.00353058
0.0035147
0.00350019
0.00348698
0.00347503
0.0034643
0.00345474
0.00344631
0.00343897
Residual: 
0.00210478
0.00207691
0.00205156
0.00202859
0.00200788
0.00198933
0.00197284
0.00195832
0.0019457
0.0019349
Residual: 
0.00396058
0.00371062
0.00352076
0.00337424
0.00326011
0.00317106
0.00310209
0.00304967
0.00301129
0.00298508
Residual: 
0.00941729
0.00913097
0.00896248
0.00885922
0.00879967
0.00877207
0.0087691
0.0087859
0.0088192
0.00886685
Residual: 
0.0042027
0.00419723
0.00419184
0.0041862
0.00418083
0.00417528
0.00416985
0.0041645
0.00415914
0.00415365
0.00414835
0.00414279
0.00413768
0.0041321
0.00412681
Residual: 
0.00412157
0.00411609
0.0041108
0.00410568
0.0041004
0.00409496
0.00408975
0.00408444
0.00407928
0.00407408
0.00406873
0.00406366
0.00405858
0.0040534
0.00404803
Residual: 
0.00341458
0.00339804
0.00338287
0.003369
0.00335638
0.00334496
0.00333472
0.00332559
0.00331755
0.00331055
Residual: 
0.00201511
0.00198792
0.00196313
0.00194062
0.00192026
0.00190197
0.00188564
0.00187119
0.00185856
0.00184767
Residual: 
0.00382171
0.00357764
0.00339148
0.00324709
0.00313395
0.00304503
0.00297552
0.00292206
0.00288223
0.00285425
Residual: 
0.00916162
0.00888167
0.00871661
0.00861512
0.00855615
0.00852819
0.00852403
0.00853893
0.00856964
0.00861403
Residual: 
0.00406832
0.0040632
0.00405786
0.00405242
0.00404718
0.00404191
0.00403669
0.00403129
0.00402609
0.0040208
0.00401563
0.0040105
0.00400525
0.00400016
0.00399494
Residual: 
0.00398968
0.00398457
0.00397927
0.00397438
0.00396912
0.00396405
0.00395903
0.00395388
0.00394879
0.00394367
0.00393872
0.00393367
0.00392858
0.00392371
0.00391859
Residual: 
0.00328616
0.00327032
0.00325579
0.00324251
0.00323043
0.00321951
0.0032097
0.00320097
0.00319328
0.00318659
Residual: 
0.00192905
0.0019025
0.00187825
0.00185617
0.00183615
0.0018181
0.00180192
0.00178754
0.00177489
0.0017639
Residual: 
0.00368954
0.00345108
0.00326843
0.00312605
0.00301382
0.00292497
0.00285491
0.00280041
0.00275915
0.00272942
Residual: 
0.00891257
0.00863862
0.00847674
0.00837683
0.00831831
0.0082899
0.00828452
0.00829748
0.0083256
0.00836676
Residual: 
0.00393903
0.00393395
0.00392872
0.00392374
0.00391845
0.00391339
0.00390837
0.0039031
0.00389803
0.00389313
0.00388796
0.00388302
0.00387801
0.00387286
0.00386784
Residual: 
0.00386282
0.00385771
0.00385286
0.00384779
0.00384288
0.00383805
0.00383294
0.00382816
0.0038232
0.00381813
0.00381338
0.00380844
0.00380357
0.00379879
0.00379378
Residual: 
0.00316257
0.00314737
0.00313344
0.0031207
0.00310911
0.00309863
0.00308922
0.00308085
0.00307346
0.00306704
Residual: 
0.00184656
0.00182063
0.0017969
0.00177524
0.00175554
0.00173771
0.00172167
0.00170735
0.00169468
0.00168359
Residual: 
0.00356382
0.00333071
0.00315141
0.00301094
0.00289955
0.00281075
0.00274013
0.00268459
0.00264193
0.00261049
Residual: 
0.00867011
0.00840182
0.00824289
0.0081444
0.00808621
0.00805727
0.00805061
0.00806163
0.00808716
0.00812511
Residual: 
0.00381467
0.00380972
0.00380467
0.00379971
0.00379467
0.00378972
0.00378476
0.00377981
0.00377493
0.00376998
0.00376518
0.00376015
0.00375531
0.00375046
0.00374557
Residual: 
0.00374088
0.00373594
0.00373104
0.00372631
0.00372142
0.00371654
0.0037119
0.00370714
0.00370211
0.00369751
0.00369281
0.00368811
0.00368327
0.00367875
0.00367383
Residual: 
0.00304366
0.00302906
0.00301566
0.00300342
0.00299228
0.0029822
0.00297315
0.00296509
0.00295798
0.00295179
Residual: 
0.00176753
0.0017422
0.00171896
0.00169769
0.0016783
0.00166069
0.00164479
0.00163052
0.00161783
0.00160664
Residual: 
0.00344416
0.00321616
0.00304007
0.00290141
0.00279083
0.00270207
0.00263089
0.00257434
0.0025303
0.0024972
Residual: 
0.00843411
0.00817118
0.00801498
0.00791775
0.0078598
0.00783026
0.0078223
0.00783136
0.00785432
0.0078891
Residual: 
0.00369476
0.00369006
0.00368512
0.00368026
0.00367554
0.00367066
0.00366584
0.0036611
0.00365617
0.00365147
0.00364687
0.00364203
0.00363734
0.00363264
0.00362789
Residual: 
0.00362322
0.00361859
0.00361388
0.00360916
0.00360458
0.00359995
0.0035953
0.00359071
0.0035861
0.00358142
0.00357694
0.00357224
0.0035677
0.00356308
0.00355876
Residual: 
0.00292935
0.0029153
0.0029024
0.0028906
0.00287987
0.00287015
0.00286142
0.00285364
0.00284677
0.00284078
Residual: 
0.00169191
0.00166715
0.00164439
0.0016235
0.0016044
0.001587
0.00157123
0.00155701
0.00154429
0.00153301
Residual: 
0.00333026
0.00310717
0.00293415
0.00279725
0.00268744
0.00259872
0.00252701
0.00246948
0.00242411
0.0023894
Residual: 
0.00820443
0.00794657
0.00779292
0.00769683
0.00763902
0.00760884
0.00759956
0.00760667
0.0076271
0.00765877
Residual: 
0.00357958
0.00357495
0.00357017
0.00356556
0.0035609
0.00355617
0.00355159
0.00354684
0.00354233
0.00353768
0.00353291
0.00352849
0.00352393
0.00351933
0.00351485
Residual: 
0.00351016
0.00350583
0.00350122
0.00349666
0.00349208
0.00348777
0.0034831
0.00347884
0.00347436
0.00346968
0.0034654
0.00346095
0.00345644
0.00345214
0.00344766
Residual: 
0.00281952
0.00280597
0.00279352
0.00278213
0.00277176
0.00276237
0.00275392
0.00274639
0.00273973
0.00273392
Residual: 
0.00161956
0.00159535
0.00157304
0.00155252
0.00153371
0.00151651
0.00150085
0.00148669
0.00147394
0.00146258
Residual: 
0.00322171
0.00300334
0.00283329
0.00269809
0.00258903
0.00250035
0.00242813
0.00236966
0.002323
0.00228674
Residual: 
0.00798102
0.00772798
0.0075767
0.00748164
0.0074239
0.00739304
0.00738242
0.0073876
0.00740553
0.00743413
Residual: 
0.00346864
0.00346422
0.00345952
0.0034552
0.00345058
0.00344593
0.00344157
0.00343719
0.00343264
0.00342818
0.00342358
0.00341937
0.00341487
0.00341035
0.00340605
Residual: 
0.00340149
0.00339728
0.003393
0.00338844
0.00338395
0.00337983
0.00337526
0.00337114
0.00336675
0.0033625
0.00335814
0.00335396
0.00334967
0.00334527
0.00334104
Residual: 
0.00271413
0.00270102
0.00268899
0.00267797
0.00266793
0.00265883
0.00265063
0.00264331
0.00263684
0.00263118
Residual: 
0.00155048
0.00152679
0.00150492
0.00148476
0.00146621
0.00144921
0.00143367
0.00141955
0.00140679
0.00139534
Residual: 
0.00311825
0.00290444
0.00273726
0.00260372
0.00249542
0.00240679
0.0023341
0.00227474
0.00222686
0.00218909
Residual: 
0.00776376
0.00751532
0.00736626
0.00727212
0.0072144
0.00718283
0.00717087
0.00717415
0.00718962
0.00721522
Residual: 
0.00336216
0.00335769
0.00335333
0.00334896
0.00334447
0.00334013
0.00333588
0.00333142
0.00332714
0.00332296
0.00331864
0.00331436
0.00330997
0.00330581
0.00330139
