   0.0980219
    0.195094
    0.290284
    0.382685
    0.471406
    0.555576
    0.634396
    0.707117
    0.773017
    0.831477
    0.881927
    0.923887
    0.956947
    0.980797
    0.995187
     1.00001
    0.995186
    0.980796
    0.956945
    0.923885
    0.881924
    0.831474
    0.773013
    0.707113
    0.634393
    0.555572
    0.471401
    0.382681
     0.29028
     0.19509
   0.0980198
   -0.753757
    -1.50128
    -2.23532
    -2.94875
    -3.63463
    -4.28628
    -4.89736
    -5.46189
    -5.97437
    -6.42977
    -6.82363
    -7.15206
    -7.41183
    -7.60035
    -7.71573
    -7.75679
    -7.72305
    -7.61478
    -7.43295
    -7.17926
     -6.8561
    -6.46654
    -6.01428
    -5.50366
    -4.93956
    -4.32737
    -3.67297
    -2.98278
    -2.26347
    -1.52179
    -0.76487
   0.0953937
    0.189879
    0.282546
    0.372503
    0.458882
    0.540851
    0.617619
    0.688448
    0.752652
    0.809613
    0.858782
    0.899684
    0.931924
    0.955191
    0.969259
    0.973993
    0.969345
    0.955361
    0.932173
    0.900004
    0.859163
    0.810044
    0.753119
    0.688935
     0.61811
    0.541328
     0.45933
    0.372902
    0.282875
    0.190117
    0.095522
   -0.734835
    -1.46355
    -2.17906
    -2.87444
     -3.5429
    -4.17795
    -4.77339
    -5.32342
    -5.82267
    -6.26625
    -6.64982
     -6.9696
    -7.22243
    -7.40582
    -7.51792
     -7.5576
    -7.52439
    -7.41857
    -7.24108
    -6.99361
    -6.67846
    -6.29866
    -5.85782
    -5.36029
    -4.81083
    -4.21458
    -3.57725
    -2.90503
    -2.20439
    -1.48201
   -0.744846
   0.0927869
    0.184705
    0.274867
    0.362403
     0.44647
    0.526255
    0.600989
     0.66995
    0.732472
    0.787952
    0.835851
    0.875708
    0.907137
    0.929833
    0.943575
    0.948229
     0.94375
    0.930178
    0.907642
    0.876358
    0.836626
    0.788828
    0.733422
    0.670941
    0.601988
     0.52723
    0.447388
    0.363222
    0.275544
    0.185198
   0.0930532
   -0.716211
    -1.42638
    -2.12363
    -2.80116
     -3.4524
    -4.07101
    -4.65097
    -5.18662
    -5.67273
    -6.10457
    -6.47789
    -6.78905
    -7.03497
    -7.21323
    -7.32204
    -7.36031
     -7.3276
    -7.22419
    -7.05102
    -6.80971
    -6.50254
    -6.13244
    -5.70294
    -5.21836
    -4.68338
    -4.10288
    -3.48242
    -2.82797
    -2.14583
    -1.44257
   -0.724985
   0.0902109
    0.179588
    0.267269
    0.352408
    0.434181
      0.5118
    0.584515
    0.651622
    0.712472
    0.766476
    0.813111
    0.851926
    0.882542
    0.904663
    0.918072
    0.922635
    0.918308
    0.905126
    0.883214
    0.852779
     0.81411
    0.767581
    0.713638
    0.652793
    0.585631
    0.512827
    0.435087
    0.353174
    0.267885
    0.180043
   0.0905018
    -0.69783
    -1.38967
     -2.0688
    -2.72864
    -3.36277
    -3.96503
    -4.52956
    -5.05088
    -5.52391
    -5.94403
    -6.30714
    -6.60969
    -6.84869
    -7.02181
    -7.12732
    -7.16415
    -7.13191
    -7.03086
    -6.86194
    -6.62684
    -6.32779
    -5.96755
    -5.54953
    -5.07786
    -4.55707
    -3.99203
    -3.38816
     -2.7513
    -2.08755
    -1.40333
   -0.705236
    0.087661
    0.174523
    0.259746
    0.342508
    0.422007
    0.497477
    0.568186
    0.633449
    0.692635
     0.74517
    0.790542
    0.828312
    0.858111
    0.879647
    0.892708
    0.897163
    0.892965
    0.880147
    0.858828
    0.829207
    0.791563
    0.746266
    0.693746
    0.634502
    0.569102
    0.498232
     0.42259
     0.34294
     0.26007
    0.174779
   0.0878946
   -0.679574
     -1.3532
    -2.01434
    -2.65659
    -3.27371
    -3.85974
    -4.40896
    -4.91607
     -5.3761
    -5.78461
    -6.13759
    -6.43161
    -6.66379
    -6.83184
     -6.9341
    -6.96955
    -6.93781
    -6.83914
    -6.67447
    -6.44551
    -6.15447
    -5.80394
    -5.39726
    -4.93835
     -4.4316
    -3.88189
    -3.29449
    -2.67508
    -2.02961
    -1.36431
   -0.685594
   0.0851274
     0.16949
     0.25227
    0.332669
    0.409906
    0.483235
    0.551944
    0.615366
    0.672886
    0.723942
    0.768038
     0.80474
    0.833689
    0.854596
    0.867251
    0.871525
    0.867367
    0.854821
    0.834003
    0.805119
    0.768444
    0.724347
    0.673256
    0.615666
     0.55214
    0.483331
    0.409922
    0.332645
    0.252267
    0.169552
    0.085292
   -0.661272
    -1.31666
    -1.95981
     -2.5845
    -3.18467
    -3.75452
     -4.2885
    -4.78145
    -5.22857
    -5.62553
    -5.96846
    -6.25403
    -6.47943
    -6.64248
    -6.74157
    -6.77575
    -6.74469
    -6.64857
    -6.48831
    -6.26549
    -5.98225
     -5.6412
    -5.24562
    -4.79931
    -4.30656
    -3.77212
    -3.20113
     -2.5991
    -1.97184
    -1.32539
      -0.666
   0.0826028
    0.164474
    0.244818
    0.322857
    0.397834
     0.46902
    0.535723
    0.597294
     0.65313
    0.702686
    0.745475
    0.781075
    0.809131
     0.82936
    0.841555
    0.845589
    0.841412
    0.829084
    0.808719
    0.780535
     0.74481
    0.701912
    0.652268
    0.596372
    0.534778
    0.468097
    0.396993
     0.32216
    0.244337
    0.164249
   0.0826542
   -0.642978
    -1.28014
    -1.90531
    -2.51245
    -3.09567
    -3.64935
    -4.16811
    -4.64693
    -5.08117
    -5.46661
    -5.79951
    -6.07664
     -6.2953
    -6.45335
    -6.54925
    -6.58215
     -6.5517
    -6.45808
    -6.30217
    -6.08543
    -5.80995
    -5.47838
    -5.09388
    -4.66018
    -4.18144
    -3.66228
    -3.10771
    -2.52309
    -1.91405
    -1.28647
   -0.646407
   0.0800713
    0.159442
    0.237339
    0.313003
    0.385696
    0.454708
    0.519364
    0.579029
    0.633115
    0.681089
    0.722475
    0.756867
    0.783922
     0.80339
    0.815079
    0.818866
    0.814712
    0.802672
    0.782868
    0.755508
    0.720869
    0.679305
    0.631234
    0.577131
    0.517535
    0.453029
    0.384249
    0.311859
    0.236561
    0.159049
   0.0800458
    -0.62458
    -1.24343
    -1.85054
    -2.44007
    -3.00632
    -3.54381
    -4.04733
    -4.51203
     -4.9334
    -5.30736
    -5.63028
    -5.89905
    -6.11105
     -6.2642
    -6.35701
    -6.38859
    -6.35864
    -6.26737
    -6.11566
    -5.90495
    -5.63727
    -5.31519
    -4.94182
    -4.52077
    -4.05609
    -3.55227
    -3.01418
      -2.447
    -1.85622
    -1.24753
    -0.62681
   0.0775028
    0.154337
    0.229746
    0.302992
    0.373354
     0.44014
    0.502691
    0.560387
    0.612656
     0.65898
    0.698896
    0.732019
    0.758019
    0.776691
    0.787858
    0.791405
    0.787306
    0.775607
    0.756434
    0.729982
    0.696521
    0.656383
    0.609973
    0.557742
    0.500209
    0.437928
    0.371507
    0.301579
    0.228815
    0.153875
   0.0774512
   -0.606094
    -1.20654
    -1.79552
    -2.36737
    -2.91657
     -3.4378
    -3.92604
    -4.37656
    -4.78501
    -5.14743
    -5.46033
    -5.72069
    -5.92601
    -6.07423
    -6.16393
    -6.19421
    -6.16479
    -6.07592
    -5.92848
    -5.72387
    -5.46406
    -5.15158
    -4.78943
    -4.38111
    -3.93056
    -3.44215
    -2.92058
    -2.37089
    -1.79839
    -1.20861
   -0.607232
   0.0748253
    0.149013
    0.221823
    0.292537
    0.360451
    0.424899
    0.485239
    0.540887
    0.591292
    0.635954
    0.674431
    0.706361
    0.731434
    0.749436
    0.760202
    0.763629
    0.759693
    0.748439
     0.72999
    0.704529
    0.672316
    0.633667
    0.588966
    0.538643
    0.483189
    0.423133
    0.359052
    0.291548
    0.221258
    0.148822
   0.0749018
    -0.58749
    -1.16943
     -1.7402
     -2.2943
    -2.82638
    -3.33132
    -3.80423
    -4.24055
    -4.63606
    -4.98694
     -5.2898
    -5.54173
    -5.74029
    -5.88353
    -5.97008
    -5.99908
    -5.97026
     -5.8839
    -5.74082
    -5.54241
    -5.29059
    -4.98779
    -4.63694
    -4.24143
    -3.80508
    -3.33212
    -2.82711
    -2.29492
    -1.74071
     -1.1698
   -0.587722
    0.072007
    0.143415
      0.2135
    0.281565
    0.346925
    0.408942
    0.466999
    0.520547
    0.569061
     0.61206
    0.649127
    0.679916
    0.704136
    0.721557
     0.73202
    0.735427
    0.731757
    0.721047
    0.703414
    0.679029
    0.648137
    0.611037
    0.568094
    0.519713
    0.466358
    0.408531
    0.346779
    0.281675
    0.213828
    0.143854
   0.0723951
   -0.568728
    -1.13202
    -1.68445
    -2.22068
    -2.73556
    -3.22412
    -3.68164
    -4.10372
    -4.48628
    -4.82562
    -5.11848
    -5.36202
     -5.5539
    -5.69225
    -5.77575
    -5.80359
     -5.7755
    -5.69176
    -5.55317
    -5.36108
    -5.11735
    -4.82432
    -4.48485
    -4.10221
    -3.68009
    -3.22259
    -2.73411
    -2.21938
    -1.68338
    -1.13126
   -0.568353
   0.0689564
    0.137398
    0.204624
    0.269956
    0.332736
    0.392324
    0.448127
    0.499626
    0.546316
    0.587736
    0.623485
    0.653222
    0.676666
    0.693588
    0.703834
    0.707305
    0.703975
    0.693875
     0.67711
    0.653839
     0.62429
    0.588745
    0.547546
    0.501078
    0.449781
    0.394134
    0.334659
    0.271906
     0.20646
     0.13892
    0.069908
   -0.549885
    -1.09445
    -1.62846
    -2.14678
     -2.6444
    -3.11654
    -3.55866
    -3.96649
    -4.33611
    -4.66395
    -4.94685
    -5.18209
    -5.36739
    -5.50098
    -5.58156
    -5.60837
    -5.58114
    -5.50014
    -5.36616
    -5.18049
    -4.94493
    -4.66176
    -4.33371
    -3.96395
    -3.55606
    -3.11398
    -2.64197
     -2.1446
    -1.62666
    -1.09315
   -0.549201
   0.0657437
    0.131078
    0.195331
    0.257849
    0.317997
    0.375135
    0.428691
    0.478169
    0.523083
    0.562988
    0.597494
    0.626261
    0.649012
    0.665522
    0.675634
    0.679247
    0.676329
      0.6669
    0.651053
    0.628934
    0.600752
     0.56677
    0.527309
    0.482738
    0.433472
    0.379971
    0.322732
    0.262288
      0.1992
    0.134054
   0.0674538
   -0.530947
    -1.05673
    -1.57229
    -2.07267
    -2.55306
    -3.00885
    -3.43563
    -3.82932
    -4.18612
    -4.50258
    -4.77566
    -5.00274
    -5.18163
    -5.31059
    -5.38839
    -5.41429
    -5.38804
    -5.30988
    -5.18058
    -5.00139
    -4.77403
    -4.50071
    -4.18406
    -3.82714
     -3.4334
    -3.00662
    -2.55094
    -2.07074
    -1.57067
    -1.05554
    -0.53031
   0.0625206
    0.124731
    0.185991
     0.24567
     0.30316
    0.357855
    0.409204
    0.456707
    0.499892
    0.538325
    0.571625
    0.599457
    0.621546
    0.637668
    0.647663
    0.651426
    0.648916
    0.640148
      0.6252
    0.604206
     0.57736
    0.544911
    0.507159
    0.464456
    0.417199
    0.365825
    0.310813
    0.252672
    0.191942
    0.129192
   0.0650092
   -0.512009
    -1.01903
     -1.5162
    -1.99874
    -2.46202
    -2.90157
    -3.31318
    -3.69289
    -4.03703
     -4.3423
    -4.60575
    -4.82484
    -4.99747
    -5.12197
    -5.19713
    -5.22224
    -5.19705
     -5.1218
    -4.99723
    -4.82452
    -4.60535
    -4.34183
     -4.0365
    -3.69231
    -3.31257
    -2.90093
    -2.46137
     -1.9981
    -1.51561
    -1.01855
   -0.511723
   0.0592787
    0.118351
     0.17661
    0.233452
    0.288292
    0.340564
    0.389734
    0.435298
    0.476793
    0.513794
    0.545925
    0.572857
    0.594314
    0.610072
    0.619967
     0.62389
    0.621789
    0.613675
    0.599612
    0.579724
    0.554191
    0.523247
    0.487177
    0.446314
     0.40104
     0.35177
    0.298964
    0.243107
    0.184719
    0.124352
   0.0625754
   -0.493198
   -0.981618
    -1.46058
    -1.92548
    -2.37185
    -2.79541
    -3.19208
    -3.55804
    -3.88977
    -4.18406
    -4.43808
    -4.64937
    -4.81589
    -4.93604
    -5.00866
    -5.03303
    -5.00893
    -4.93657
    -4.81667
    -4.65036
    -4.43925
    -4.18539
     -3.8912
    -3.55953
    -3.19356
    -2.79683
    -2.37313
    -1.92655
    -1.46138
   -0.982127
   -0.493424
   0.0561328
    0.112141
    0.167454
    0.221497
    0.273717
    0.323569
     0.37054
     0.41414
    0.453919
    0.489461
    0.520397
    0.546402
    0.567202
    0.582574
    0.592349
    0.596415
    0.594715
     0.58725
    0.574075
    0.555301
    0.531092
    0.501662
    0.467278
    0.428255
    0.384954
    0.337783
    0.287182
    0.233605
    0.177553
    0.119555
   0.0601621
   -0.474622
   -0.944704
    -1.40575
    -1.85332
    -2.28312
    -2.69101
    -3.07307
     -3.4256
     -3.7452
    -4.02878
     -4.2736
    -4.47729
    -4.63787
     -4.7538
    -4.82393
     -4.8476
    -4.82456
    -4.75503
    -4.63969
    -4.47962
    -4.27639
    -4.03193
    -3.74862
    -3.42917
    -3.07665
    -2.69447
    -2.28632
    -1.85611
    -1.40798
    -0.94628
   -0.475441
    0.053068
    0.106083
    0.158507
    0.209799
    0.259428
    0.306879
    0.351656
    0.393289
     0.43134
    0.465406
    0.495126
    0.520182
      0.5403
    0.555261
    0.564895
    0.569084
    0.567768
    0.560937
    0.548639
    0.530969
    0.508078
    0.480157
    0.447455
    0.410267
    0.368934
    0.323857
    0.275454
    0.224152
    0.170425
    0.114786
   0.0577639
   -0.456386
   -0.908496
    -1.35201
    -1.78265
    -2.19629
    -2.58891
    -2.95673
    -3.29618
    -3.60398
    -3.87712
    -4.11297
    -4.30923
      -4.464
    -4.57576
    -4.64344
    -4.66637
    -4.64434
    -4.57754
    -4.46662
    -4.31264
    -4.11708
    -3.88183
    -3.60915
    -3.30166
    -2.96231
    -2.59439
    -2.20145
    -1.78726
    -1.35581
   -0.911263
   -0.457879
   0.0500457
    0.100102
    0.149662
    0.198218
    0.245268
    0.290322
    0.332908
    0.372576
    0.408905
    0.441509
    0.470035
    0.494176
    0.513665
    0.528282
    0.537857
    0.542264
    0.541438
    0.535362
    0.524076
    0.507659
    0.486248
     0.45994
    0.428954
    0.393591
    0.354162
    0.311056
    0.264666
    0.215428
    0.163798
    0.110311
   0.0554851
   -0.438485
   -0.873048
    -1.29955
    -1.71379
     -2.1118
    -2.48966
    -2.84372
     -3.1705
    -3.46685
    -3.72986
    -3.95697
    -4.14596
      -4.295
    -4.40263
    -4.46782
    -4.48994
    -4.46878
    -4.40455
    -4.29787
    -4.14975
    -3.96163
    -3.73532
      -3.473
    -3.17719
    -2.85073
    -2.49676
    -2.11871
    -1.72018
    -1.30502
   -0.877191
   -0.440804
   0.0471056
   0.0942736
    0.141028
    0.186896
    0.231405
    0.274094
    0.314515
    0.352244
    0.386877
    0.418046
    0.445413
    0.468679
    0.487589
    0.501919
    0.511503
    0.516202
    0.515943
    0.510702
    0.500503
    0.485407
    0.465526
     0.44086
    0.411586
    0.378011
    0.340417
    0.299183
    0.254675
    0.207354
     0.15766
    0.106158
   0.0533653
   -0.421319
    -0.83903
    -1.24914
    -1.64755
     -2.0304
    -2.39391
    -2.73455
    -3.04896
     -3.3341
    -3.58718
    -3.80573
    -3.98761
    -4.13105
    -4.23467
    -4.29744
     -4.3188
    -4.29854
    -4.23686
    -4.13434
    -3.99197
    -3.81112
    -3.59352
    -3.34127
     -3.0568
    -2.74283
    -2.40237
    -2.03872
    -1.65533
    -1.25591
   -0.844242
   -0.424287
   0.0443572
     0.08882
    0.132949
    0.176318
    0.218488
    0.259027
    0.297518
    0.333539
    0.366705
    0.396636
    0.422999
    0.445508
    0.463901
    0.477964
    0.487516
    0.492419
    0.492582
    0.487967
    0.478572
    0.464441
    0.445658
    0.422272
    0.394447
    0.362449
    0.326545
    0.287095
    0.244455
    0.199073
    0.151385
    0.101942
   0.0512541
    -0.40526
    -0.80702
    -1.20142
    -1.58453
    -1.95264
    -2.30212
    -2.62957
     -2.9318
    -3.20586
    -3.44912
    -3.65922
    -3.83411
    -3.97209
    -4.07181
    -4.13232
    -4.15302
    -4.13372
    -4.07459
    -3.97619
    -3.83945
     -3.6657
    -3.45659
    -3.21412
    -2.94063
    -2.63873
    -2.31132
    -1.96155
    -1.59276
    -1.20848
   -0.812396
   -0.408293
   0.0419295
   0.0839873
    0.125774
    0.166909
    0.206993
    0.245619
      0.2824
     0.31691
    0.348781
    0.377613
    0.403074
    0.424883
    0.442776
    0.456538
    0.465981
    0.470965
    0.471384
    0.467189
    0.458361
    0.444936
    0.426984
    0.404624
    0.378017
    0.347397
    0.313024
    0.275233
    0.234372
    0.190869
    0.145152
    0.097749
   0.0491536
   -0.389682
   -0.775968
    -1.15514
    -1.52343
    -1.87728
    -2.21321
    -2.52795
    -2.81844
    -3.08187
     -3.3157
    -3.51768
    -3.68585
    -3.81856
    -3.91453
    -3.97281
    -3.99282
    -3.97438
    -3.91763
    -3.82312
    -3.69174
    -3.52475
    -3.32375
    -3.09066
    -2.82773
    -2.53747
    -2.22266
    -1.88634
    -1.53171
    -1.16218
   -0.781272
   -0.392648
   0.0401725
   0.0804312
    0.120415
    0.159745
    0.198045
    0.234947
    0.270076
    0.303049
    0.333506
    0.361085
    0.385462
    0.406363
    0.423525
    0.436738
    0.445813
    0.450614
    0.451032
    0.447017
    0.438548
    0.425665
    0.408434
    0.386985
     0.36148
    0.332145
    0.299237
    0.263075
       0.224
    0.182417
    0.138741
   0.0934522
   0.0470231
   -0.374432
   -0.745581
    -1.10986
    -1.46371
     -1.8037
    -2.12651
      -2.429
    -2.70823
    -2.96148
     -3.1863
    -3.38051
    -3.54222
    -3.66984
    -3.76212
    -3.81817
    -3.83743
     -3.8197
    -3.76514
    -3.67426
    -3.54794
    -3.38739
    -3.19415
    -2.97007
    -2.71732
    -2.43831
    -2.13574
     -1.8125
     -1.4717
    -1.11661
   -0.750614
   -0.377227
   0.0390095
   0.0780143
    0.116677
    0.154609
    0.191448
     0.22686
    0.260485
     0.29199
     0.32103
    0.347293
    0.370472
    0.390308
     0.40655
    0.419002
    0.427481
    0.431862
    0.432043
    0.427981
    0.419659
    0.407121
    0.390439
    0.369748
    0.345211
    0.317052
    0.285521
    0.250927
      0.2136
    0.173919
    0.132281
   0.0891182
   0.0448726
   -0.359675
   -0.716165
    -1.06601
    -1.40585
    -1.73239
    -2.04244
    -2.33298
     -2.6012
    -2.84447
    -3.06041
    -3.24693
     -3.4022
    -3.52471
    -3.61324
    -3.66695
    -3.68529
    -3.66809
     -3.6155
    -3.52804
    -3.40653
    -3.25216
    -3.06642
     -2.8511
    -2.60827
    -2.34028
    -2.04972
    -1.73937
    -1.41223
    -1.07142
   -0.720205
    -0.36193
   0.0384086
   0.0765885
    0.114196
     0.15094
    0.186469
    0.220499
    0.252693
    0.282756
    0.310372
    0.335263
    0.357148
    0.375793
    0.390968
    0.402497
    0.410214
    0.414012
      0.4138
    0.409549
    0.401252
    0.388961
    0.372755
    0.352772
    0.329177
    0.302184
    0.272043
    0.239031
    0.203468
    0.165682
    0.126042
   0.0849398
   0.0427828
   -0.345226
   -0.687422
    -1.02327
     -1.3495
    -1.66295
    -1.96056
    -2.23942
    -2.49681
    -2.73022
    -2.93737
    -3.11623
    -3.26505
    -3.38239
     -3.4671
    -3.51834
    -3.53563
     -3.5188
      -3.468
    -3.38374
    -3.26683
    -3.11843
    -2.93996
    -2.73317
    -2.50006
    -2.24289
    -1.96415
    -1.66654
    -1.35293
    -1.02636
   -0.689888
   -0.346724
   0.0381704
   0.0758571
    0.112698
    0.148496
    0.182914
    0.215715
    0.246587
    0.275278
    0.301499
    0.325012
    0.345564
    0.362952
    0.376971
    0.387471
    0.394311
    0.397402
    0.396676
    0.392116
    0.383732
    0.371585
    0.355764
    0.336407
    0.313684
    0.287796
    0.258987
    0.227506
    0.193653
    0.157705
    0.120001
   0.0808931
   0.0407571
   -0.331088
   -0.659273
   -0.981366
    -1.29421
    -1.59477
    -1.88009
    -2.14738
    -2.39405
    -2.61767
    -2.81607
     -2.9873
     -3.1297
    -3.24188
    -3.32275
    -3.37153
    -3.38774
    -3.37124
     -3.3222
    -3.24109
    -3.12874
    -2.98625
    -2.81501
    -2.61669
    -2.39324
    -2.14682
    -1.87982
    -1.59482
     -1.2946
   -0.982071
   -0.660116
   -0.331802
   0.0378388
   0.0750232
    0.111168
    0.146111
    0.179523
    0.211205
    0.240865
    0.268286
     0.29321
     0.31543
    0.334725
    0.350922
    0.363849
     0.37338
    0.379403
    0.381851
    0.380679
    0.375884
    0.367491
    0.355559
    0.340183
     0.32148
    0.299612
    0.274764
    0.247162
    0.217045
    0.184688
    0.150365
    0.114392
   0.0771021
   0.0388472
   -0.317264
   -0.631694
   -0.940226
    -1.23985
    -1.52763
    -1.80077
    -2.05659
    -2.29261
    -2.50651
    -2.69621
    -2.85987
     -2.9959
    -3.10297
    -3.18004
    -3.22638
    -3.24155
     -3.2254
    -3.17812
    -3.10017
    -2.99234
     -2.8557
    -2.69164
    -2.50178
    -2.28797
    -2.05229
    -1.79702
    -1.52462
    -1.23768
   -0.938971
   -0.631213
   -0.317323
    0.037448
      0.0741
    0.109548
    0.143665
    0.176122
    0.206754
    0.235286
    0.261532
    0.285259
     0.30629
    0.324436
     0.33955
    0.351492
     0.36016
    0.365469
    0.367371
    0.365845
    0.360895
    0.352562
    0.340894
     0.32599
    0.307936
    0.286885
    0.263006
    0.236505
    0.207615
    0.176594
    0.143721
      0.1093
   0.0736473
   0.0371007
   -0.303571
   -0.604373
   -0.899469
    -1.18599
    -1.46113
    -1.72221
     -1.9667
    -2.19221
    -2.39655
    -2.57772
    -2.73399
    -2.86383
    -2.96598
    -3.03947
    -3.08359
    -3.09795
    -3.08239
     -3.0371
    -2.96252
     -2.8594
    -2.72876
    -2.57196
    -2.39054
    -2.18627
    -1.96114
     -1.7173
    -1.45711
    -1.18299
   -0.897589
   -0.603474
   -0.303431
   0.0366286
   0.0724385
    0.107007
    0.140199
    0.171693
    0.201328
    0.228847
    0.254076
    0.276806
    0.296878
    0.314128
    0.328425
    0.339655
    0.347721
    0.352561
    0.354127
    0.352408
     0.34741
    0.339176
    0.327756
    0.313245
    0.295738
    0.275379
    0.252332
    0.226799
       0.199
    0.169189
    0.137635
    0.104632
   0.0704803
   0.0355023
   -0.290004
   -0.577301
   -0.859084
    -1.13262
    -1.39526
    -1.64444
    -1.87775
    -2.09292
    -2.28788
    -2.46073
    -2.60979
    -2.73365
    -2.83109
    -2.90121
    -2.94333
    -2.95711
    -2.94242
    -2.89943
    -2.82855
    -2.73048
    -2.60616
    -2.45682
    -2.28391
    -2.08911
    -1.87429
    -1.64149
    -1.39298
    -1.13107
   -0.858285
   -0.577102
   -0.290192
   0.0354866
   0.0701828
    0.103662
    0.135788
    0.166241
    0.194867
    0.221418
     0.24573
    0.267607
    0.286899
    0.303461
    0.317165
    0.327914
    0.335609
    0.340194
    0.341615
    0.339864
    0.334941
    0.326889
     0.31576
    0.301648
    0.284658
    0.264936
    0.242645
    0.217983
    0.191168
     0.16245
    0.132088
    0.100373
   0.0675881
   0.0340413
   -0.276568
   -0.550513
   -0.819156
    -1.07992
    -1.33028
    -1.56782
    -1.79024
     -1.9954
    -2.18132
    -2.34622
     -2.4885
    -2.60678
    -2.69993
    -2.76707
    -2.80755
    -2.82105
    -2.80746
    -2.76691
    -2.69979
    -2.60671
    -2.48857
    -2.34648
    -2.18181
    -1.99611
    -1.79119
    -1.56898
    -1.33165
    -1.08142
     -0.8207
   -0.551882
   -0.277528
   0.0338679
   0.0670937
   0.0992659
    0.130201
    0.159587
    0.187241
    0.212921
    0.236446
    0.257627
    0.276316
    0.292373
    0.305669
    0.316107
    0.323586
    0.328049
    0.329442
    0.327755
    0.322989
    0.315184
    0.304396
    0.290716
    0.274255
     0.25516
    0.233598
    0.209766
    0.183882
    0.156192
     0.12695
   0.0964373
   0.0649205
   0.0326959
   -0.263238
   -0.523974
    -0.77966
    -1.02787
     -1.2662
    -1.49237
    -1.70419
    -1.89967
    -2.07691
    -2.23425
    -2.37019
     -2.4834
    -2.57279
    -2.63749
    -2.67686
    -2.69052
    -2.67833
    -2.64038
    -2.57702
    -2.48882
    -2.37662
    -2.24146
    -2.08463
    -1.90761
    -1.71212
    -1.49999
    -1.27329
    -1.03416
   -0.784894
   -0.527822
   -0.265404
    0.031942
   0.0634308
   0.0940835
    0.123672
    0.151895
    0.178534
    0.203348
    0.226132
    0.246695
    0.264882
    0.280552
    0.293564
    0.303819
    0.311206
    0.315665
    0.317139
    0.315616
    0.311095
    0.303613
    0.293228
    0.280029
    0.264135
    0.245689
    0.224866
    0.201863
    0.176896
     0.15021
    0.122051
   0.0926958
   0.0623919
   0.0314241
   -0.250216
   -0.498085
   -0.741202
   -0.977287
    -1.20406
    -1.41936
    -1.62112
    -1.80742
    -1.97646
    -2.12668
    -2.25663
    -2.36504
    -2.45087
    -2.51323
     -2.5515
    -2.56525
    -2.55434
    -2.51881
    -2.45898
    -2.37538
    -2.26881
    -2.14023
    -1.99089
    -1.82218
    -1.63572
    -1.43328
    -1.21682
   -0.988387
   -0.750196
   -0.504493
   -0.253645
   0.0298986
   0.0595147
   0.0885008
    0.116615
     0.14357
    0.169121
    0.193029
    0.215064
    0.235026
    0.252739
    0.268048
    0.280807
    0.290905
    0.298233
    0.302723
    0.304322
    0.303011
    0.298793
    0.291705
    0.281803
    0.269177
    0.253941
     0.23624
    0.216241
    0.194138
     0.17014
    0.144484
    0.117407
   0.0891719
   0.0600205
   0.0302242
    -0.23731
   -0.472543
   -0.703438
   -0.927846
    -1.14361
    -1.34867
    -1.54103
    -1.71884
    -1.88036
    -2.02404
    -2.14846
     -2.2524
    -2.33481
    -2.39486
    -2.43193
     -2.4456
    -2.43573
    -2.40234
    -2.34573
     -2.2664
    -2.16509
    -2.04273
    -1.90047
    -1.73965
     -1.5618
    -1.36863
    -1.16199
   -0.943873
   -0.716386
   -0.481724
   -0.242158
   0.0277611
    0.055406
    0.082625
    0.109166
    0.134761
    0.159142
    0.182072
    0.203296
     0.22261
     0.23981
     0.25473
    0.267216
    0.277145
    0.284411
     0.28894
    0.290681
    0.289612
     0.28574
    0.279099
    0.269744
    0.257765
    0.243269
    0.226398
    0.207308
    0.186188
    0.163233
     0.13867
    0.112722
   0.0856412
   0.0576593
   0.0290363
   -0.225033
   -0.448248
   -0.667518
     -0.8808
    -1.08605
    -1.28128
    -1.46459
    -1.63416
    -1.78834
    -1.92557
    -2.04451
    -2.14394
    -2.22287
    -2.28048
    -2.31619
     -2.3296
    -2.32054
    -2.28905
    -2.23541
    -2.16008
    -2.06375
    -1.94732
    -1.81188
     -1.6587
    -1.48924
    -1.30511
    -1.10809
   -0.900099
   -0.683132
   -0.459327
   -0.230858
   0.0256306
   0.0513013
   0.0767465
    0.101675
    0.125834
    0.148944
    0.170771
    0.191058
    0.209598
    0.226183
    0.240641
    0.252813
    0.262574
    0.269811
    0.274448
    0.276426
    0.275722
    0.272331
    0.266286
    0.257631
    0.246452
    0.232842
    0.216935
    0.198869
    0.178818
    0.156957
    0.133491
    0.108623
   0.0825812
    0.055612
   0.0279649
   -0.213421
   -0.425327
   -0.633732
   -0.836572
    -1.03191
    -1.21776
    -1.39234
    -1.55388
    -1.70079
    -1.83158
    -1.94496
    -2.03978
    -2.11508
    -2.17008
    -2.20422
    -2.21712
    -2.20862
    -2.17875
    -2.12776
    -2.05611
    -1.96446
    -1.85366
    -1.72475
    -1.57895
    -1.41764
    -1.24238
    -1.05484
   -0.856853
   -0.650313
    -0.43725
   -0.219735
   0.0234807
   0.0471448
    0.070769
   0.0940207
    0.116663
    0.138409
     0.15903
    0.178276
    0.195942
    0.211822
    0.225748
    0.237557
    0.247126
    0.254336
     0.25911
     0.26138
    0.261117
    0.258304
    0.252964
     0.24513
    0.234872
    0.222269
    0.207437
    0.190493
     0.17159
    0.150878
    0.128536
    0.104748
    0.079717
   0.0537095
   0.0269705
   -0.202282
   -0.403318
   -0.601241
   -0.793967
   -0.979649
    -1.15636
    -1.32238
      -1.476
    -1.61573
    -1.74013
    -1.84799
     -1.9382
    -2.00985
     -2.0622
    -2.09473
    -2.10705
    -2.09902
    -2.07068
    -2.02227
    -1.95421
    -1.86713
    -1.76184
    -1.63934
    -1.50078
    -1.34747
     -1.1809
    -1.00266
   -0.814466
   -0.618139
   -0.415603
   -0.208826
   0.0213575
   0.0430209
   0.0648031
   0.0863608
    0.107478
    0.127859
    0.147289
    0.165515
     0.18234
    0.197556
    0.210996
    0.222497
    0.231932
    0.239179
    0.244156
    0.246787
    0.247035
    0.244871
    0.240306
    0.233353
    0.224065
    0.212493
    0.198724
    0.182847
     0.16498
    0.145278
    0.123895
    0.101037
   0.0768991
   0.0517956
   0.0259832
   -0.191944
   -0.382714
   -0.570544
    -0.75344
   -0.929651
    -1.09734
    -1.25487
    -1.40063
    -1.53319
    -1.65121
     -1.7535
    -1.83904
    -1.90697
    -1.95659
    -1.98739
    -1.99904
     -1.9914
    -1.96449
    -1.91857
    -1.85403
    -1.77147
    -1.67166
    -1.55551
    -1.42411
    -1.27869
    -1.12065
   -0.951496
   -0.772885
   -0.586533
   -0.394311
   -0.198094
   0.0191946
   0.0388245
   0.0587384
   0.0785833
   0.0981652
    0.117182
    0.135431
    0.152658
    0.168672
    0.183262
    0.196266
    0.207513
    0.216873
     0.22422
    0.229464
    0.232519
    0.233339
    0.231879
    0.228136
      0.2221
    0.213804
    0.203265
    0.190544
    0.175696
    0.158812
    0.140053
    0.119553
   0.0975521
   0.0742386
   0.0499802
   0.0250442
   -0.181867
   -0.362626
   -0.540609
   -0.713908
   -0.880865
    -1.03973
    -1.18897
    -1.32704
    -1.45258
    -1.56433
    -1.66118
    -1.74215
    -1.80643
    -1.85336
    -1.88246
    -1.89343
    -1.88612
    -1.86058
    -1.81703
    -1.75588
    -1.67767
    -1.58313
    -1.47314
    -1.34869
    -1.21096
    -1.06126
   -0.901031
   -0.731846
   -0.555326
   -0.373284
   -0.187497
   0.0173025
   0.0351147
   0.0533171
   0.0715702
   0.0896987
     0.10741
    0.124509
    0.140752
    0.155949
    0.169897
     0.18243
    0.193378
    0.202609
    0.209989
    0.215418
    0.218799
    0.220067
    0.219162
    0.216054
    0.210732
    0.203201
    0.193482
    0.181615
    0.167665
    0.151713
    0.133912
    0.114394
   0.0933953
   0.0711083
   0.0478898
   0.0240089
   -0.172108
   -0.343142
   -0.511519
   -0.675445
   -0.833349
   -0.983586
    -1.12469
    -1.25522
    -1.37389
     -1.4795
    -1.57101
     -1.6475
     -1.7082
    -1.75251
    -1.77996
    -1.79026
    -1.78328
    -1.75905
    -1.71777
    -1.65982
    -1.58573
    -1.49621
    -1.39207
     -1.2743
      -1.144
    -1.00245
   -0.850976
   -0.691096
   -0.524342
   -0.352425
   -0.177022
   0.0155458
    0.031671
    0.048281
   0.0650459
   0.0818066
    0.098278
    0.114276
    0.129561
     0.14395
    0.157244
    0.169277
    0.179883
    0.188922
    0.196258
    0.201781
    0.205383
    0.206984
    0.206507
    0.203904
    0.199162
    0.192273
    0.183263
    0.172164
    0.159055
    0.144016
    0.127189
    0.108706
   0.0887908
   0.0676332
   0.0455691
   0.0228603
   -0.162614
   -0.324198
   -0.483254
   -0.638097
   -0.787233
   -0.929113
    -1.06234
    -1.18556
    -1.29754
    -1.39717
    -1.48346
    -1.55554
     -1.6127
    -1.65437
    -1.68012
    -1.68968
    -1.68294
     -1.6599
    -1.62076
     -1.5659
     -1.4958
    -1.41116
    -1.31275
    -1.20153
    -1.07853
   -0.944957
   -0.802073
   -0.651309
   -0.494112
   -0.332088
   -0.166816
   0.0143442
   0.0291762
   0.0444106
   0.0597994
   0.0751936
     0.09036
    0.105124
    0.119279
    0.132653
    0.145073
    0.156381
    0.166427
    0.175075
    0.182169
    0.187595
    0.191234
    0.193001
    0.192818
    0.190632
    0.186423
    0.180177
    0.171918
    0.161674
     0.14952
    0.135529
    0.119828
     0.10254
   0.0838533
    0.063944
   0.0431256
   0.0216429
   -0.153298
   -0.305684
   -0.455741
   -0.601842
   -0.742571
   -0.876441
    -1.00213
    -1.11832
    -1.22387
    -1.31771
    -1.39891
    -1.46667
    -1.52029
    -1.55928
    -1.58323
    -1.59192
    -1.58523
    -1.56323
    -1.52609
    -1.47418
    -1.40797
    -1.32809
     -1.2353
    -1.13049
    -1.01466
    -0.88893
   -0.754485
    -0.61266
   -0.464816
   -0.312427
   -0.156971
   0.0134048
   0.0271654
   0.0411891
   0.0553052
   0.0693754
   0.0832233
   0.0966911
    0.109617
    0.121845
    0.133242
    0.143665
     0.15299
    0.161087
    0.167789
    0.172977
     0.17653
    0.178356
    0.178385
    0.176557
    0.172849
    0.167242
    0.159756
    0.150413
    0.139277
    0.126414
    0.111929
   0.0959305
   0.0785686
   0.0600004
    0.040516
   0.0203431
   -0.144523
   -0.288204
   -0.429692
    -0.56741
   -0.700024
   -0.826115
   -0.944444
    -1.05377
      -1.153
    -1.24116
    -1.31738
    -1.38091
    -1.43111
    -1.46752
    -1.48977
    -1.49767
    -1.49113
    -1.47021
    -1.43511
    -1.38614
    -1.32376
    -1.24856
    -1.16124
    -1.06267
   -0.953752
   -0.835545
   -0.709173
   -0.575875
   -0.436938
   -0.293714
   -0.147596
   0.0121302
   0.0245591
   0.0371818
   0.0498919
   0.0625675
   0.0750911
   0.0873327
   0.0991232
    0.110327
    0.120806
    0.130428
     0.13907
    0.146606
    0.152894
    0.157819
    0.161272
     0.16316
    0.163413
    0.161967
    0.158785
    0.153839
    0.147134
    0.138678
    0.128533
    0.116752
    0.103448
   0.0887201
   0.0727096
   0.0555662
   0.0375553
   0.0188928
   -0.136637
   -0.272296
    -0.40567
   -0.535329
   -0.660008
   -0.778421
   -0.889412
   -0.991874
    -1.08481
    -1.16732
     -1.2386
    -1.29798
    -1.34485
    -1.37879
    -1.39947
     -1.4067
    -1.40041
    -1.38066
    -1.34764
    -1.30164
     -1.2431
    -1.17254
    -1.09064
    -0.99814
   -0.895914
   -0.784941
   -0.666276
   -0.541078
    -0.41055
   -0.275976
   -0.138665
   0.0106979
   0.0216541
   0.0327618
   0.0439849
   0.0552218
   0.0664128
   0.0774527
    0.088156
   0.0983996
    0.108028
    0.116913
    0.124926
    0.131941
    0.137846
    0.142526
    0.145891
    0.147846
    0.148324
    0.147257
    0.144592
    0.140292
    0.134344
    0.126749
    0.117565
    0.106839
   0.0946965
   0.0812345
   0.0665906
   0.0509096
   0.0344312
    0.017356
   -0.128967
   -0.256834
   -0.382349
   -0.504231
   -0.621285
   -0.732357
   -0.836362
   -0.932325
    -1.01931
    -1.09651
    -1.16318
    -1.21867
    -1.26246
    -1.29412
    -1.31334
    -1.31997
    -1.31391
    -1.29526
    -1.26416
    -1.22092
    -1.16594
    -1.09971
    -1.02286
   -0.936067
   -0.840153
   -0.736046
   -0.624739
   -0.507315
   -0.384901
   -0.258708
   -0.129958
  0.00912002
   0.0185832
   0.0282998
   0.0381941
   0.0481765
   0.0581657
   0.0680603
    0.077706
   0.0869817
   0.0957464
    0.103873
    0.111236
    0.117711
    0.123186
    0.127548
     0.13071
    0.132579
    0.133094
    0.132187
    0.129821
    0.125958
    0.120605
    0.113764
    0.105504
   0.0958769
   0.0849801
   0.0729122
   0.0597943
   0.0457662
   0.0310071
   0.0156913
   -0.121267
   -0.241386
   -0.359159
   -0.473448
   -0.583132
   -0.687168
   -0.784547
   -0.874372
   -0.955779
    -1.02801
    -1.09036
    -1.14224
    -1.18316
    -1.21272
    -1.23063
    -1.23673
    -1.23093
     -1.2133
    -1.18399
    -1.14328
    -1.09155
    -1.02929
   -0.957088
   -0.875612
   -0.785643
   -0.688071
   -0.583838
    -0.47397
   -0.359529
   -0.241608
   -0.121347
    0.007683
   0.0157968
   0.0242743
    0.032994
   0.0418691
   0.0507854
    0.059638
   0.0683024
   0.0766586
   0.0845816
   0.0919456
   0.0986291
    0.104508
    0.109471
    0.113405
    0.116231
    0.117854
    0.118233
    0.117303
    0.115056
    0.111465
    0.106564
    0.100368
    0.092959
   0.0843984
   0.0747512
   0.0641146
   0.0525875
   0.0402989
   0.0273599
   0.0139129
   -0.113891
   -0.226575
   -0.336917
   -0.443912
   -0.546511
   -0.643768
   -0.734744
   -0.818609
    -0.89456
   -0.961883
    -1.01994
    -1.06817
    -1.10613
    -1.13345
    -1.14987
    -1.15524
    -1.14949
    -1.13269
    -1.10498
    -1.06665
    -1.01804
   -0.959642
   -0.891998
   -0.815768
    -0.73168
   -0.640578
   -0.543347
   -0.440956
   -0.334406
   -0.224672
   -0.112818
  0.00674175
   0.0138618
   0.0213052
   0.0289785
   0.0367963
   0.0446545
   0.0524467
   0.0600611
   0.0673791
   0.0743021
   0.0807093
   0.0865047
   0.0915732
   0.0958263
   0.0991632
    0.101517
    0.102811
    0.103008
    0.102063
   0.0999734
   0.0967297
   0.0923659
   0.0869106
   0.0804348
   0.0730007
   0.0646581
    0.055492
   0.0455681
   0.0349901
    0.023818
   0.0121574
   -0.106546
     -0.2119
   -0.314995
   -0.414909
   -0.510659
    -0.60136
   -0.686133
   -0.764189
    -0.83478
    -0.89724
   -0.950975
   -0.995482
    -1.03034
    -1.05524
    -1.06995
    -1.07436
    -1.06843
    -1.05224
    -1.02598
   -0.989919
   -0.944415
   -0.889921
   -0.826962
   -0.756092
   -0.677983
   -0.593407
   -0.503184
   -0.408228
    -0.30947
   -0.207849
   -0.104353
  0.00617707
   0.0126287
   0.0193008
   0.0261273
   0.0330249
   0.0399045
   0.0466624
   0.0532036
   0.0594165
    0.065236
   0.0705554
   0.0753142
    0.079417
   0.0828072
   0.0854065
   0.0871668
   0.0880323
   0.0879748
   0.0869664
   0.0850078
   0.0821028
   0.0782806
   0.0735769
   0.0680464
   0.0617475
   0.0547122
   0.0470112
   0.0386751
    0.029782
    0.020344
    0.010434
  -0.0992762
   -0.197341
   -0.293192
   -0.385989
   -0.474827
   -0.558883
   -0.637351
   -0.709493
   -0.774625
   -0.832138
   -0.881495
   -0.922246
   -0.954014
   -0.976534
   -0.989606
   -0.993153
   -0.987158
   -0.971729
   -0.947031
    -0.91335
   -0.871032
   -0.820503
   -0.762263
    -0.69677
   -0.624644
    -0.54659
   -0.463359
    -0.37581
     -0.2848
   -0.191224
  -0.0959975
  0.00576187
   0.0116512
   0.0176002
   0.0235908
   0.0295424
   0.0354055
   0.0410901
   0.0465308
    0.051637
   0.0563563
   0.0606064
   0.0643462
   0.0675071
   0.0700652
    0.071972
   0.0732155
   0.0737698
   0.0735947
    0.072679
   0.0709973
   0.0685562
   0.0653722
   0.0614725
   0.0568752
   0.0516201
   0.0457511
   0.0393213
   0.0323702
   0.0249598
   0.0170857
  0.00880131
  -0.0920832
   -0.182859
    -0.27139
   -0.356949
   -0.438709
   -0.515944
   -0.587926
   -0.653993
   -0.713525
   -0.765991
   -0.810907
   -0.847896
   -0.876625
   -0.896887
   -0.908511
   -0.911449
   -0.905696
   -0.891316
   -0.868461
   -0.837378
    -0.79838
   -0.751861
   -0.698283
   -0.638105
   -0.571909
   -0.500338
   -0.424088
    -0.34392
   -0.260621
   -0.174987
  -0.0878524
  0.00541637
   0.0108016
   0.0160702
   0.0212526
    0.026274
     0.03113
   0.0357497
   0.0401026
    0.044123
   0.0477732
   0.0509957
   0.0537694
   0.0560526
   0.0578539
   0.0591549
   0.0599788
   0.0603271
   0.0601419
   0.0594219
   0.0581071
   0.0561978
   0.0536899
   0.0505952
    0.046891
   0.0425976
    0.037775
   0.0324667
   0.0267318
   0.0206269
    0.014142
   0.0073188
  -0.0845919
   -0.167802
   -0.248766
   -0.326877
   -0.401392
   -0.471695
   -0.537141
    -0.59715
   -0.651175
   -0.698755
   -0.739454
   -0.772954
   -0.798949
   -0.817271
   -0.827766
   -0.830395
   -0.825158
    -0.81207
   -0.791266
   -0.762949
   -0.727402
    -0.68498
   -0.636104
   -0.581231
   -0.520899
   -0.455692
   -0.386254
   -0.313251
   -0.237402
   -0.159415
  -0.0800501
  0.00461857
  0.00918533
   0.0136016
   0.0178975
    0.022009
   0.0259481
   0.0296696
   0.0331523
   0.0363603
   0.0392602
   0.0418234
   0.0440197
   0.0458281
   0.0472357
   0.0482314
   0.0488179
   0.0489896
   0.0487172
    0.047991
   0.0468002
   0.0451415
   0.0430214
   0.0404496
   0.0374187
   0.0339524
   0.0300893
    0.025875
   0.0213346
   0.0165191
   0.0113799
  0.00594103
  -0.0767931
   -0.152172
   -0.225349
   -0.295822
   -0.362923
   -0.426179
   -0.485027
   -0.539018
   -0.587684
   -0.630639
   -0.667508
   -0.697951
   -0.721693
   -0.738532
    -0.74832
   -0.750986
   -0.746515
   -0.734924
    -0.71633
   -0.690909
   -0.658916
   -0.620661
   -0.576528
   -0.526931
   -0.472363
   -0.413345
   -0.350462
   -0.284304
   -0.215522
   -0.144754
  -0.0726893
  0.00358906
  0.00715326
   0.0105947
    0.013948
   0.0171605
   0.0202573
   0.0232128
   0.0260071
   0.0286252
   0.0310267
   0.0331999
   0.0350903
   0.0366815
   0.0379211
   0.0387892
   0.0392542
   0.0392964
   0.0389168
   0.0381036
   0.0369096
   0.0353428
   0.0334357
   0.0312114
   0.0286911
    0.025911
   0.0228891
   0.0196717
   0.0162432
   0.0126424
  0.00877503
  0.00464374
  -0.0688925
   -0.136417
   -0.201884
     -0.2649
   -0.324865
   -0.381428
   -0.434081
   -0.482477
   -0.526198
   -0.564912
    -0.59829
   -0.625966
   -0.647692
   -0.663239
   -0.672464
    -0.67527
   -0.671631
   -0.661566
   -0.645172
   -0.622598
   -0.594064
   -0.559835
   -0.520249
   -0.475682
    -0.42658
   -0.373411
   -0.316708
   -0.257002
   -0.194882
   -0.130925
  -0.0657492
  0.00254384
  0.00518932
  0.00787234
   0.0105479
    0.013176
   0.0157206
   0.0181525
   0.0204343
   0.0225402
   0.0244428
   0.0261193
   0.0275472
   0.0287043
   0.0295641
   0.0301076
   0.0303138
   0.0301721
   0.0296844
   0.0288541
   0.0277208
   0.0263063
   0.0246449
   0.0227705
   0.0207267
    0.018559
   0.0162973
   0.0139886
   0.0115814
  0.00910061
  0.00639878
  0.00345442
  -0.0605663
   -0.120061
   -0.177902
   -0.233778
    -0.28718
   -0.337724
   -0.384954
   -0.428488
   -0.467934
   -0.502951
   -0.533223
   -0.558427
   -0.578328
   -0.592713
   -0.601445
   -0.604433
   -0.601649
   -0.593102
   -0.578873
   -0.559069
   -0.533874
   -0.503486
   -0.468186
   -0.428291
   -0.384184
   -0.336336
   -0.285227
    -0.23141
   -0.175427
   -0.117827
  -0.0591743
  0.00162181
  0.00348445
  0.00556085
   0.0077192
    0.009923
   0.0120611
   0.0140887
   0.0159413
   0.0175756
   0.0189767
   0.0201129
   0.0210026
   0.0216286
   0.0220043
   0.0221246
   0.0219905
   0.0216073
   0.0209784
   0.0201195
   0.0190486
   0.0177934
   0.0163822
   0.0148541
   0.0132716
   0.0116874
   0.0101449
  0.00869288
  0.00724498
  0.00581318
  0.00419794
  0.00235497
  -0.0528271
   -0.104887
    -0.15569
   -0.204988
   -0.252345
   -0.297343
    -0.33957
   -0.378616
   -0.414111
   -0.445708
   -0.473101
   -0.496002
   -0.514183
   -0.527437
   -0.535633
   -0.538678
   -0.536549
   -0.529247
   -0.516852
   -0.499444
   -0.477193
   -0.450245
   -0.418848
    -0.38327
   -0.343837
   -0.301019
    -0.25523
   -0.207031
   -0.156908
   -0.105369
  -0.0529255
  0.00111677
   0.0024304
  0.00392286
  0.00548769
  0.00708245
  0.00862647
    0.010072
   0.0113698
   0.0124815
   0.0133853
   0.0140591
   0.0145098
   0.0147327
   0.0147453
   0.0145578
   0.0141857
   0.0136504
   0.0129893
   0.0122377
   0.0114193
   0.0105781
  0.00971072
  0.00886123
  0.00802453
   0.0072369
  0.00647519
  0.00574942
  0.00495955
  0.00407303
  0.00299061
  0.00165604
  -0.0458479
  -0.0912825
    -0.13591
   -0.179382
   -0.221308
   -0.261274
   -0.298907
   -0.333819
   -0.365673
   -0.394133
   -0.418913
   -0.439717
   -0.456322
   -0.468493
   -0.476084
   -0.479002
   -0.477204
   -0.470719
   -0.459606
   -0.443988
   -0.424015
   -0.399883
   -0.371827
   -0.340133
   -0.305108
   -0.267123
   -0.226549
   -0.183836
   -0.139411
  -0.0936802
  -0.0470915
 0.000658191
  0.00144893
  0.00235021
  0.00328369
  0.00420897
  0.00509095
  0.00589239
  0.00659224
  0.00716492
   0.0075858
  0.00784224
  0.00792518
  0.00783807
  0.00759674
   0.0072226
  0.00674318
  0.00619523
  0.00565094
  0.00516531
  0.00476659
  0.00450974
  0.00434923
  0.00431999
  0.00433037
  0.00438252
  0.00437121
   0.0042593
  0.00393499
  0.00333081
  0.00246947
  0.00130365
  -0.0396419
  -0.0791934
    -0.11833
   -0.156587
   -0.193612
   -0.228983
   -0.262362
    -0.29338
    -0.32174
   -0.347123
   -0.369282
   -0.387928
   -0.402863
   -0.413845
   -0.420734
   -0.423451
   -0.421938
   -0.416252
   -0.406423
     -0.3926
   -0.374901
   -0.353548
   -0.328743
   -0.300773
   -0.269912
    -0.23643
    -0.20066
   -0.162947
   -0.123676
  -0.0831743
  -0.0418459
-9.10759e-05
 -2.2613e-05
 0.000182697
 0.000454364
 0.000763436
  0.00106946
  0.00134942
  0.00158484
  0.00176447
  0.00187851
  0.00193071
  0.00193075
  0.00190186
  0.00184651
  0.00180163
  0.00174867
  0.00172709
  0.00175508
  0.00187171
  0.00207574
  0.00238939
  0.00276741
  0.00320263
  0.00361361
  0.00396123
  0.00415453
  0.00413055
  0.00382902
  0.00318841
  0.00229959
  0.00115188
   -0.034597
  -0.0692443
   -0.103666
   -0.137367
   -0.170021
   -0.201199
    -0.23058
   -0.257821
   -0.282641
   -0.304796
   -0.324064
   -0.340225
   -0.353109
   -0.362567
   -0.368492
   -0.370845
   -0.369591
   -0.364764
   -0.356397
   -0.344587
   -0.329435
   -0.311096
   -0.289737
   -0.265537
   -0.238714
   -0.209467
   -0.178062
   -0.144794
   -0.109983
  -0.0739859
    -0.03717
-0.000957385
 -0.00170437
 -0.00225415
  -0.0026649
 -0.00295275
 -0.00316605
 -0.00331557
 -0.00341929
 -0.00347433
 -0.00347418
 -0.00339731
 -0.00321451
 -0.00288581
 -0.00243031
  -0.0018083
 -0.00110332
-0.000293956
 0.000560455
   0.0014629
  0.00236746
  0.00325488
  0.00408127
  0.00480419
  0.00536864
  0.00571221
  0.00578044
  0.00550416
   0.0048916
    0.003898
  0.00268401
  0.00127361
  -0.0300473
  -0.0602355
  -0.0903262
     -0.1198
   -0.148367
   -0.175606
   -0.201224
   -0.224916
   -0.246423
   -0.265577
   -0.282178
   -0.296067
     -0.3071
   -0.315203
   -0.320295
   -0.322364
   -0.321386
   -0.317368
   -0.310341
   -0.300348
   -0.287474
   -0.271819
   -0.253526
   -0.232687
   -0.209483
   -0.184066
   -0.156652
   -0.127498
  -0.0968662
  -0.0651423
  -0.0326516
 -0.00187425
 -0.00339113
 -0.00452396
 -0.00537048
 -0.00591944
 -0.00625341
 -0.00636688
 -0.00631974
 -0.00610548
 -0.00575247
 -0.00524834
 -0.00457499
 -0.00371343
 -0.00269875
 -0.00152623
-0.000275154
  0.00103526
  0.00232689
  0.00356037
  0.00467419
  0.00561557
  0.00637321
  0.00689479
  0.00719766
  0.00723756
  0.00698076
  0.00639063
   0.0054925
   0.0042815
  0.00289738
  0.00138972
  -0.0261365
   -0.052294
  -0.0782401
   -0.103581
   -0.128064
   -0.151368
   -0.173251
   -0.193481
   -0.211848
     -0.2282
   -0.242377
   -0.254263
   -0.263753
   -0.270788
   -0.275314
   -0.277295
   -0.276719
   -0.273548
   -0.267803
   -0.259457
   -0.248564
   -0.235198
   -0.219463
   -0.201458
   -0.181326
   -0.159263
   -0.135453
   -0.110149
  -0.0835749
  -0.0561103
  -0.0280455
 -0.00262422
 -0.00472719
 -0.00623064
 -0.00726843
 -0.00780206
 -0.00795377
 -0.00771049
  -0.0071875
 -0.00639015
 -0.00539952
 -0.00422955
  -0.0028886
 -0.00139085
 0.000206258
  0.00187028
  0.00353204
  0.00513939
  0.00660799
  0.00786916
  0.00886089
  0.00951267
  0.00986266
  0.00986534
  0.00962595
  0.00913052
   0.0083718
  0.00734748
  0.00609426
  0.00463844
  0.00308393
  0.00149213
  -0.0224586
  -0.0448107
  -0.0668399
   -0.088281
   -0.108916
    -0.12852
   -0.146893
   -0.163866
   -0.179272
    -0.19296
   -0.204801
   -0.214711
    -0.22261
   -0.228451
   -0.232205
   -0.233824
   -0.233318
   -0.230628
   -0.225784
   -0.218719
   -0.209476
   -0.198118
   -0.184723
   -0.169401
   -0.152262
   -0.133541
   -0.113388
  -0.0920399
  -0.0696781
  -0.0466607
  -0.0232287
 -0.00247618
 -0.00441197
 -0.00568516
 -0.00643742
 -0.00662153
 -0.00637037
 -0.00568594
 -0.00469707
 -0.00343733
 -0.00198228
-0.000375323
  0.00135238
  0.00315439
  0.00496156
  0.00671339
   0.0083703
  0.00986658
   0.0111427
   0.0121305
   0.0127858
    0.013053
   0.0129751
   0.0125318
   0.0118236
   0.0108644
  0.00967496
  0.00827939
  0.00672326
  0.00504881
  0.00332968
  0.00162304
  -0.0186939
  -0.0372405
  -0.0554559
  -0.0731591
  -0.0901791
   -0.106339
   -0.121482
   -0.135465
   -0.148156
   -0.159412
   -0.169129
   -0.177198
   -0.183548
   -0.188093
   -0.190799
    -0.19167
   -0.190723
   -0.187959
   -0.183421
   -0.177105
   -0.169068
   -0.159378
   -0.148107
   -0.135362
    -0.12124
   -0.105954
  -0.0896349
  -0.0725015
  -0.0547077
  -0.0365308
  -0.0181577
 -0.00178045
 -0.00303513
 -0.00361974
 -0.00369791
 -0.00322359
 -0.00234475
 -0.00108021
 0.000430903
  0.00213179
  0.00396131
  0.00585531
  0.00776918
  0.00963438
   0.0113816
   0.0129349
   0.0142981
   0.0154059
    0.016237
   0.0167352
   0.0168817
   0.0166395
    0.016053
   0.0151208
   0.0139277
   0.0125071
   0.0109005
  0.00915284
  0.00731402
  0.00543827
  0.00356689
  0.00175169
  -0.0151031
  -0.0300057
  -0.0445523
  -0.0586374
  -0.0721292
  -0.0848919
  -0.0968113
   -0.107764
   -0.117657
   -0.126361
   -0.133808
   -0.139879
   -0.144525
   -0.147638
   -0.149187
   -0.149234
   -0.147797
   -0.144937
   -0.140701
    -0.13515
    -0.12835
   -0.120369
   -0.111279
   -0.101179
  -0.0901475
  -0.0783701
  -0.0659474
  -0.0530728
  -0.0398644
  -0.0265147
  -0.0131563
-0.000361562
-0.000410332
-2.13746e-05
  0.00073557
  0.00189608
  0.00336045
  0.00510009
  0.00697157
  0.00890344
   0.0108533
   0.0127462
   0.0145517
   0.0161977
   0.0176521
   0.0188502
   0.0198003
   0.0204546
   0.0207966
   0.0207911
   0.0204522
   0.0197686
   0.0187912
   0.0175402
   0.0160488
   0.0143559
   0.0124822
   0.0104703
   0.0083642
  0.00620901
  0.00406585
   0.0019792
    -0.01165
  -0.0230865
  -0.0341907
  -0.0448549
  -0.0549797
  -0.0644656
  -0.0732305
  -0.0811341
  -0.0881035
   -0.094066
  -0.0989752
   -0.102767
   -0.105416
   -0.106892
   -0.107191
   -0.106376
   -0.104475
   -0.101563
  -0.0976934
  -0.0929568
  -0.0874228
  -0.0811936
  -0.0743454
   -0.066981
  -0.0591769
  -0.0510379
  -0.0426402
  -0.0340973
  -0.0254871
  -0.0168963
 -0.00839625
  0.00138075
  0.00281788
  0.00439587
   0.0061338
  0.00805711
   0.0101211
   0.0122953
   0.0144407
   0.0164807
   0.0184016
   0.0201282
   0.0216554
   0.0229188
   0.0239328
   0.0246513
   0.0250892
   0.0252181
   0.0250256
   0.0244977
   0.0236811
   0.0225897
   0.0212778
    0.019782
    0.018075
   0.0161913
     0.01412
   0.0118922
  0.00954105
  0.00710139
  0.00465901
  0.00225742
 -0.00830691
  -0.0163836
  -0.0241375
  -0.0314541
  -0.0382659
  -0.0445138
  -0.0501554
  -0.0550463
   -0.059144
  -0.0624377
  -0.0649089
  -0.0665492
  -0.0673567
  -0.0673767
  -0.0666255
   -0.065161
  -0.0630138
  -0.0602667
  -0.0569663
  -0.0532231
  -0.0490993
  -0.0447162
   -0.040145
   -0.035483
  -0.0307996
  -0.0261196
   -0.021495
  -0.0169611
  -0.0125599
 -0.00828184
 -0.00414973
  0.00318155
  0.00611361
  0.00881425
   0.0114022
   0.0138781
   0.0162641
   0.0185293
   0.0206508
   0.0225781
   0.0243085
   0.0257958
   0.0270354
    0.027992
   0.0286768
   0.0290704
    0.029178
   0.0289921
   0.0284944
   0.0276859
    0.026595
   0.0252407
   0.0236831
   0.0219553
   0.0200356
   0.0179494
   0.0156824
   0.0132571
   0.0106907
  0.00800912
  0.00528331
  0.00255272
 -0.00532233
  -0.0103126
  -0.0148946
  -0.0189733
  -0.0224956
  -0.0254707
  -0.0278801
   -0.029695
  -0.0309095
  -0.0315662
  -0.0316794
  -0.0313044
  -0.0304707
  -0.0292583
  -0.0277057
  -0.0258588
  -0.0237559
  -0.0214711
  -0.0190522
  -0.0165936
  -0.0141515
  -0.0118093
 -0.00962468
 -0.00765771
 -0.00595962
 -0.00451951
 -0.00336207
 -0.00242643
  -0.0017053
 -0.00109594
-0.000565493
  0.00492442
  0.00927967
     0.01301
    0.016331
   0.0192195
   0.0217704
   0.0239619
   0.0259029
   0.0275818
   0.0290156
   0.0301928
   0.0311118
   0.0317663
   0.0321602
   0.0322964
   0.0321652
   0.0317737
   0.0310909
   0.0301246
   0.0288763
   0.0273631
   0.0256482
   0.0237606
   0.0216884
   0.0194522
   0.0170378
   0.0144611
   0.0117234
  0.00884022
  0.00586459
  0.00283036
 -0.00227447
 -0.00414563
  -0.0055666
 -0.00647864
 -0.00685367
 -0.00677144
 -0.00623358
 -0.00531487
 -0.00403283
 -0.00246776
-0.000651242
  0.00131396
  0.00338122
  0.00544757
  0.00746123
  0.00939364
   0.0112042
   0.0128342
   0.0142433
   0.0153639
   0.0161549
    0.016579
   0.0165954
   0.0161803
   0.0152925
   0.0139601
   0.0121651
   0.0100388
  0.00761769
  0.00508286
  0.00251851
  0.00558859
   0.0105963
   0.0149308
   0.0187671
   0.0220812
   0.0249519
   0.0273754
   0.0294218
   0.0310947
   0.0324284
   0.0334259
   0.0341315
    0.034556
   0.0347303
   0.0346713
   0.0343576
   0.0337994
   0.0329352
   0.0317635
   0.0302866
    0.028509
   0.0264781
   0.0242088
    0.021753
   0.0191358
   0.0164376
   0.0137032
   0.0109457
   0.0082128
  0.00545935
  0.00272252
  0.00093657
  0.00233909
  0.00424096
  0.00652277
  0.00916661
   0.0120414
   0.0151076
   0.0182797
   0.0215162
   0.0247373
   0.0278982
   0.0308987
    0.033684
   0.0361578
   0.0382604
    0.039949
   0.0411728
   0.0418954
   0.0420782
   0.0417379
   0.0408592
   0.0394733
   0.0375818
    0.035211
   0.0323645
   0.0289709
   0.0250271
   0.0205944
   0.0157103
   0.0105604
  0.00524204
  0.00580255
   0.0110658
   0.0156914
   0.0198229
   0.0234345
   0.0265771
   0.0292472
   0.0314518
   0.0331904
   0.0345004
   0.0353902
   0.0359467
   0.0361958
   0.0361955
   0.0359762
   0.0355035
   0.0347891
   0.0337386
   0.0323401
    0.030599
   0.0285088
   0.0261058
    0.023398
   0.0205141
   0.0174984
   0.0145431
   0.0117349
  0.00910489
  0.00673247
  0.00446143
   0.0023148
  0.00381956
  0.00813376
   0.0129556
   0.0179978
   0.0232073
   0.0284136
   0.0335493
   0.0385278
   0.0432924
    0.047774
   0.0519257
   0.0556645
   0.0589417
   0.0616831
   0.0638329
   0.0653421
   0.0661511
   0.0662372
   0.0655471
   0.0641523
   0.0620339
   0.0592614
   0.0558551
   0.0518769
   0.0473726
   0.0421878
   0.0363511
   0.0298738
   0.0228082
   0.0153523
  0.00761547
  0.00599026
   0.0114355
   0.0162358
   0.0205195
   0.0242558
   0.0275046
    0.030261
   0.0325224
   0.0342878
   0.0355585
   0.0363392
   0.0366991
   0.0366576
   0.0362972
   0.0356435
   0.0346933
   0.0334578
    0.031905
   0.0300396
   0.0279316
    0.025612
   0.0231176
   0.0204992
   0.0178111
    0.015123
   0.0125243
   0.0100919
  0.00783101
  0.00578837
  0.00384845
  0.00200051
  0.00665535
   0.0136201
   0.0208697
   0.0281429
   0.0353649
   0.0423585
    0.049035
   0.0553056
   0.0610927
   0.0663429
   0.0709977
   0.0750415
   0.0784378
   0.0811892
   0.0832716
   0.0846566
   0.0853193
   0.0852269
   0.0843509
   0.0826291
   0.0800333
   0.0765484
   0.0721709
   0.0669275
   0.0608475
   0.0539178
   0.0461878
   0.0377453
   0.0286732
   0.0192162
  0.00951281
  0.00605167
   0.0115509
   0.0163932
   0.0206923
   0.0244144
   0.0276339
   0.0303484
   0.0325508
   0.0342396
   0.0353753
   0.0359527
    0.036015
   0.0355697
   0.0347229
    0.033499
   0.0319365
   0.0300595
    0.027918
   0.0255507
   0.0231083
   0.0206686
   0.0182701
    0.015997
   0.0138058
   0.0117629
   0.0098204
  0.00801783
  0.00631773
  0.00472865
  0.00318832
  0.00166905
  0.00885033
   0.0178384
   0.0269151
   0.0358622
   0.0445994
   0.0529597
   0.0608447
   0.0681694
   0.0748368
   0.0808002
   0.0859772
   0.0903971
   0.0940112
   0.0968716
   0.0989623
     0.10026
    0.100764
    0.100437
   0.0992867
   0.0971467
   0.0940071
   0.0897972
   0.0845114
   0.0781553
   0.0707473
   0.0624103
   0.0532057
   0.0432856
   0.0327491
   0.0218714
   0.0108035
  0.00593866
   0.0113014
   0.0159698
   0.0200438
   0.0234754
   0.0263458
   0.0286433
   0.0303979
   0.0316092
    0.032274
   0.0323992
   0.0320328
   0.0312055
   0.0300581
   0.0286543
   0.0270062
   0.0251755
   0.0231694
   0.0210499
   0.0189067
   0.0168126
   0.0148044
   0.0129424
   0.0112016
   0.0096159
  0.00813732
  0.00677131
  0.00543897
   0.0041181
   0.0027901
  0.00142497
   0.0103345
   0.0206243
   0.0307784
    0.040701
   0.0503126
   0.0595199
    0.068244
   0.0764065
   0.0839279
   0.0907192
   0.0967057
    0.101856
    0.106117
    0.109448
    0.111814
    0.113154
    0.113449
    0.112668
    0.110812
     0.10783
    0.103736
   0.0985239
   0.0922158
   0.0848189
   0.0763672
   0.0670206
    0.056855
    0.046049
   0.0347126
   0.0231179
   0.0114174
  0.00554457
   0.0104972
   0.0147227
   0.0183051
   0.0211825
   0.0234452
   0.0250781
   0.0261593
   0.0267022
   0.0267567
   0.0263569
   0.0255677
   0.0244523
    0.023188
   0.0218747
   0.0204831
   0.0190932
   0.0176403
   0.0161804
   0.0147103
   0.0132731
   0.0118888
   0.0105867
  0.00936682
  0.00824046
   0.0071767
  0.00616139
  0.00508588
    0.003907
  0.00265751
   0.0013119
   0.0114926
   0.0227867
   0.0337587
   0.0444259
   0.0546971
   0.0645357
   0.0738652
    0.082597
   0.0906584
   0.0979131
    0.104298
    0.109734
    0.114181
    0.117537
     0.11977
    0.120808
    0.120631
    0.119229
    0.116603
    0.112816
    0.107898
    0.101907
   0.0948864
   0.0868409
   0.0778127
   0.0679856
    0.057436
   0.0463524
     0.03484
   0.0231526
    0.011433
  0.00432379
  0.00823159
   0.0115929
   0.0144351
    0.016704
   0.0184235
   0.0195877
   0.0202918
   0.0205734
   0.0204904
   0.0201024
   0.0194471
   0.0185968
   0.0176548
   0.0167035
   0.0157287
   0.0147849
   0.0138133
   0.0128385
   0.0118305
   0.0107972
  0.00975442
  0.00870541
  0.00770201
  0.00674897
  0.00583993
  0.00496768
  0.00406848
  0.00312275
  0.00212655
  0.00107208
   0.0120828
   0.0240134
   0.0356728
   0.0470196
   0.0579576
    0.068425
   0.0783381
   0.0875266
   0.0958955
    0.103251
    0.109503
    0.114611
    0.118526
    0.121226
    0.122691
    0.122917
    0.121906
     0.11969
    0.116294
    0.111796
    0.106245
   0.0997225
   0.0922909
   0.0840085
    0.074941
   0.0652329
   0.0549673
   0.0442878
   0.0332913
   0.0221514
   0.0109839
  0.00268365
  0.00518455
   0.0074029
  0.00932235
   0.0109023
   0.0120959
   0.0128999
   0.0134149
   0.0136886
   0.0137691
   0.0137213
   0.0135328
   0.0132615
   0.0129124
   0.0125324
   0.0121149
   0.0116856
   0.0111969
   0.0106488
  0.00999613
  0.00922268
  0.00835275
  0.00737589
  0.00640903
   0.0054629
  0.00456706
  0.00373172
   0.0029467
  0.00221805
  0.00149612
  0.00077892
   0.0123842
    0.024628
      0.0366
   0.0481959
   0.0593182
    0.069893
    0.079849
   0.0889652
   0.0971542
    0.104195
    0.109994
    0.114558
    0.117833
    0.119871
    0.120657
     0.12024
    0.118633
    0.115899
     0.11207
    0.107231
    0.101434
    0.094774
   0.0873201
   0.0791712
   0.0704083
    0.061133
   0.0514335
   0.0414104
   0.0311562
   0.0207705
   0.0103484
  0.00098952
  0.00206054
  0.00316541
  0.00423702
  0.00525702
  0.00613381
   0.0068657
  0.00743454
  0.00786002
  0.00815079
  0.00833378
  0.00843257
  0.00847289
  0.00846118
  0.00841722
  0.00833327
  0.00821831
  0.00803834
  0.00778867
  0.00743655
   0.0069722
  0.00640744
  0.00574288
   0.0050499
  0.00434385
  0.00365305
  0.00298942
  0.00235798
  0.00176246
  0.00117951
 0.000603417
    0.012809
   0.0253031
   0.0373298
   0.0487815
   0.0595432
   0.0695554
   0.0787394
   0.0869836
   0.0942209
    0.100348
    0.105308
    0.109113
    0.111733
    0.113211
    0.113544
     0.11278
    0.110941
    0.108087
     0.10426
   0.0995356
   0.0939726
   0.0876542
    0.080651
   0.0730467
   0.0649194
   0.0563506
   0.0474212
    0.038207
   0.0287884
   0.0192307
   0.0096124
-0.000660065
-0.000967808
-0.000913856
-0.000615007
-6.91449e-05
 0.000582538
  0.00132963
  0.00201836
  0.00262651
  0.00311424
  0.00346753
  0.00375329
  0.00397508
   0.0041562
  0.00430231
  0.00441521
  0.00449688
  0.00453513
  0.00452786
  0.00445957
  0.00432862
  0.00412979
  0.00386641
  0.00354898
  0.00318373
  0.00278455
  0.00235472
  0.00190727
   0.0014418
 0.000967662
 0.000483627
   0.0125876
   0.0247167
    0.036232
   0.0470419
   0.0570285
   0.0661554
   0.0743388
   0.0815691
   0.0877899
   0.0930017
     0.09717
    0.100306
    0.102395
    0.103465
     0.10352
    0.102602
    0.100736
   0.0979768
   0.0943669
   0.0899735
    0.084854
   0.0790794
    0.072718
   0.0658374
   0.0585116
   0.0508026
   0.0427849
   0.0345114
   0.0260532
   0.0174454
  0.00875255
 -0.00146837
 -0.00257001
 -0.00326529
 -0.00363356
 -0.00367303
 -0.00349188
 -0.00311523
 -0.00266297
 -0.00217076
 -0.00168727
 -0.00123416
-0.000790182
-0.000358916
 6.19821e-05
 0.000471919
 0.000863128
   0.0012327
  0.00156852
  0.00186521
  0.00211444
  0.00231129
  0.00245242
  0.00253564
  0.00255943
  0.00252255
  0.00241085
  0.00221716
  0.00191723
   0.0014972
  0.00101285
 0.000467274
   0.0115652
   0.0225671
   0.0328428
   0.0423999
   0.0511367
   0.0590706
   0.0661375
   0.0723515
   0.0776719
   0.0821086
    0.085638
   0.0882738
   0.0900081
   0.0908651
   0.0908529
   0.0900057
   0.0883472
   0.0859208
   0.0827649
   0.0789315
   0.0744718
   0.0694416
   0.0639013
   0.0579051
   0.0515178
   0.0447873
   0.0377771
   0.0305231
   0.0230841
   0.0154884
  0.00778988
 -0.00194937
 -0.00357156
 -0.00482251
 -0.00575119
 -0.00635341
 -0.00668936
 -0.00677894
 -0.00668029
 -0.00641959
 -0.00603707
 -0.00555201
 -0.00498871
 -0.00435965
 -0.00368858
 -0.00298759
 -0.00228042
 -0.00158093
 -0.00090753
-0.000274118
  0.00031422
 0.000847077
  0.00132353
  0.00173719
  0.00207795
  0.00233852
  0.00247601
  0.00247125
  0.00225974
  0.00181343
  0.00123668
  0.00054065
   0.0101536
   0.0196699
   0.0283944
   0.0364383
   0.0437158
   0.0502948
    0.056126
   0.0612415
   0.0656111
   0.0692491
   0.0721382
   0.0742906
   0.0757022
   0.0763916
   0.0763686
   0.0756581
    0.074283
   0.0722729
   0.0696619
   0.0664853
   0.0627867
   0.0586045
   0.0539898
   0.0489839
   0.0436425
   0.0380006
    0.032112
   0.0259968
   0.0197021
   0.0132503
  0.00668382
 -0.00245206
 -0.00455399
 -0.00626129
 -0.00761772
 -0.00861233
 -0.00928997
 -0.00966076
  -0.0097721
   -0.009645
 -0.00931859
 -0.00881665
 -0.00816909
 -0.00739889
 -0.00653027
  -0.0055843
 -0.00458282
   -0.003544
 -0.00249059
 -0.00143821
-0.000422528
 0.000537571
    0.001385
  0.00209198
  0.00264794
  0.00302415
  0.00319643
  0.00313235
  0.00281691
  0.00222795
  0.00149455
 0.000647666
  0.00807538
   0.0155965
   0.0224364
   0.0287269
   0.0344022
   0.0395366
   0.0440928
    0.048102
   0.0515394
   0.0544148
   0.0567121
   0.0584381
   0.0595868
   0.0601737
   0.0602058
   0.0597047
     0.05869
   0.0571847
   0.0552183
   0.0528072
   0.0499852
   0.0467574
   0.0431595
   0.0392292
   0.0350091
   0.0305323
   0.0258411
   0.0209552
   0.0159109
   0.0107209
  0.00541801
 -0.00287626
  -0.0053668
 -0.00742379
 -0.00908772
  -0.0103452
   -0.011233
  -0.0117592
  -0.0119692
  -0.0118851
  -0.0115483
  -0.0109874
  -0.0102345
 -0.00931864
 -0.00825909
 -0.00708098
 -0.00579978
 -0.00443507
 -0.00301322
 -0.00155308
-0.000125664
  0.00123611
  0.00241197
  0.00334845
  0.00403404
  0.00442092
  0.00451067
  0.00426547
  0.00373009
  0.00289433
  0.00191257
 0.000833217
  0.00570397
   0.0109565
   0.0156704
   0.0199982
   0.0238929
   0.0274313
   0.0305848
   0.0333807
   0.0357978
   0.0378402
   0.0394923
   0.0407543
   0.0416183
   0.0420948
   0.0421866
   0.0419103
   0.0412805
   0.0403127
   0.0390313
    0.037435
   0.0355499
   0.0333502
   0.0308583
   0.0281077
   0.0251273
   0.0219481
   0.0186005
   0.0151042
   0.0114863
  0.00775148
  0.00392354
 -0.00291164
 -0.00551593
 -0.00775913
 -0.00963597
  -0.0111285
  -0.0122468
  -0.0129961
  -0.0134029
  -0.0134877
  -0.0132825
  -0.0128159
  -0.0121187
  -0.0112222
  -0.0101521
 -0.00893869
 -0.00760708
 -0.00618666
 -0.00471099
 -0.00321252
 -0.00175183
-0.000371212
 0.000842323
  0.00184039
  0.00260023
  0.00308827
  0.00330087
  0.00322315
  0.00288693
  0.00230405
  0.00157244
 0.000739486
  0.00279504
  0.00539492
  0.00776556
  0.00996994
   0.0119833
     0.01384
   0.0155218
   0.0170381
   0.0183743
   0.0195282
   0.0204884
   0.0212513
   0.0218093
    0.022164
   0.0223135
   0.0222629
   0.0220166
   0.0215805
   0.0209646
   0.0201685
   0.0192046
   0.0180607
   0.0167486
   0.0152848
   0.0136847
   0.0119658
   0.0101456
  0.00823786
  0.00625993
  0.00421955
  0.00213279
 1.33819e-05
  2.6118e-05
 3.76342e-05
 4.75095e-05
 5.54798e-05
 6.14357e-05
 6.54012e-05
 6.74931e-05
 6.78849e-05
 6.67699e-05
 6.43409e-05
 6.07752e-05
 5.62335e-05
 5.08622e-05
 4.48033e-05
 3.82033e-05
 3.12246e-05
 2.40517e-05
 1.68948e-05
  9.9852e-06
 3.56655e-06
-2.12074e-06
-6.85918e-06
-1.04724e-05
-1.28459e-05
-1.39384e-05
-1.37869e-05
-1.25017e-05
-1.02537e-05
 -7.2581e-06
-3.75674e-06
-2.46585e-05
-4.93171e-05
-4.63603e-05
-4.34035e-05
-3.98652e-05
-3.63269e-05
-3.31352e-05
-2.99436e-05
-2.68085e-05
-2.36734e-05
-2.01199e-05
-1.65663e-05
-1.24832e-05
-8.40016e-06
 -4.3676e-06
-3.35028e-07
 2.75599e-06
 5.84702e-06
 6.93773e-06
 8.02845e-06
 8.24295e-06
 8.45744e-06
 9.58614e-06
 1.07148e-05
 1.06939e-05
  1.0673e-05
 8.83098e-06
 6.98896e-06
 3.15917e-06
 -6.7062e-07
 -3.3531e-07
