    0.098021
    0.195092
    0.290282
    0.382683
    0.471403
    0.555573
    0.634393
    0.707114
    0.773014
    0.831474
    0.881924
    0.923884
    0.956944
    0.980794
    0.995183
           1
    0.995183
    0.980793
    0.956943
    0.923883
    0.881922
    0.831472
    0.773012
    0.707112
    0.634391
    0.555571
    0.471401
     0.38268
     0.29028
     0.19509
   0.0980199
   -0.753223
    -1.50024
    -2.23379
    -2.94677
    -3.63223
     -4.2835
    -4.89424
    -5.45848
     -5.9707
    -6.42589
    -6.81959
    -7.14791
     -7.4076
     -7.5961
     -7.7115
    -7.75262
    -7.71897
    -7.61084
    -7.42918
    -7.17569
    -6.85275
    -6.46344
    -6.01146
    -5.50113
    -4.93733
    -4.32547
    -3.67143
    -2.98161
     -2.2626
    -1.52122
    -0.76459
   0.0953864
    0.189865
    0.282525
    0.372476
     0.45885
    0.540814
    0.617578
    0.688402
    0.752603
    0.809562
    0.858728
    0.899629
    0.931868
    0.955135
    0.969203
    0.973938
    0.969291
    0.955309
    0.932123
    0.899957
    0.859119
    0.810003
    0.753081
    0.688901
    0.618081
    0.541305
    0.459311
    0.372886
    0.282863
    0.190109
   0.0955182
   -0.734328
    -1.46256
    -2.17762
    -2.87256
    -3.54063
    -4.17533
    -4.77046
    -5.32022
    -5.81924
    -6.26263
    -6.64605
    -6.96573
     -7.2185
    -7.40188
    -7.51401
    -7.55374
    -7.52063
    -7.41494
    -7.23762
    -6.99033
     -6.6754
    -6.29584
    -5.85529
    -5.35806
    -4.80887
    -4.21291
    -3.57589
    -2.90397
    -2.20361
     -1.4815
   -0.744595
   0.0927737
    0.184679
    0.274828
    0.362354
     0.44641
    0.526186
    0.600911
    0.669865
    0.732381
    0.787854
     0.83575
    0.875604
    0.907031
    0.929726
    0.943468
    0.948124
    0.943647
    0.930078
    0.907547
    0.876268
    0.836541
    0.788749
     0.73335
    0.670877
    0.601933
    0.527185
     0.44735
    0.363192
    0.275521
    0.185182
   0.0930457
   -0.715739
    -1.42546
    -2.12228
    -2.79943
    -3.45031
     -4.0686
    -4.64827
    -5.18367
    -5.66958
    -6.10125
    -6.47445
    -6.78552
    -7.03139
    -7.20965
    -7.31849
    -7.35682
    -7.32421
    -7.22093
     -7.0479
    -6.80678
    -6.49981
    -6.12994
    -5.70075
    -5.21648
    -4.68173
    -4.10147
    -3.48125
    -2.82705
    -2.14514
    -1.44213
   -0.724768
   0.0901909
    0.179549
    0.267212
    0.352334
    0.434092
    0.511697
    0.584399
    0.651495
    0.712336
    0.766333
    0.812963
    0.851773
    0.882387
    0.904507
    0.917916
    0.922482
    0.918157
     0.90498
    0.883074
    0.852645
    0.813986
    0.767466
    0.713533
      0.6527
    0.585558
    0.512776
    0.435061
    0.353173
    0.267906
    0.180081
   0.0905187
   -0.697396
    -1.38883
    -2.06758
    -2.72706
    -3.36088
    -3.96285
    -4.52714
    -5.04826
    -5.52111
     -5.9411
    -6.30411
    -6.60659
    -6.84557
     -7.0187
    -7.12425
    -7.16115
      -7.129
    -7.02808
    -6.85934
    -6.62443
    -6.32556
    -5.96551
    -5.54773
     -5.0763
    -4.55571
    -3.99088
    -3.38723
    -2.75056
    -2.08701
    -1.40299
   -0.705069
   0.0876346
    0.174471
    0.259671
     0.34241
     0.42189
    0.497341
    0.568034
    0.633283
    0.692457
    0.744982
    0.790347
    0.828112
    0.857907
    0.879442
    0.892504
    0.896961
    0.892767
    0.879954
    0.858642
    0.829028
    0.791397
    0.746111
    0.693604
    0.634374
    0.569006
    0.498171
    0.422571
    0.342965
    0.260132
    0.174867
   0.0879364
   -0.679184
    -1.35244
    -2.01325
    -2.65519
    -3.27205
    -3.85784
    -4.40686
     -4.9138
     -5.3737
     -5.7821
    -6.13502
      -6.429
    -6.66117
    -6.82924
    -6.93155
    -6.96708
    -6.93543
     -6.8369
    -6.67242
    -6.44366
    -6.15277
     -5.8024
    -5.39589
    -4.93715
    -4.43057
    -3.88103
     -3.2938
    -2.67454
    -2.02923
    -1.36407
   -0.685478
   0.0850949
    0.169426
    0.252178
    0.332549
    0.409762
    0.483068
    0.551758
    0.615163
    0.672667
    0.723711
    0.767797
    0.804492
    0.833434
    0.854338
    0.866992
    0.871267
    0.867116
     0.85458
    0.833776
    0.804907
    0.768254
     0.72418
    0.673113
    0.615548
    0.552058
    0.483287
    0.409921
    0.332689
     0.25235
     0.16966
    0.085344
   -0.660942
    -1.31603
     -1.9589
    -2.58334
     -3.1833
    -3.75295
    -4.28678
     -4.7796
    -5.22663
    -5.62352
     -5.9664
    -6.25195
    -6.47737
    -6.64046
    -6.73961
    -6.77389
    -6.74291
    -6.64691
    -6.48679
    -6.26412
    -5.98101
    -5.64009
    -5.24464
    -4.79846
    -4.30584
    -3.77153
    -3.20066
    -2.59875
    -1.97159
    -1.32524
   -0.665929
   0.0825643
    0.164399
    0.244709
    0.322716
    0.397664
    0.468824
    0.535503
    0.597052
     0.65287
    0.702411
    0.745187
    0.780775
    0.808822
    0.829044
    0.841235
    0.845268
    0.841101
    0.828784
    0.808438
    0.780278
    0.744583
    0.701718
     0.65211
    0.596252
    0.534698
    0.468062
    0.397003
    0.322218
    0.244434
    0.164373
   0.0827146
   -0.642711
    -1.27963
    -1.90458
    -2.51153
    -3.09459
    -3.64813
    -4.16678
    -4.64552
    -5.07969
     -5.4651
    -5.79799
    -6.07513
    -6.29381
    -6.45191
    -6.54791
     -6.5809
    -6.55053
      -6.457
    -6.30117
    -6.08453
    -5.80916
    -5.47767
    -5.09328
    -4.65966
    -4.18101
    -3.66194
    -3.10745
     -2.5229
    -1.91393
     -1.2864
   -0.646377
   0.0800265
    0.159355
    0.237211
    0.312838
    0.385496
    0.454476
    0.519102
    0.578741
    0.632803
    0.680757
    0.722128
    0.756508
     0.78356
    0.803028
    0.814717
    0.818508
    0.814364
    0.802337
    0.782552
    0.755214
    0.720602
    0.679069
    0.631031
    0.576966
     0.51741
    0.452948
    0.384215
    0.311875
    0.236622
    0.159143
   0.0800927
    -0.62438
    -1.24304
       -1.85
     -2.4394
    -3.00554
    -3.54294
     -4.0464
    -4.51105
    -4.93239
    -5.30634
    -5.62928
    -5.89808
    -6.11012
    -6.26332
    -6.35619
    -6.38785
    -6.35796
    -6.26677
    -6.11512
    -5.90448
    -5.63686
    -5.31486
    -4.94155
    -4.52056
    -4.05593
    -3.55215
     -3.0141
    -2.44696
     -1.8562
    -1.24753
   -0.626815
    0.077451
    0.154235
    0.229597
    0.302799
     0.37312
    0.439868
    0.502382
    0.560045
    0.612284
    0.658581
    0.698477
    0.731584
    0.757587
    0.776264
    0.787435
    0.790991
    0.786903
    0.775219
    0.756065
    0.729635
    0.696199
    0.656092
    0.609714
    0.557522
     0.50003
    0.437796
    0.371425
    0.301551
    0.228836
    0.153936
   0.0774824
   -0.605959
    -1.20628
    -1.79517
    -2.36695
    -2.91608
    -3.43728
    -3.92549
      -4.376
    -4.78445
    -5.14689
    -5.45982
    -5.72022
    -5.92558
    -6.07385
    -6.16359
    -6.19392
    -6.16455
    -6.07573
    -5.92833
    -5.72376
      -5.464
    -5.15155
    -4.78943
    -4.38114
    -3.93061
    -3.44221
    -2.92065
    -2.37096
    -1.79846
    -1.20867
   -0.607265
    0.074764
    0.148893
    0.221648
     0.29231
    0.360177
     0.42458
    0.484883
    0.540497
    0.590869
    0.635502
    0.673957
    0.705869
    0.730935
    0.748933
    0.759697
    0.763126
    0.759196
    0.747954
     0.72952
     0.70408
    0.671891
    0.633273
    0.588606
    0.538324
    0.482916
    0.422911
    0.358885
     0.29144
    0.221209
    0.148823
   0.0749045
   -0.587415
    -1.16929
    -1.74002
    -2.29409
    -2.82615
    -3.33108
      -3.804
    -4.24033
    -4.63586
    -4.98678
    -5.28968
    -5.54165
    -5.74024
    -5.88353
    -5.97011
    -5.99916
    -5.97037
    -5.88404
    -5.74099
     -5.5426
     -5.2908
    -4.98801
    -4.63716
    -4.24165
     -3.8053
    -3.33232
    -2.82729
    -2.29508
    -1.74084
    -1.16991
   -0.587776
   0.0719331
    0.143269
    0.213288
     0.28129
    0.346595
    0.408561
    0.466576
    0.520087
    0.568565
    0.611533
    0.648576
    0.679345
    0.703549
    0.720959
    0.731415
     0.73482
    0.731153
    0.720452
    0.702833
    0.678468
    0.647603
    0.610537
    0.567632
    0.519296
    0.465991
     0.40822
    0.346528
     0.28149
    0.213708
    0.143797
   0.0723687
   -0.568705
    -1.13198
    -1.68441
    -2.22065
    -2.73554
    -3.22412
    -3.68167
    -4.10378
    -4.48637
    -4.82575
    -5.11865
    -5.36223
    -5.55414
    -5.69253
    -5.77606
    -5.80392
    -5.77586
    -5.69213
    -5.55355
    -5.36147
    -5.11773
     -4.8247
    -4.48521
    -4.10255
    -3.68041
    -3.22288
    -2.73437
    -2.21961
    -1.68356
     -1.1314
   -0.568421
   0.0688728
    0.137234
    0.204385
    0.269645
    0.332354
    0.391876
    0.447627
    0.499077
    0.545721
    0.587101
    0.622816
    0.652526
    0.675946
    0.692852
    0.703087
    0.706553
    0.703225
    0.693135
    0.676386
     0.65314
    0.623623
    0.588118
    0.546965
     0.50055
    0.449313
    0.393733
    0.334328
    0.271651
     0.20628
    0.138814
   0.0698578
   -0.549898
    -1.09449
    -1.62852
    -2.14686
    -2.64452
     -3.1167
    -3.55886
    -3.96673
    -4.33639
    -4.66427
    -4.94721
    -5.18248
    -5.36782
    -5.50143
    -5.58204
    -5.60886
    -5.58164
    -5.50065
    -5.36667
    -5.18099
    -4.94541
    -4.66222
    -4.33414
    -3.96435
    -3.55643
    -3.11431
    -2.64226
    -2.14484
    -1.62685
    -1.09328
   -0.549268
   0.0656454
    0.130887
    0.195052
    0.257486
    0.317546
    0.374603
    0.428094
    0.477512
    0.522372
    0.562228
    0.596692
    0.625425
    0.648148
    0.664639
    0.674738
    0.678348
    0.675434
    0.666018
    0.650192
    0.628103
    0.599959
    0.566024
    0.526618
    0.482109
    0.432912
    0.379486
    0.322327
    0.261967
    0.198965
    0.133904
   0.0673813
   -0.530983
     -1.0568
    -1.57241
    -2.07283
    -2.55327
    -3.00909
    -3.43592
    -3.82966
    -4.18649
    -4.50299
    -4.77611
    -5.00322
    -5.18213
    -5.31111
    -5.38893
    -5.41484
    -5.38859
    -5.31043
    -5.18112
    -5.00191
    -4.77453
    -4.50118
     -4.1845
    -3.82755
    -3.43376
    -3.00694
    -2.55121
    -2.07097
    -1.57085
    -1.05566
   -0.530369
   0.0623974
    0.124491
    0.185641
    0.245218
    0.302606
    0.357209
    0.408477
    0.455908
    0.499028
    0.537405
    0.570657
    0.598451
    0.620512
    0.636616
    0.646602
    0.650367
    0.647869
    0.639123
    0.624206
    0.603253
    0.576457
    0.544066
    0.506381
    0.463752
    0.416574
    0.365285
    0.310361
     0.25231
    0.191672
    0.129014
   0.0649225
   -0.512055
    -1.01913
    -1.51634
    -1.99893
    -2.46224
    -2.90184
    -3.31349
    -3.69323
    -4.03741
    -4.34271
    -4.60619
     -4.8253
    -4.99795
    -5.12246
    -5.19763
    -5.22274
    -5.19755
    -5.12229
     -4.9977
    -4.82497
    -4.60578
    -4.34223
    -4.03687
    -3.69264
    -3.31286
    -2.90118
    -2.46157
    -1.99826
    -1.51572
    -1.01862
   -0.511757
   0.0591284
    0.118059
    0.176186
    0.232903
    0.287629
    0.339796
    0.388871
     0.43435
    0.475771
     0.51271
     0.54479
    0.571683
    0.593112
    0.608855
    0.618747
    0.622677
    0.620597
    0.612514
    0.598493
    0.578657
    0.553186
    0.522312
     0.48632
    0.445542
    0.400356
    0.351179
    0.298467
    0.242706
    0.184417
    0.124148
   0.0624756
   -0.493242
   -0.981703
     -1.4607
    -1.92564
    -2.37205
    -2.79564
    -3.19234
    -3.55833
    -3.89007
    -4.18438
    -4.43842
    -4.64972
    -4.81626
    -4.93642
    -5.00903
     -5.0334
    -5.00929
    -4.93692
      -4.817
    -4.65067
    -4.43954
    -4.18565
    -3.89143
    -3.55973
    -3.19373
    -2.79696
    -2.37323
    -1.92661
    -1.46141
   -0.982141
   -0.493429
    0.055953
    0.111793
    0.166947
    0.220845
    0.272931
    0.322664
    0.369528
    0.413035
    0.452735
    0.488213
    0.519099
    0.545067
    0.565844
    0.581208
    0.590988
    0.595072
    0.593402
    0.585979
    0.572856
    0.554143
    0.530003
     0.50065
    0.466351
    0.427419
    0.384216
    0.337146
    0.286642
    0.233165
    0.177215
    0.119321
   0.0600475
   -0.474652
   -0.944761
    -1.40582
    -1.85342
    -2.28324
    -2.69114
    -3.07321
    -3.42575
    -3.74536
    -4.02895
    -4.27377
    -4.47746
    -4.63804
    -4.75396
    -4.82408
    -4.84774
    -4.82469
    -4.75515
    -4.63979
    -4.47971
    -4.27646
    -4.03199
    -3.74866
    -3.42919
    -3.07666
    -2.69447
    -2.28631
    -1.85609
    -1.40796
    -0.94626
   -0.475428
   0.0528617
    0.105683
    0.157927
    0.209052
    0.258531
    0.305847
    0.350506
    0.392037
    0.430004
    0.464003
    0.493672
    0.518693
    0.538794
    0.553752
    0.563397
    0.567613
    0.566335
    0.559556
    0.547319
    0.529719
    0.506904
    0.479066
    0.446455
    0.409365
    0.368139
     0.32317
     0.27487
     0.22367
     0.17005
    0.114521
   0.0576339
   -0.456393
   -0.908507
    -1.35202
    -1.78266
    -2.19629
    -2.58891
    -2.95672
    -3.29616
    -3.60395
    -3.87708
    -4.11292
    -4.30916
    -4.46392
    -4.57567
    -4.64333
    -4.66625
    -4.64421
     -4.5774
    -4.46647
    -4.31248
    -4.11691
    -3.88165
    -3.60897
    -3.30148
    -2.96214
    -2.59424
    -2.20132
    -1.78715
    -1.35573
   -0.911207
   -0.457849
    0.049819
   0.0996621
    0.149024
    0.197398
    0.244283
    0.289191
    0.331649
    0.371209
    0.407449
    0.439982
    0.468457
    0.492564
    0.512036
    0.526652
     0.53624
    0.540676
    0.539892
    0.533871
    0.522649
    0.506301
    0.484945
    0.458702
    0.427799
    0.392526
    0.353203
    0.310206
     0.26393
     0.21481
    0.163314
    0.109965
   0.0553166
   -0.438493
    -0.87306
    -1.29953
    -1.71376
    -2.11173
    -2.48955
    -2.84356
    -3.17031
    -3.46662
    -3.72959
    -3.95666
    -4.14562
    -4.29464
    -4.40225
    -4.46743
    -4.48954
    -4.46838
    -4.40415
    -4.29747
    -4.14937
    -3.96126
    -3.73497
    -3.47267
    -3.17688
    -2.85045
    -2.49653
    -2.11851
    -1.72003
    -1.30491
   -0.877121
   -0.440767
   0.0468634
   0.0938023
    0.140344
    0.186017
     0.23035
    0.272882
    0.313167
     0.35078
    0.385318
    0.416413
    0.443727
     0.46696
    0.485852
    0.500183
     0.50978
    0.514509
    0.514296
    0.509113
    0.498981
    0.483955
    0.464108
    0.439488
    0.410289
    0.376796
    0.339304
    0.298177
    0.253795
    0.206604
    0.157067
    0.105733
   0.0531572
   -0.421331
   -0.839047
    -1.24911
    -1.64747
    -2.03026
     -2.3937
    -2.73426
     -3.0486
    -3.33367
    -3.58668
    -3.80517
      -3.987
    -4.13041
      -4.234
    -4.29676
    -4.31813
    -4.29788
    -4.23621
    -4.13371
    -3.99137
    -3.81056
      -3.593
     -3.3408
    -3.05638
    -2.74246
    -2.40207
    -2.03847
    -1.65515
    -1.25578
   -0.844167
   -0.424248
   0.0441076
   0.0883334
    0.132244
     0.17541
    0.217395
    0.257767
    0.296105
    0.331992
    0.365039
    0.394873
    0.421163
     0.44362
    0.461983
    0.476035
    0.485594
    0.490523
     0.49073
    0.486173
     0.47685
    0.462799
    0.444084
    0.420775
    0.393048
    0.361154
    0.325371
    0.286044
    0.243543
    0.198303
    0.150782
    0.101514
   0.0510428
   -0.405225
   -0.806944
    -1.20127
     -1.5843
    -1.95232
    -2.30171
    -2.62907
    -2.93122
    -3.20521
    -3.44842
    -3.65846
     -3.8333
    -3.97125
    -4.07095
    -4.13145
    -4.15216
    -4.13287
    -4.07376
    -3.97539
     -3.8387
    -3.66499
    -3.45593
    -3.21352
    -2.94009
    -2.63826
    -2.31093
    -1.96123
    -1.59251
    -1.20831
   -0.812288
   -0.408238
   0.0416825
   0.0835046
    0.125075
    0.166008
    0.205904
     0.24436
    0.280975
    0.315338
    0.347069
    0.375781
    0.401151
     0.42289
    0.440738
    0.454476
    0.463917
    0.468917
    0.469374
    0.465232
    0.456475
    0.443134
    0.425277
    0.403021
    0.376531
    0.346034
    0.311796
    0.274143
    0.233433
    0.190086
    0.144544
   0.0973225
   0.0489426
   -0.389604
    -0.77581
    -1.15487
    -1.52307
    -1.87681
    -2.21264
    -2.52728
     -2.8177
    -3.08106
    -3.31485
    -3.51679
    -3.68493
    -3.81762
    -3.91358
    -3.97186
    -3.99189
    -3.97346
    -3.91674
    -3.82226
    -3.69093
    -3.52399
    -3.32305
    -3.09003
    -2.82716
    -2.53697
    -2.22224
    -1.88599
    -1.53144
    -1.16198
    -0.78115
   -0.392588
   0.0399288
   0.0799505
    0.119705
    0.158819
    0.196921
    0.233641
    0.268602
    0.301425
    0.331747
    0.359212
    0.383502
    0.404336
    0.421457
     0.43465
    0.443728
     0.44855
    0.449011
    0.445055
    0.436663
    0.423869
    0.406742
    0.385406
    0.360026
    0.330824
    0.298058
    0.262042
    0.223123
    0.181698
     0.13819
   0.0930742
   0.0468345
   -0.374327
   -0.745373
    -1.10954
    -1.46329
    -1.80318
     -2.1259
     -2.4283
    -2.70746
    -2.96065
    -3.18543
     -3.3796
    -3.54128
    -3.66888
    -3.76116
    -3.81722
    -3.83649
    -3.81877
    -3.76424
     -3.6734
    -3.54713
    -3.38663
    -3.19345
    -2.96944
    -2.71675
    -2.43781
    -2.13531
    -1.81215
    -1.47143
    -1.11641
   -0.750491
   -0.377167
   0.0387827
   0.0775619
    0.115994
    0.153705
    0.190343
    0.225569
    0.259029
    0.290385
    0.319298
    0.345452
    0.368548
     0.38832
    0.404523
    0.416954
    0.425436
     0.42984
    0.430064
    0.426061
    0.417817
     0.40537
    0.388796
    0.368222
    0.343815
    0.315792
    0.284408
    0.249964
    0.212794
    0.173271
    0.131795
   0.0887937
     0.04471
   -0.359553
   -0.715927
    -1.06567
    -1.40542
    -1.73187
    -2.04184
    -2.33232
    -2.60047
    -2.84369
    -3.05959
    -3.24608
    -3.40133
    -3.52382
    -3.61236
    -3.66607
    -3.68442
    -3.66724
    -3.61468
    -3.52725
    -3.40578
    -3.25146
    -3.06576
     -2.8505
    -2.60773
    -2.33981
    -2.04931
    -1.73904
    -1.41197
    -1.07123
   -0.720086
   -0.361873
   0.0381798
   0.0761324
    0.113532
    0.150074
    0.185427
    0.219292
    0.251341
    0.281273
    0.308779
    0.333575
    0.355387
    0.373976
    0.389117
    0.400629
    0.408351
    0.412169
    0.411999
    0.407803
    0.399579
    0.387374
     0.37127
    0.351398
    0.327924
    0.301061
    0.271053
     0.23818
    0.202754
    0.165107
    0.125609
   0.0846487
   0.0426368
   -0.345109
   -0.687198
    -1.02295
    -1.34909
    -1.66247
       -1.96
     -2.2388
    -2.49614
    -2.72951
    -2.93662
    -3.11546
    -3.26427
     -3.3816
    -3.46631
    -3.51756
    -3.53486
    -3.51805
    -3.46727
    -3.38304
    -3.26617
     -3.1178
    -2.93939
    -2.73265
     -2.4996
    -2.24249
    -1.96382
    -1.66629
    -1.35276
    -1.02626
   -0.689846
   -0.346704
   0.0379439
   0.0754058
    0.112066
    0.147686
    0.181956
    0.214617
    0.245369
     0.27395
     0.30008
    0.323513
    0.344005
    0.361344
    0.375336
    0.385822
    0.392667
    0.395777
    0.395088
    0.390579
    0.382262
    0.370194
    0.354466
    0.335212
      0.3126
    0.286832
    0.258142
    0.226785
    0.193047
    0.157216
     0.11963
   0.0806413
   0.0406304
   -0.330987
   -0.659079
   -0.981085
    -1.29386
    -1.59434
     -1.8796
    -2.14685
    -2.39347
    -2.61706
    -2.81543
    -2.98664
    -3.12903
     -3.2412
    -3.32207
    -3.37085
    -3.38707
    -3.37058
    -3.32155
    -3.24047
    -3.12815
    -2.98569
    -2.81449
    -2.61622
    -2.39283
    -2.14647
    -1.87954
    -1.59463
    -1.29451
   -0.982048
   -0.660148
   -0.331817
   0.0376375
   0.0746218
     0.11062
    0.145418
    0.178717
    0.210289
     0.23986
    0.267196
    0.292051
    0.314209
    0.333457
    0.349616
     0.36252
    0.372039
    0.378065
    0.380528
    0.379384
    0.374629
    0.366287
    0.354416
    0.339108
    0.320482
    0.298699
    0.273944
    0.246439
    0.216423
    0.184165
    0.149943
    0.114073
   0.0768863
    0.038738
   -0.317168
   -0.631511
   -0.939967
    -1.23952
    -1.52725
    -1.80034
    -2.05613
    -2.29211
    -2.50599
    -2.69568
    -2.85932
    -2.99534
     -3.1024
    -3.17947
    -3.22581
    -3.24098
    -3.22485
    -3.17757
    -3.09965
    -2.99185
    -2.85525
    -2.69125
    -2.50145
    -2.28771
    -2.05211
    -1.79691
    -1.52458
    -1.23772
   -0.939051
   -0.631319
   -0.317376
   0.0372635
   0.0737333
    0.109064
    0.143064
    0.175441
    0.205993
    0.234464
    0.260651
    0.284332
    0.305321
    0.323436
    0.338525
    0.350452
    0.359114
    0.364428
    0.366345
    0.364844
    0.359928
    0.351634
    0.340013
    0.325155
    0.307156
    0.286166
    0.262353
    0.235926
    0.207113
    0.176173
    0.143382
    0.109044
   0.0734755
   0.0370127
   -0.303479
     -0.6042
    -0.89923
    -1.18569
    -1.46079
    -1.72183
    -1.96629
    -2.19177
    -2.39609
    -2.57725
     -2.7335
    -2.86332
    -2.96547
    -3.03895
    -3.08308
    -3.09743
    -3.08189
    -3.03661
    -2.96206
    -2.85898
    -2.72841
    -2.57168
    -2.39034
    -2.18616
    -1.96112
    -1.71735
    -1.45722
    -1.18316
   -0.897771
   -0.603652
   -0.303518
   0.0364766
   0.0721374
    0.106621
     0.13973
    0.171173
    0.200757
    0.228239
    0.253432
    0.276135
     0.29618
     0.31341
     0.32769
    0.338907
    0.346968
    0.351808
    0.353381
    0.351675
    0.346699
    0.338491
    0.327106
    0.312631
    0.295166
    0.274855
    0.251862
    0.226384
    0.198646
    0.168896
    0.137403
    0.104459
   0.0703673
   0.0354426
   -0.289918
    -0.57714
   -0.858865
    -1.13236
    -1.39495
     -1.6441
    -1.87739
    -2.09254
    -2.28748
    -2.46031
    -2.60937
    -2.73321
    -2.83065
    -2.90077
    -2.94291
    -2.95671
    -2.94205
    -2.89909
    -2.82825
    -2.73022
    -2.60596
    -2.45668
    -2.28384
     -2.0891
    -1.87435
    -1.64161
    -1.39314
    -1.13127
   -0.858488
    -0.57729
   -0.290284
   0.0353533
   0.0699214
    0.103338
    0.135403
     0.16583
    0.194427
    0.220964
     0.24526
    0.267127
     0.28641
    0.302964
    0.316665
    0.327409
    0.335103
    0.339689
    0.341116
    0.339373
    0.334466
    0.326432
    0.315329
    0.301246
    0.284291
    0.264605
    0.242355
    0.217735
    0.190965
    0.162288
    0.131968
    0.100288
   0.0675361
   0.0340114
   -0.276481
   -0.550349
   -0.818937
    -1.07966
    -1.32998
    -1.56748
    -1.78988
    -1.99502
    -2.18093
    -2.34581
    -2.48808
    -2.60636
    -2.69952
    -2.76668
     -2.8072
    -2.82075
    -2.80721
    -2.76671
    -2.69964
    -2.60661
    -2.48852
    -2.34648
    -2.18185
    -1.99621
    -1.79133
    -1.56917
    -1.33186
    -1.08166
   -0.820924
   -0.552078
   -0.277622
    0.033769
   0.0669008
   0.0990293
    0.129922
    0.159291
    0.186927
    0.212599
    0.236117
    0.257297
    0.275986
    0.292043
    0.305341
    0.315779
    0.323261
    0.327728
    0.329129
    0.327452
    0.322702
    0.314915
    0.304149
    0.290495
    0.274063
    0.254998
    0.233467
    0.209667
    0.183813
    0.156149
    0.126929
   0.0964302
   0.0649239
   0.0326936
   -0.263159
   -0.523823
   -0.779462
    -1.02763
    -1.26592
    -1.49207
    -1.70388
    -1.89935
    -2.07659
    -2.23394
    -2.36988
    -2.48311
    -2.57252
    -2.63723
    -2.67663
    -2.69032
    -2.67817
    -2.64026
    -2.57693
    -2.48877
     -2.3766
    -2.24147
    -2.08467
    -1.90769
    -1.71222
    -1.50013
    -1.27344
    -1.03432
   -0.785047
   -0.527953
   -0.265468
   0.0318686
   0.0632898
     0.09391
    0.123469
     0.15168
    0.178308
    0.203118
      0.2259
    0.246469
    0.264665
    0.280341
    0.293363
    0.303623
    0.311018
    0.315485
    0.316971
    0.315461
    0.310957
    0.303494
    0.293131
    0.279956
    0.264087
    0.245668
    0.224869
    0.201888
    0.176941
    0.150268
    0.122117
   0.0927568
   0.0624438
   0.0314461
   -0.250138
   -0.497935
   -0.741006
    -0.97705
    -1.20379
    -1.41908
    -1.62083
    -1.80713
     -1.9762
    -2.12645
    -2.25643
    -2.36488
    -2.45073
    -2.51311
    -2.55139
    -2.56517
    -2.55427
    -2.51876
    -2.45895
    -2.37537
    -2.26881
    -2.14026
    -1.99093
    -1.82223
    -1.63578
    -1.43336
     -1.2169
   -0.988477
   -0.750274
   -0.504557
   -0.253675
   0.0298423
    0.059409
   0.0883721
    0.116467
    0.143413
    0.168958
     0.19286
    0.214892
    0.234857
    0.252576
    0.267891
    0.280661
    0.290768
    0.298108
    0.302612
    0.304228
    0.302937
    0.298741
    0.291674
    0.281795
    0.269191
    0.253977
    0.236296
    0.216313
    0.194223
    0.170234
    0.144579
    0.117499
   0.0892507
   0.0600819
   0.0302527
   -0.237265
   -0.472457
   -0.703334
   -0.927726
    -1.14348
    -1.34853
    -1.54089
     -1.7187
    -1.88022
    -2.02391
    -2.14834
    -2.25227
    -2.33469
    -2.39474
    -2.43181
    -2.44548
    -2.43561
    -2.40222
    -2.34562
    -2.26629
    -2.16499
    -2.04263
    -1.90037
    -1.73956
    -1.56172
    -1.36856
    -1.16194
   -0.943833
   -0.716356
   -0.481705
   -0.242147
   0.0277238
   0.0553385
   0.0825445
    0.109077
    0.134664
    0.159041
    0.181961
    0.203181
    0.222489
    0.239688
     0.25461
    0.267102
     0.27704
     0.28432
    0.288865
    0.290625
    0.289579
     0.28573
    0.279111
    0.269779
     0.25782
    0.243343
    0.226486
    0.207407
    0.186292
     0.16334
    0.138772
    0.112817
   0.0857184
   0.0577168
   0.0290641
   -0.225022
    -0.44823
   -0.667511
   -0.880805
    -1.08606
     -1.2813
     -1.4646
    -1.63417
    -1.78833
    -1.92555
    -2.04446
    -2.14387
    -2.22278
    -2.28037
    -2.31606
    -2.32945
    -2.32037
    -2.28887
    -2.23521
    -2.15987
    -2.06354
     -1.9471
    -1.81166
    -1.65847
    -1.48901
     -1.3049
     -1.1079
   -0.899927
   -0.682993
   -0.459225
   -0.230808
   0.0256157
   0.0512745
   0.0767031
    0.101619
    0.125761
    0.148859
    0.170669
    0.190945
    0.209475
    0.226054
     0.24051
    0.252685
    0.262451
    0.269697
    0.274345
    0.276337
    0.275647
    0.272272
    0.266241
    0.257602
    0.246434
    0.232835
    0.216933
     0.19887
    0.178817
    0.156951
    0.133474
    0.108595
   0.0825439
   0.0555703
    0.027947
   -0.213457
   -0.425397
   -0.633811
    -0.83666
    -1.03198
    -1.21782
    -1.39237
    -1.55388
    -1.70075
     -1.8315
    -1.94484
    -2.03962
    -2.11489
    -2.16986
    -2.20397
    -2.21684
    -2.20831
    -2.17842
    -2.12742
    -2.05576
    -1.96411
     -1.8533
     -1.7244
     -1.5786
    -1.41731
    -1.24207
    -1.05457
   -0.856607
   -0.650109
   -0.437094
   -0.219658
   0.0234917
   0.0471648
   0.0707697
   0.0940045
    0.116619
    0.138341
    0.158935
    0.178159
    0.195806
    0.211672
    0.225587
    0.237391
    0.246956
    0.254167
    0.258943
    0.261218
     0.26096
    0.258155
    0.252821
    0.244993
     0.23474
    0.222141
    0.207309
    0.190364
    0.171455
    0.150734
     0.12838
     0.10458
   0.0795511
   0.0535576
   0.0268998
   -0.202367
   -0.403478
    -0.60141
   -0.794139
   -0.979786
    -1.15646
    -1.32242
    -1.47599
    -1.61566
    -1.74001
    -1.84781
    -1.93796
    -2.00956
    -2.06187
    -2.09435
    -2.10664
    -2.09858
    -2.07022
    -2.02179
    -1.95372
    -1.86664
    -1.76136
    -1.63887
    -1.50033
    -1.34705
    -1.18051
     -1.0023
    -0.81415
   -0.617871
   -0.415392
   -0.208723
   0.0213767
   0.0430554
   0.0648127
   0.0863465
    0.107421
    0.127764
    0.147149
    0.165336
    0.182122
    0.197306
    0.210717
    0.222196
    0.231611
    0.238845
    0.243811
    0.246435
    0.246678
    0.244513
    0.239946
    0.232993
    0.223702
    0.212126
    0.198351
    0.182468
    0.164602
    0.144901
    0.123529
    0.100687
   0.0765939
   0.0515479
   0.0258658
   -0.192018
   -0.382851
   -0.570675
    -0.75356
    -0.92972
    -1.09736
    -1.25482
    -1.40052
    -1.53301
    -1.65096
     -1.7532
    -1.83868
    -1.90656
    -1.95614
     -1.9869
    -1.99852
    -1.99085
    -1.96393
      -1.918
    -1.85346
     -1.7709
    -1.67109
    -1.55495
    -1.42356
    -1.27817
    -1.12016
   -0.951044
   -0.772478
   -0.586193
   -0.394048
   -0.197965
   0.0192177
   0.0388652
   0.0587449
   0.0785559
   0.0980782
     0.11704
    0.135224
    0.152393
    0.168349
    0.182889
    0.195845
    0.207053
    0.216378
    0.223698
    0.228918
    0.231958
    0.232764
    0.231297
    0.227545
    0.221504
    0.213197
    0.202649
    0.189915
    0.175058
    0.158181
    0.139434
    0.118971
   0.0970131
   0.0737886
   0.0496329
    0.024878
   -0.181928
   -0.362737
   -0.540698
   -0.713971
   -0.880864
    -1.03967
    -1.18882
    -1.32682
    -1.45229
    -1.56397
    -1.66075
    -1.74166
    -1.80589
    -1.85278
    -1.88185
    -1.89279
    -1.88546
    -1.85992
    -1.81637
    -1.75521
    -1.67701
    -1.58248
    -1.47249
    -1.34805
    -1.21033
    -1.06066
   -0.900476
   -0.731343
   -0.554911
   -0.372968
   -0.187342
   0.0172996
   0.0351051
    0.053248
   0.0714432
   0.0894882
    0.107121
    0.124136
      0.1403
    0.155422
    0.169303
    0.181774
    0.192672
    0.201856
    0.209199
    0.214597
    0.217954
    0.219204
    0.218288
    0.215177
    0.209858
    0.202335
    0.192627
    0.180777
    0.166848
    0.150933
    0.133173
     0.11372
   0.0927909
   0.0706147
   0.0475189
   0.0238293
   -0.172142
     -0.3432
   -0.511538
   -0.675422
   -0.833251
   -0.983416
    -1.12443
    -1.25489
    -1.37348
    -1.47902
    -1.57046
     -1.6469
    -1.70755
    -1.75182
    -1.77923
    -1.78951
     -1.7825
    -1.75826
    -1.71697
    -1.65902
    -1.58495
    -1.49543
    -1.39131
    -1.27357
    -1.14331
     -1.0018
   -0.850385
   -0.690574
   -0.523923
   -0.352117
    -0.17687
   0.0155145
   0.0316066
   0.0481301
   0.0648119
   0.0814647
   0.0978355
    0.113727
    0.128915
    0.143211
    0.156423
     0.16838
    0.178921
    0.187903
    0.195191
    0.200673
    0.204243
    0.205817
    0.205326
    0.202724
    0.197994
    0.191129
    0.182152
    0.171099
    0.158044
    0.143073
    0.126319
    0.107931
   0.0881157
   0.0670933
   0.0451742
   0.0226688
   -0.162619
     -0.3242
   -0.483199
   -0.637983
   -0.787035
   -0.928833
    -1.06197
    -1.18511
    -1.29701
    -1.39657
    -1.48278
    -1.55481
    -1.61192
    -1.65354
    -1.67926
    -1.68878
    -1.68201
    -1.65895
     -1.6198
    -1.56494
    -1.49486
    -1.41024
    -1.31187
    -1.20068
    -1.07774
    -0.94423
   -0.801431
   -0.650758
   -0.493681
   -0.331785
   -0.166667
   0.0142453
   0.0289807
   0.0440886
   0.0593572
   0.0746202
   0.0896646
    0.104309
    0.118356
    0.131633
    0.143968
    0.155204
    0.165189
    0.173779
    0.180829
    0.186217
    0.189833
    0.191586
    0.191404
    0.189234
    0.185054
    0.178852
    0.170647
    0.160471
    0.148391
    0.134488
    0.118879
    0.101696
   0.0831214
   0.0633569
   0.0426942
   0.0214332
   -0.153297
   -0.305675
   -0.455665
   -0.601698
    -0.74233
   -0.876104
    -1.00168
    -1.11778
    -1.22323
    -1.31698
     -1.3981
    -1.46578
    -1.51935
    -1.55829
    -1.58221
    -1.59087
    -1.58417
    -1.56216
    -1.52503
    -1.47313
    -1.40695
    -1.32712
    -1.23438
    -1.12964
    -1.01388
   -0.888227
   -0.753878
   -0.612154
   -0.464429
   -0.312163
   -0.156841
   0.0132433
   0.0268472
    0.040707
   0.0546668
   0.0685824
   0.0822859
   0.0956192
    0.108423
    0.120547
    0.131854
    0.142204
    0.151469
    0.159509
    0.166167
    0.171323
     0.17486
    0.176687
    0.176731
    0.174937
    0.171277
    0.165735
    0.158324
    0.149071
    0.138033
    0.125277
    0.110902
   0.0950214
    0.077782
   0.0593676
    0.040049
   0.0201158
    -0.14452
   -0.288191
   -0.429604
   -0.567244
   -0.699747
   -0.825727
   -0.943928
    -1.05313
    -1.15224
     -1.2403
    -1.31643
    -1.37988
    -1.43001
    -1.46637
    -1.48859
    -1.49648
    -1.48994
    -1.46903
    -1.43395
    -1.38502
     -1.3227
    -1.24756
    -1.16032
    -1.06183
   -0.953006
   -0.834895
   -0.708628
   -0.575439
   -0.436613
   -0.293501
    -0.14749
   0.0119358
   0.0241764
   0.0366205
   0.0491609
    0.061679
   0.0740542
   0.0861484
    0.097804
    0.108885
    0.119256
    0.128788
    0.137355
    0.144829
    0.151071
    0.155968
     0.15941
    0.161306
    0.161584
    0.160181
    0.157056
    0.152185
    0.145565
    0.137215
    0.127183
    0.115533
    0.102362
   0.0877763
   0.0719116
   0.0549393
   0.0371069
   0.0186728
   -0.136579
   -0.272177
   -0.405451
   -0.535009
   -0.659569
   -0.777869
   -0.888743
   -0.991096
    -1.08393
    -1.16636
    -1.23757
    -1.29687
     -1.3437
    -1.37761
    -1.39828
    -1.40551
    -1.39924
    -1.37952
    -1.34654
     -1.3006
    -1.24211
    -1.17163
     -1.0898
   -0.997377
   -0.895235
   -0.784349
   -0.665778
   -0.540674
   -0.410245
   -0.275769
   -0.138564
   0.0104702
   0.0212062
   0.0321206
   0.0431615
   0.0542392
   0.0652805
   0.0761633
   0.0867228
   0.0968295
    0.106337
    0.115119
    0.123046
    0.129998
    0.135857
    0.140515
    0.143876
     0.14585
    0.146362
    0.145346
    0.142747
    0.138528
    0.132676
    0.125196
    0.116139
    0.105562
   0.0935735
   0.0802731
   0.0657944
   0.0502984
   0.0340083
   0.0171472
   -0.128856
   -0.256612
   -0.382004
   -0.503765
     -0.6207
   -0.731659
   -0.835568
   -0.931442
    -1.01836
     -1.0955
    -1.16211
    -1.21757
    -1.26134
    -1.29299
    -1.31223
    -1.31888
    -1.31286
    -1.29426
    -1.26322
    -1.22005
    -1.16513
    -1.09897
    -1.02218
   -0.935452
   -0.839606
   -0.735569
   -0.624334
   -0.506981
   -0.384643
   -0.258525
   -0.129872
  0.00889181
   0.0181337
   0.0276407
   0.0373362
   0.0471352
    0.056953
   0.0666791
   0.0761717
   0.0853067
   0.0939486
    0.101971
    0.109249
    0.115661
    0.121093
    0.125438
    0.128603
    0.130499
     0.13106
    0.130219
    0.127937
    0.124178
    0.118942
    0.112241
    0.104129
   0.0946646
   0.0839347
   0.0720373
    0.059092
   0.0452419
   0.0306595
   0.0155178
   -0.121138
   -0.241132
   -0.358789
   -0.472967
   -0.582552
   -0.686496
   -0.783804
   -0.873565
   -0.954923
    -1.02711
    -1.08944
    -1.14131
    -1.18222
    -1.21179
    -1.22972
    -1.23584
    -1.23008
     -1.2125
    -1.18325
     -1.1426
    -1.09093
    -1.02873
    -0.95658
   -0.875163
   -0.785257
   -0.687748
   -0.583577
   -0.473766
   -0.359372
   -0.241495
   -0.121295
   0.0074612
   0.0153601
     0.02362
   0.0321327
   0.0408086
   0.0495395
   0.0582195
   0.0667276
    0.074945
   0.0827475
   0.0900112
   0.0966134
    0.102433
    0.107356
    0.111276
    0.114107
    0.115764
    0.116194
    0.115341
    0.113189
    0.109717
    0.104949
   0.0989094
   0.0916663
   0.0832756
   0.0738039
   0.0633426
   0.0519921
   0.0398714
    0.027095
   0.0137792
   -0.113754
   -0.226309
   -0.336554
    -0.44346
   -0.545992
   -0.643192
   -0.734131
   -0.817967
     -0.8939
   -0.961213
    -1.01926
    -1.06751
    -1.10548
    -1.13281
    -1.14926
    -1.15465
    -1.14894
    -1.13217
     -1.1045
    -1.06621
    -1.01765
   -0.959294
   -0.891699
   -0.815516
   -0.731481
   -0.640428
   -0.543245
   -0.440892
   -0.334355
   -0.224631
   -0.112801
  0.00651295
   0.0134123
   0.0206403
   0.0281096
   0.0357347
    0.043414
   0.0510432
    0.058511
   0.0657053
   0.0725221
   0.0788471
    0.084578
   0.0896053
   0.0938348
   0.0971715
   0.0995422
    0.100876
    0.101129
    0.100262
   0.0982656
   0.0951349
   0.0908973
   0.0855867
   0.0792658
   0.0719892
   0.0638109
   0.0548066
   0.0450466
   0.0346198
   0.0235936
   0.0120443
    -0.10643
    -0.21168
   -0.314707
   -0.414563
   -0.510276
   -0.600947
   -0.685706
   -0.763755
   -0.834347
   -0.896813
   -0.950561
   -0.995085
    -1.02997
    -1.05489
    -1.06963
    -1.07407
    -1.06818
    -1.05203
    -1.02581
   -0.989795
   -0.944334
   -0.889878
   -0.826939
   -0.756086
   -0.677994
   -0.593432
   -0.503225
   -0.408278
   -0.309513
    -0.20788
   -0.104371
  0.00595454
   0.0121914
    0.018661
    0.025295
   0.0320141
   0.0387272
   0.0453361
   0.0517427
    0.057848
   0.0635751
   0.0688286
    0.073537
   0.0776132
   0.0809921
   0.0836006
   0.0853852
   0.0862937
   0.0862939
   0.0853607
   0.0834909
   0.0806902
    0.076985
   0.0724119
   0.0670226
   0.0608662
   0.0539816
   0.0464261
   0.0382384
   0.0294767
   0.0201646
   0.0103431
  -0.0991918
   -0.197184
   -0.293004
   -0.385779
   -0.474611
   -0.558666
   -0.637141
   -0.709294
    -0.77444
   -0.831971
   -0.881348
    -0.92212
   -0.953915
    -0.97646
   -0.989565
   -0.993144
    -0.98719
   -0.971799
   -0.947146
   -0.913507
   -0.871227
   -0.820726
   -0.762477
    -0.69697
   -0.624829
   -0.546756
   -0.463515
    -0.37595
   -0.284919
   -0.191316
  -0.0960438
  0.00555511
   0.0112447
   0.0170189
   0.0228433
   0.0286488
   0.0343754
   0.0399413
   0.0452741
   0.0502931
   0.0549373
   0.0591341
   0.0628338
   0.0659776
   0.0685322
   0.0704559
   0.0717281
   0.0723174
   0.0721897
   0.0713283
   0.0697146
   0.0673546
   0.0642639
    0.060465
   0.0559805
   0.0508488
   0.0451118
   0.0388162
   0.0320018
   0.0247106
   0.0169489
  0.00873045
  -0.0920112
   -0.182729
   -0.271256
   -0.356819
   -0.438601
    -0.51586
   -0.587871
   -0.653965
   -0.713529
   -0.766025
   -0.810978
   -0.848002
   -0.876774
   -0.897076
   -0.908746
   -0.911725
   -0.906004
   -0.891652
   -0.868823
    -0.83776
   -0.798779
   -0.752269
   -0.698675
   -0.638476
   -0.572254
   -0.500654
   -0.424374
    -0.34417
   -0.260823
   -0.175136
  -0.0879262
  0.00522716
    0.010429
   0.0155516
   0.0205942
   0.0255019
   0.0302508
   0.0347815
   0.0390529
   0.0430064
   0.0465988
   0.0497813
   0.0525264
   0.0548034
   0.0566112
   0.0579394
   0.0587996
   0.0591783
   0.0590343
   0.0583516
   0.0570878
   0.0552401
   0.0528047
   0.0497833
   0.0461642
   0.0419741
   0.0372628
   0.0320733
   0.0264579
   0.0204537
   0.0140607
  0.00727392
  -0.0845251
   -0.167683
    -0.24866
   -0.326788
   -0.401343
   -0.471683
   -0.537168
   -0.597213
   -0.651278
   -0.698897
   -0.739645
   -0.773191
   -0.799246
   -0.817623
   -0.828178
   -0.830859
   -0.825651
   -0.812584
   -0.791793
   -0.763484
   -0.727938
   -0.685511
   -0.636618
   -0.581723
   -0.521362
   -0.456121
   -0.386639
   -0.313585
   -0.237668
   -0.159607
  -0.0801434
  0.00447844
  0.00890975
   0.0132262
   0.0174265
   0.0214651
   0.0253348
   0.0289965
    0.032423
    0.035579
   0.0384317
    0.040952
   0.0431131
   0.0448957
   0.0462876
   0.0472808
   0.0478745
   0.0480585
   0.0478106
   0.0471207
    0.045979
   0.0443827
   0.0423354
   0.0398402
   0.0368955
   0.0335244
    0.029762
   0.0256452
   0.0212014
   0.0164552
   0.0113752
  0.00593353
  -0.0767332
   -0.152062
   -0.225257
    -0.29575
    -0.36291
   -0.426224
   -0.485145
   -0.539206
   -0.587947
   -0.630971
   -0.667899
   -0.698397
   -0.722191
   -0.739078
    -0.74891
   -0.751613
   -0.747163
   -0.735585
   -0.716994
   -0.691571
   -0.659566
   -0.621295
   -0.577131
   -0.527499
   -0.472886
   -0.413817
    -0.35087
   -0.284644
    -0.21578
   -0.144929
  -0.0727741
  0.00348854
   0.0069578
   0.0103402
   0.0136387
   0.0168178
   0.0198833
     0.02281
   0.0255768
    0.028162
   0.0305321
   0.0326653
   0.0345199
   0.0360716
   0.0372786
   0.0381189
   0.0385654
   0.0386037
    0.038232
   0.0374532
   0.0363042
   0.0347971
   0.0329592
   0.0308109
   0.0283744
   0.0256786
   0.0227453
   0.0196032
   0.0162485
   0.0126861
  0.00884623
  0.00467388
   -0.068822
   -0.136283
   -0.201759
   -0.264788
   -0.324824
   -0.381458
   -0.434214
   -0.482708
   -0.526535
   -0.565344
   -0.598788
   -0.626523
   -0.648292
   -0.663877
    -0.67313
   -0.675959
   -0.672333
   -0.662274
   -0.645878
   -0.623295
   -0.594742
   -0.560488
   -0.520866
   -0.476257
   -0.427101
   -0.373873
   -0.317096
   -0.257313
   -0.195107
   -0.131067
  -0.0658162
  0.00250722
  0.00511646
  0.00776626
   0.0104085
   0.0130031
   0.0155147
    0.017912
   0.0201605
   0.0222343
   0.0241072
   0.0257569
   0.0271619
   0.0282994
   0.0291446
   0.0296778
   0.0298799
   0.0297424
   0.0292672
   0.0284647
   0.0273672
   0.0259984
    0.024391
     0.02258
   0.0206071
   0.0185121
    0.016326
   0.0140708
   0.0117142
  0.00923895
  0.00653216
  0.00351579
   -0.060538
    -0.12001
   -0.177896
   -0.233818
   -0.287292
   -0.337907
   -0.385217
   -0.428828
   -0.468349
   -0.503433
   -0.533752
   -0.558995
   -0.578921
   -0.593327
   -0.602072
   -0.605066
   -0.602278
    -0.59372
   -0.579467
   -0.559633
   -0.534393
   -0.503954
   -0.468595
    -0.42864
   -0.384482
   -0.336584
   -0.285435
   -0.231578
   -0.175554
   -0.117913
  -0.0592133
  0.00164855
  0.00353385
  0.00560307
   0.0077501
  0.00992014
   0.0120229
   0.0140089
   0.0158205
   0.0174212
   0.0187912
   0.0199105
   0.0207867
   0.0214093
   0.0217849
   0.0219092
   0.0217833
    0.021411
   0.0207987
   0.0199616
   0.0189187
    0.017697
   0.0163272
   0.0148529
    0.013331
   0.0118109
   0.0103338
  0.00891605
  0.00749798
  0.00604098
  0.00439013
  0.00244584
  -0.0528329
   -0.104904
   -0.155782
    -0.20515
   -0.252576
   -0.297637
   -0.339918
   -0.379012
    -0.41455
   -0.446183
   -0.473601
   -0.496522
   -0.514711
    -0.52797
   -0.536163
   -0.539201
   -0.537052
   -0.529724
   -0.517287
   -0.499831
    -0.47751
   -0.450491
   -0.419016
   -0.383365
   -0.343891
   -0.301038
   -0.255248
   -0.207052
   -0.156935
   -0.105401
  -0.0529391
   0.0011469
  0.00248739
  0.00398438
  0.00555147
  0.00713737
  0.00867145
   0.0101047
   0.0113898
   0.0124907
   0.0133843
   0.0140538
   0.0145012
   0.0147261
   0.0147418
   0.0145591
   0.0141953
   0.0136746
   0.0130321
   0.0122989
   0.0115022
   0.0106737
  0.00982273
  0.00898118
  0.00815634
  0.00737115
  0.00661383
  0.00587087
  0.00506648
  0.00415403
   0.0030477
  0.00168604
  -0.0459009
  -0.0913862
   -0.136074
   -0.179601
   -0.221569
   -0.261572
   -0.299229
    -0.33416
   -0.366024
   -0.394487
   -0.419256
   -0.440045
   -0.456618
   -0.468755
   -0.476312
   -0.479195
   -0.477368
   -0.470852
   -0.459713
   -0.444066
   -0.424065
   -0.399908
   -0.371832
   -0.340123
   -0.305094
   -0.267111
   -0.226556
   -0.183861
   -0.139445
  -0.0937195
  -0.0471093
 0.000687883
  0.00150461
  0.00241643
  0.00335963
  0.00429514
  0.00518723
  0.00600145
  0.00671343
  0.00729628
  0.00772683
   0.0079915
  0.00808235
  0.00800392
  0.00777066
  0.00740431
  0.00693559
  0.00640842
  0.00588723
  0.00541981
  0.00503988
  0.00477835
  0.00461298
  0.00454927
   0.0045257
  0.00452078
  0.00445386
  0.00427348
  0.00388953
  0.00325791
  0.00238355
  0.00126534
  -0.0397402
  -0.0793802
   -0.118564
   -0.156863
   -0.193906
   -0.229291
   -0.262667
    -0.29368
   -0.322019
   -0.347378
   -0.369492
    -0.38809
   -0.402955
   -0.413868
   -0.420695
   -0.423354
   -0.421805
   -0.416087
   -0.406249
    -0.39242
   -0.374737
   -0.353405
   -0.328637
   -0.300705
   -0.269875
   -0.236426
   -0.200686
      -0.163
   -0.123733
  -0.0832293
  -0.0418695
 -4.2571e-05
 7.12293e-05
 0.000306951
 0.000607136
 0.000939014
  0.00126697
  0.00156763
  0.00182307
  0.00202065
  0.00215228
  0.00222065
  0.00223497
  0.00221074
  0.00215641
  0.00209421
  0.00202355
  0.00197843
  0.00198398
  0.00207102
  0.00224707
   0.0025207
  0.00286028
  0.00324352
  0.00360442
  0.00389367
  0.00403189
  0.00395843
  0.00361743
  0.00298308
  0.00211711
  0.00106611
  -0.0346792
  -0.0693992
   -0.103835
   -0.137547
    -0.17018
   -0.201338
   -0.230687
   -0.257898
   -0.282691
   -0.304818
   -0.324052
   -0.340177
   -0.353024
   -0.362447
   -0.368348
   -0.370681
   -0.369418
   -0.364585
   -0.356223
   -0.344419
   -0.329281
   -0.310958
   -0.289611
   -0.265423
   -0.238601
   -0.209358
   -0.177958
   -0.144697
   -0.109897
  -0.0739134
  -0.0371341
-0.000893158
 -0.00157801
 -0.00207947
 -0.00244433
 -0.00269805
 -0.00287873
 -0.00300092
 -0.00307817
 -0.00310894
 -0.00308463
  -0.0029846
 -0.00278147
 -0.00245168
 -0.00200083
 -0.00141923
-0.000757716
-1.35642e-05
 0.000775362
  0.00160246
  0.00243358
  0.00324638
   0.0040008
  0.00465403
  0.00515178
  0.00543543
  0.00544914
  0.00514281
  0.00451185
  0.00355905
  0.00240455
  0.00113989
  -0.0301242
  -0.0603792
   -0.090461
   -0.119922
    -0.14844
   -0.175631
   -0.201196
   -0.224841
   -0.246321
   -0.265449
   -0.282031
   -0.295904
   -0.306935
    -0.31504
   -0.320149
   -0.322234
   -0.321276
   -0.317277
   -0.310265
   -0.300286
    -0.28742
   -0.271769
   -0.253456
   -0.232595
   -0.209355
   -0.183902
    -0.15646
   -0.127284
  -0.0966608
  -0.0649586
  -0.0325637
 -0.00176898
 -0.00318704
 -0.00425871
  -0.0050494
 -0.00557227
 -0.00588427
 -0.00599745
 -0.00595222
 -0.00575178
 -0.00541178
  -0.0049197
 -0.00425973
 -0.00342563
 -0.00244094
 -0.00131972
-0.000121568
  0.00112169
  0.00234612
  0.00350897
  0.00455518
   0.0054435
  0.00615256
  0.00664708
  0.00692406
  0.00694159
  0.00666536
  0.00607202
   0.0051778
  0.00400983
  0.00268048
   0.0012823
  -0.0261648
  -0.0523486
  -0.0782809
    -0.10361
   -0.128064
   -0.151344
   -0.173204
   -0.193416
   -0.211777
   -0.228125
   -0.242305
   -0.254197
     -0.2637
   -0.270751
   -0.275293
   -0.277288
   -0.276713
    -0.27354
   -0.267772
   -0.259401
    -0.24848
   -0.235082
   -0.219304
   -0.201254
   -0.181085
   -0.158986
   -0.135155
   -0.109835
  -0.0832856
  -0.0558615
  -0.0279259
 -0.00247752
 -0.00444462
 -0.00587405
  -0.0068462
 -0.00736201
 -0.00750246
 -0.00728593
 -0.00679302
 -0.00604723
 -0.00510637
 -0.00398326
 -0.00268925
 -0.00124753
 0.000293785
  0.00189516
  0.00349384
  0.00503148
  0.00643052
  0.00762517
  0.00855459
  0.00917446
  0.00949909
  0.00951755
  0.00929379
  0.00881454
  0.00807288
  0.00707368
  0.00584829
    0.004439
  0.00293563
  0.00141706
  -0.0224486
  -0.0447966
  -0.0668158
  -0.0882529
   -0.108886
   -0.128495
   -0.146881
   -0.163871
   -0.179296
   -0.193005
   -0.204873
   -0.214812
   -0.222741
   -0.228608
   -0.232375
   -0.233999
   -0.233471
   -0.230751
   -0.225842
   -0.218709
   -0.209396
   -0.197965
   -0.184499
   -0.169107
   -0.151927
   -0.133166
   -0.112994
  -0.0916358
  -0.0693135
  -0.0463546
  -0.0230841
 -0.00234594
 -0.00416346
 -0.00538994
 -0.00610296
 -0.00629602
  -0.0060584
 -0.00542054
 -0.00447863
 -0.00327523
 -0.00187429
 -0.00031603
  0.00136355
  0.00311411
  0.00487243
  0.00658403
  0.00820176
  0.00966185
   0.0109021
   0.0118596
   0.0124871
   0.0127505
   0.0126722
   0.0122577
   0.0115761
   0.0106417
  0.00947554
  0.00810536
  0.00657468
  0.00493202
   0.0032462
    0.001579
   -0.018696
  -0.0372518
  -0.0554827
  -0.0732064
  -0.0902482
   -0.106433
   -0.121605
   -0.135618
   -0.148332
    -0.15961
   -0.169341
    -0.17742
   -0.183766
   -0.188304
   -0.191004
   -0.191864
   -0.190892
   -0.188096
   -0.183505
   -0.177134
   -0.169037
   -0.159283
   -0.147953
    -0.13515
   -0.120997
   -0.105681
  -0.0893549
  -0.0722194
  -0.0544587
  -0.0363266
  -0.0180609
 -0.00166554
 -0.00281866
 -0.00338293
 -0.00344728
 -0.00300751
 -0.00216584
-0.000966407
 0.000481943
  0.00212263
  0.00389424
  0.00573766
  0.00760151
  0.00941848
   0.0111219
   0.0126552
   0.0140008
   0.0151037
    0.015931
   0.0164341
    0.016587
   0.0163695
   0.0158082
   0.0149188
   0.0137638
   0.0123767
   0.0107997
   0.0090778
  0.00726205
  0.00540354
  0.00354797
   0.0017391
  -0.0151218
  -0.0300507
  -0.0446407
   -0.058772
  -0.0723088
  -0.0851174
  -0.0970775
   -0.108068
   -0.117983
   -0.126704
   -0.134144
     -0.1402
   -0.144804
   -0.147872
   -0.149392
   -0.149406
   -0.147939
   -0.145042
   -0.140766
    -0.13517
    -0.12832
   -0.120288
   -0.111151
   -0.101007
  -0.0899596
  -0.0781675
  -0.0657544
  -0.0528916
  -0.0397162
  -0.0264037
  -0.0131047
-0.000314464
-0.000322583
 6.19045e-05
 0.000811253
  0.00193444
  0.00335956
   0.0050351
   0.0068471
  0.00873259
     0.01064
   0.0125054
   0.0142856
   0.0159184
   0.0173624
   0.0185695
    0.019529
   0.0201998
   0.0205587
   0.0205803
   0.0202684
   0.0196232
   0.0186802
   0.0174594
   0.0159918
   0.0143105
    0.012444
   0.0104351
  0.00833036
  0.00617995
  0.00404248
  0.00196608
  -0.0116975
  -0.0231843
  -0.0343414
  -0.0450579
  -0.0552305
  -0.0647592
  -0.0735453
  -0.0814665
  -0.0884456
  -0.0944118
  -0.0993105
   -0.103085
   -0.105705
   -0.107148
   -0.107425
   -0.106583
   -0.104659
    -0.10172
  -0.0978282
  -0.0930661
  -0.0875116
  -0.0812606
  -0.0743968
  -0.0670163
  -0.0592039
  -0.0510565
  -0.0426605
   -0.034119
  -0.0255131
  -0.0169245
 -0.00841145
  0.00136325
  0.00278206
  0.00433204
  0.00604132
  0.00792422
  0.00994586
   0.0120554
   0.0141427
    0.016148
   0.0180399
   0.0197604
    0.021286
   0.0225703
   0.0236074
   0.0243639
   0.0248385
   0.0250051
   0.0248498
   0.0243706
    0.023601
   0.0225607
   0.0212919
   0.0198135
    0.018116
   0.0162223
   0.0141362
   0.0118895
   0.0095187
  0.00707229
  0.00462642
   0.0022405
 -0.00837673
  -0.0165208
  -0.0243298
  -0.0316978
  -0.0385534
  -0.0448347
  -0.0504724
  -0.0553557
  -0.0594466
  -0.0627279
  -0.0651817
  -0.0668002
  -0.0675916
  -0.0675908
  -0.0668235
  -0.0653388
  -0.0631794
  -0.0604177
  -0.0571158
  -0.0533703
  -0.0492584
  -0.0448869
  -0.0403341
  -0.0356874
  -0.0310072
  -0.0263292
  -0.0217025
  -0.0171637
  -0.0127427
 -0.00843577
 -0.00422354
  0.00309578
  0.00594872
  0.00860606
   0.0111538
    0.013603
   0.0159655
   0.0182164
   0.0203283
   0.0222631
   0.0240046
   0.0255161
   0.0267822
   0.0277769
   0.0284996
   0.0289344
     0.02908
   0.0289241
   0.0284539
   0.0276746
   0.0266111
     0.02529
   0.0237585
    0.022036
   0.0201144
   0.0180095
   0.0157186
   0.0132634
    0.010666
  0.00796475
  0.00522662
  0.00252541
 -0.00536078
  -0.0103855
    -0.01499
  -0.0190884
   -0.022638
  -0.0256333
   -0.028051
  -0.0298702
  -0.0310947
  -0.0317568
  -0.0318797
  -0.0315105
  -0.0306906
  -0.0294868
  -0.0279401
   -0.026095
   -0.023999
  -0.0217182
  -0.0193119
  -0.0168639
   -0.014438
  -0.0121106
 -0.00994136
 -0.00798683
 -0.00628556
 -0.00483963
 -0.00365578
 -0.00269064
 -0.00191549
  -0.0012492
-0.000639981
  0.00477187
  0.00898851
   0.0126614
   0.0159317
   0.0188082
   0.0213547
    0.023583
   0.0255637
   0.0272925
   0.0287775
   0.0300089
   0.0309816
     0.03169
   0.0321346
   0.0323131
   0.0322185
   0.0318471
   0.0311794
   0.0302204
   0.0289774
    0.027477
   0.0257692
   0.0238732
   0.0217872
   0.0195236
   0.0170774
   0.0144614
   0.0116839
  0.00877087
   0.0057771
   0.0027892
 -0.00227322
 -0.00413799
 -0.00554157
   -0.006436
 -0.00681684
 -0.00673789
 -0.00621769
 -0.00531326
 -0.00405712
 -0.00251496
-0.000735421
  0.00119584
  0.00321843
  0.00524609
  0.00723084
  0.00913777
   0.0109206
   0.0125259
   0.0139058
   0.0150002
   0.0157685
   0.0161717
   0.0161734
   0.0157466
   0.0148664
   0.0135457
   0.0117991
  0.00972467
  0.00738896
  0.00493614
  0.00244712
  0.00548257
   0.0103938
   0.0147017
   0.0185147
   0.0218329
   0.0247105
   0.0271615
   0.0292369
   0.0309485
   0.0323222
   0.0333706
   0.0341264
   0.0346037
   0.0348258
   0.0347991
   0.0345102
   0.0339518
   0.0330834
   0.0319041
    0.030418
   0.0286394
   0.0266066
   0.0243438
   0.0218947
   0.0192966
   0.0166131
   0.0138797
   0.0111159
  0.00834646
  0.00555309
  0.00276514
 0.000972365
  0.00240941
  0.00431232
  0.00659491
  0.00921325
   0.0120656
   0.0151006
   0.0182452
   0.0214478
   0.0246381
   0.0277576
   0.0307203
   0.0334613
   0.0358964
   0.0379688
   0.0396313
   0.0408351
   0.0415433
   0.0417279
   0.0413936
   0.0405338
   0.0391684
   0.0373031
   0.0349534
   0.0321052
   0.0287081
   0.0247718
   0.0203482
   0.0155065
   0.0104028
  0.00516643
   0.0057432
   0.0109534
   0.0155849
   0.0197222
   0.0233559
   0.0265179
   0.0292072
   0.0314298
   0.0331947
   0.0345316
    0.035467
   0.0360674
   0.0363653
   0.0364072
   0.0362077
   0.0357458
   0.0350091
   0.0339338
   0.0325125
   0.0307474
   0.0286431
   0.0262296
    0.023544
   0.0206884
   0.0177401
   0.0148482
   0.0120836
  0.00948382
  0.00707086
  0.00474094
  0.00244681
  0.00389401
  0.00827334
   0.0130818
   0.0181091
   0.0232742
   0.0284392
   0.0335302
   0.0384676
   0.0431897
   0.0476316
   0.0517367
   0.0554329
   0.0586655
   0.0613678
   0.0634861
   0.0649692
    0.065767
   0.0658505
   0.0651949
   0.0638391
   0.0617818
   0.0590705
   0.0557298
    0.051803
   0.0472852
   0.0420794
   0.0362074
   0.0296952
   0.0226282
   0.0151823
  0.00753384
  0.00594943
   0.0113585
   0.0161768
   0.0204776
   0.0242494
   0.0275289
   0.0303109
   0.0325932
   0.0343748
   0.0356602
    0.036469
   0.0368564
   0.0368567
   0.0365333
   0.0359059
   0.0349766
   0.0337477
   0.0322021
   0.0303586
   0.0282701
    0.025967
   0.0234871
   0.0208798
   0.0182033
   0.0155304
   0.0129441
   0.0105052
   0.0082299
  0.00612837
  0.00411609
  0.00213061
  0.00669844
   0.0136993
    0.020923
    0.028169
    0.035338
   0.0422822
   0.0489116
   0.0551398
   0.0608936
   0.0661164
   0.0707583
   0.0747959
   0.0782004
   0.0809648
   0.0830634
   0.0844678
   0.0851505
   0.0850783
   0.0842138
   0.0825026
   0.0799164
   0.0764387
   0.0720678
   0.0668225
   0.0607174
   0.0537568
   0.0459961
   0.0375232
   0.0284587
   0.0190211
  0.00941839
  0.00602682
    0.011504
   0.0163733
   0.0206973
    0.024465
   0.0277231
   0.0304671
   0.0326908
   0.0343839
   0.0355209
   0.0361083
   0.0361812
   0.0357708
   0.0349561
   0.0337659
   0.0322352
   0.0303952
   0.0282947
   0.0259964
   0.0236198
   0.0212308
   0.0188752
   0.0166055
   0.0144117
   0.0123335
    0.010353
  0.00849324
  0.00673275
  0.00506521
  0.00343787
  0.00179169
  0.00886049
   0.0178538
   0.0268904
   0.0357963
   0.0444713
   0.0527736
   0.0606091
   0.0678911
   0.0745351
   0.0804851
   0.0856841
   0.0901353
   0.0938113
   0.0967367
   0.0988906
    0.100251
    0.100805
    0.100517
   0.0993526
   0.0971923
   0.0940092
   0.0897511
   0.0844125
   0.0780015
   0.0705575
   0.0621806
   0.0529516
    0.043008
    0.032491
   0.0216455
    0.010694
  0.00591548
   0.0112568
   0.0159519
   0.0200507
   0.0235329
   0.0264485
   0.0287949
   0.0305916
   0.0318371
   0.0325319
    0.032692
   0.0323612
   0.0315943
   0.0305008
   0.0291313
   0.0275117
   0.0256906
   0.0236944
   0.0215908
   0.0194623
   0.0173736
   0.0153672
   0.0134844
   0.0117191
   0.0100871
  0.00855829
  0.00712027
  0.00571637
  0.00432674
  0.00292988
  0.00149706
   0.0103134
   0.0205841
   0.0307183
   0.0406233
   0.0502162
   0.0594086
   0.0681217
   0.0762766
   0.0837917
   0.0905826
   0.0965833
    0.101752
    0.106036
    0.109391
    0.111773
     0.11313
    0.113434
    0.112657
    0.110785
    0.107783
    0.103656
   0.0984052
   0.0920467
   0.0845977
   0.0761191
   0.0667426
   0.0565674
   0.0457536
   0.0344503
   0.0228994
   0.0113101
  0.00551761
   0.0104445
   0.0146914
   0.0182941
   0.0212233
   0.0235347
   0.0252338
   0.0263761
   0.0269825
    0.027096
    0.026757
   0.0260306
   0.0250036
   0.0238189
   0.0225445
   0.0211826
   0.0197789
   0.0183087
   0.0168144
   0.0153096
   0.0138337
   0.0124102
   0.0110631
  0.00979614
  0.00861195
  0.00748533
  0.00638254
  0.00522354
  0.00398471
  0.00268359
  0.00132907
   0.0114388
   0.0226897
   0.0336622
   0.0443364
   0.0546335
   0.0645009
   0.0738583
   0.0826175
   0.0906885
   0.0979539
    0.104342
     0.10978
    0.114208
    0.117543
    0.119741
    0.120744
    0.120532
    0.119096
    0.116448
    0.112638
    0.107697
    0.101676
    0.094608
   0.0865153
   0.0774725
   0.0676301
   0.0570909
    0.046021
   0.0345612
   0.0229352
   0.0113271
  0.00434003
  0.00826286
   0.0116666
   0.0145466
   0.0168622
   0.0186262
   0.0198531
   0.0206147
    0.020951
   0.0209168
   0.0205652
   0.0199454
   0.0191356
   0.0182286
   0.0172852
   0.0163117
   0.0153375
   0.0143322
    0.013309
   0.0122533
   0.0111763
   0.0100931
  0.00901918
  0.00799047
  0.00700984
  0.00607023
  0.00515206
  0.00420718
  0.00321912
  0.00218295
  0.00110105
   0.0120559
   0.0239676
   0.0356343
    0.046994
   0.0579571
   0.0684488
   0.0783635
   0.0875501
    0.095888
    0.103214
    0.109445
    0.114532
    0.118428
    0.121108
    0.122553
    0.122759
    0.121731
    0.119499
    0.116096
     0.11159
    0.106035
   0.0995032
   0.0920563
    0.083758
   0.0746925
   0.0649855
   0.0547349
   0.0440718
   0.0331123
   0.0220145
   0.0109169
  0.00273543
  0.00528599
  0.00756303
  0.00953479
   0.0111543
   0.0123876
   0.0132513
   0.0138219
   0.0141442
   0.0142663
    0.014234
   0.0140574
   0.0137818
   0.0134256
   0.0130244
   0.0125812
   0.0121061
   0.0115678
   0.0109575
   0.0102438
  0.00942141
  0.00850892
  0.00752632
  0.00655524
  0.00561138
  0.00471733
  0.00387842
    0.003087
  0.00233507
  0.00158632
 0.000823317
   0.0123853
   0.0246341
   0.0366185
   0.0482303
   0.0593729
    0.069962
   0.0798877
   0.0889672
   0.0970798
    0.104047
    0.109798
    0.114315
     0.11757
    0.119589
    0.120369
    0.119947
    0.118344
    0.115613
    0.111796
    0.106967
    0.101188
   0.0945431
    0.087109
   0.0789783
   0.0702366
   0.0609811
   0.0513032
   0.0413013
     0.03107
   0.0207089
   0.0103171
  0.00107002
  0.00221859
  0.00338676
  0.00451582
  0.00556562
  0.00646896
   0.0072164
  0.00779823
  0.00823017
  0.00852589
  0.00871175
  0.00881226
  0.00884906
  0.00883243
   0.0087762
  0.00867728
  0.00853517
  0.00832534
  0.00803689
  0.00764547
  0.00714638
  0.00654951
  0.00587175
  0.00516646
  0.00445288
  0.00375474
  0.00308324
  0.00244302
  0.00183202
  0.00123195
 0.000630199
   0.0127729
   0.0252335
   0.0372367
   0.0486677
   0.0594203
    0.069421
   0.0785801
   0.0867964
   0.0939927
    0.100081
    0.105019
    0.108803
    0.111419
    0.112893
    0.113233
    0.112476
     0.11065
    0.107809
    0.104001
   0.0992948
   0.0937538
   0.0874565
    0.080476
   0.0728938
   0.0647885
   0.0562414
   0.0473324
   0.0381387
   0.0287373
   0.0191978
  0.00959553
-0.000550663
-0.000752757
-0.000630584
-0.000268698
 0.000297934
 0.000963781
  0.00168236
  0.00234089
  0.00291205
  0.00336576
  0.00370661
  0.00398091
  0.00419707
  0.00437274
  0.00451301
  0.00461962
  0.00469142
  0.00471889
  0.00469653
  0.00461224
  0.00446291
  0.00424529
  0.00396409
  0.00362893
  0.00324858
  0.00283465
  0.00239368
  0.00193538
  0.00146231
 0.000980557
 0.000491278
   0.0125093
   0.0245617
   0.0360136
   0.0467631
    0.056709
   0.0657977
    0.073961
   0.0811728
   0.0873885
    0.092596
   0.0967699
    0.099912
    0.102016
    0.103099
    0.103175
    0.102277
    0.100436
   0.0977018
   0.0941203
   0.0897544
   0.0846637
   0.0789171
   0.0725823
   0.0657281
   0.0584254
   0.0507398
   0.0427409
   0.0344864
    0.026039
   0.0174417
  0.00874978
 -0.00141007
 -0.00245347
 -0.00311679
 -0.00345355
 -0.00348733
 -0.00330179
 -0.00294497
 -0.00251206
 -0.00204367
 -0.00158154
 -0.00113908
-0.000704279
-0.000279772
 0.000135338
 0.000538819
 0.000924159
  0.00128641
  0.00161526
  0.00190454
  0.00214632
  0.00233564
  0.00246856
  0.00254251
  0.00255515
  0.00250212
  0.00237197
   0.0021546
  0.00183359
  0.00141264
 0.000933955
 0.000431329
   0.0114516
   0.0223456
   0.0325552
   0.0420509
   0.0507567
   0.0586626
   0.0657216
   0.0719292
   0.0772557
   0.0816991
   0.0852434
   0.0878943
   0.0896497
   0.0905274
   0.0905399
   0.0897165
   0.0880841
   0.0856827
   0.0825527
   0.0787445
   0.0743095
   0.0693038
   0.0637857
   0.0578123
   0.0514441
   0.0447336
   0.0377382
   0.0305005
   0.0230719
    0.015487
   0.0077887
  -0.0019389
 -0.00354895
 -0.00480439
 -0.00573493
 -0.00634939
 -0.00669447
 -0.00679869
 -0.00671151
 -0.00646367
 -0.00609099
 -0.00561529
 -0.00505863
 -0.00443664
 -0.00377033
 -0.00307468
 -0.00237097
 -0.00167425
 -0.00100213
-0.000366803
 0.000223944
 0.000761196
  0.00124075
  0.00165439
   0.0019911
  0.00223476
  0.00235018
  0.00230882
  0.00206532
  0.00162395
   0.0010652
 0.000459768
   0.0100032
   0.0193798
   0.0280352
   0.0360167
   0.0432736
   0.0498356
   0.0556719
   0.0607943
   0.0651823
   0.0688392
   0.0717536
   0.0739312
   0.0753717
   0.0760893
   0.0760957
   0.0754133
   0.0740653
   0.0720809
   0.0694935
   0.0663399
   0.0626615
   0.0584996
   0.0539023
   0.0489146
   0.0435874
   0.0379613
   0.0320827
   0.0259802
    0.019695
    0.013253
  0.00668477
 -0.00247086
 -0.00458723
 -0.00632209
 -0.00770116
  -0.0087245
 -0.00942582
 -0.00982304
 -0.00995557
 -0.00984857
 -0.00953708
  -0.0090466
 -0.00840577
 -0.00763829
 -0.00676859
 -0.00581866
 -0.00481097
 -0.00376592
 -0.00270633
  -0.0016538
-0.000640159
 0.000306342
  0.00113998
  0.00183686
  0.00238079
  0.00274434
  0.00290177
  0.00282545
  0.00250248
  0.00194615
  0.00125909
 0.000535232
  0.00793225
   0.0153215
   0.0221003
   0.0283366
   0.0339973
   0.0391207
   0.0436858
   0.0477053
   0.0511625
   0.0540581
   0.0563806
   0.0581313
   0.0593084
   0.0599229
   0.0599838
   0.0595103
   0.0585212
   0.0570395
   0.0550906
   0.0526948
   0.0498788
   0.0466576
   0.0430669
    0.039146
   0.0349354
   0.0304714
   0.0257916
   0.0209208
   0.0158897
   0.0107138
  0.00541537
 -0.00292574
 -0.00545775
 -0.00756477
 -0.00927043
  -0.0105706
  -0.0114936
  -0.0120547
  -0.0122925
  -0.0122329
  -0.0119138
  -0.0113646
  -0.0106172
 -0.00969895
 -0.00863229
 -0.00744126
 -0.00614496
 -0.00476631
 -0.00333249
 -0.00187609
-0.000457616
 0.000869697
  0.00201179
   0.0029251
  0.00358787
  0.00396415
  0.00404462
  0.00381091
  0.00329263
  0.00251785
  0.00161178
 0.000688613
   0.0055696
   0.0107003
   0.0153628
    0.019646
   0.0235333
   0.0270677
   0.0302342
   0.0330445
   0.0354833
   0.0375476
   0.0392251
   0.0405126
   0.0414054
   0.0419103
    0.042032
   0.0417845
   0.0411808
   0.0402366
   0.0389688
   0.0373827
   0.0354917
   0.0332871
    0.030794
   0.0280445
   0.0250687
   0.0218975
   0.0185596
   0.0150765
     0.01147
   0.0077471
  0.00392328
 -0.00298111
 -0.00564856
 -0.00795408
 -0.00988511
  -0.0114268
  -0.0125859
  -0.0133707
  -0.0138047
  -0.0139106
  -0.0137188
  -0.0132588
  -0.0125616
  -0.0116579
  -0.0105755
 -0.00934425
 -0.00799178
 -0.00654926
 -0.00505125
 -0.00353741
 -0.00206362
-0.000683025
 0.000530308
  0.00153239
  0.00229558
  0.00279156
  0.00301168
  0.00295011
  0.00263178
  0.00208726
  0.00140062
 0.000653295
  0.00273285
  0.00527608
  0.00762027
   0.0098017
   0.0118104
   0.0136642
   0.0153517
   0.0168743
   0.0182204
   0.0193846
   0.0203569
   0.0211319
   0.0217039
   0.0220725
   0.0222368
   0.0222006
   0.0219678
   0.0215441
   0.0209361
   0.0201463
   0.0191807
   0.0180357
   0.0167237
    0.015261
   0.0136635
   0.0119485
   0.0101326
  0.00823054
  0.00625725
  0.00422144
   0.0021346
 6.97836e-06
 1.37022e-05
 1.99333e-05
 2.54816e-05
 3.01981e-05
 3.39808e-05
 3.67753e-05
 3.85704e-05
 3.93924e-05
 3.92968e-05
 3.83599e-05
 3.66728e-05
 3.43354e-05
 3.14539e-05
 2.81386e-05
 2.45033e-05
 2.06655e-05
 1.67451e-05
 1.28635e-05
 9.14024e-06
 5.68975e-06
 2.61646e-06
 9.70434e-09
-2.06096e-06
-3.55088e-06
-4.44432e-06
-4.75519e-06
-4.52792e-06
-3.83406e-06
-2.76997e-06
-1.45045e-06
-1.58438e-05
-3.16877e-05
-2.97934e-05
-2.78992e-05
-2.56428e-05
-2.33863e-05
-2.13649e-05
-1.93435e-05
-1.73605e-05
-1.53774e-05
-1.31088e-05
-1.08402e-05
-8.20314e-06
-5.56612e-06
-2.94058e-06
-3.15047e-07
 1.73231e-06
 3.77967e-06
  4.5821e-06
 5.38453e-06
 5.65887e-06
 5.93321e-06
 6.80205e-06
 7.67089e-06
 7.74343e-06
 7.81598e-06
 6.56698e-06
 5.31798e-06
 2.48727e-06
-3.43438e-07
-1.71719e-07
