   0.0980237
    0.195097
    0.290289
     0.38269
    0.471411
    0.555582
    0.634403
    0.707123
    0.773024
    0.831484
    0.881934
    0.923894
    0.956954
    0.980804
    0.995193
     1.00001
    0.995192
    0.980801
     0.95695
     0.92389
    0.881929
    0.831478
    0.773017
    0.707116
    0.634395
    0.555574
    0.471403
    0.382681
    0.290281
    0.195089
   0.0980196
   -0.753291
    -1.50037
      -2.234
    -2.94704
    -3.63256
     -4.2839
    -4.89469
    -5.45898
    -5.97125
    -6.42649
    -6.82021
    -7.14856
    -7.40828
    -7.59679
    -7.71219
    -7.75331
    -7.71966
    -7.61151
    -7.42983
    -7.17632
    -6.85335
    -6.46401
    -6.01198
    -5.50161
    -4.93776
    -4.32584
    -3.67165
    -2.98167
    -2.26265
    -1.52125
   -0.764604
   0.0953889
     0.18987
    0.282532
    0.372484
     0.45886
    0.540825
     0.61759
    0.688415
    0.752617
    0.809577
    0.858744
    0.899645
    0.931885
    0.955151
    0.969219
    0.973954
    0.969307
    0.955324
    0.932138
    0.899971
    0.859132
    0.810016
    0.753093
    0.688911
    0.618088
    0.541309
    0.459314
    0.372889
    0.282866
    0.190111
   0.0955191
   -0.734401
     -1.4627
    -2.17783
    -2.87285
    -3.54099
    -4.17575
    -4.77094
    -5.32076
    -5.81982
    -6.26326
    -6.64671
    -6.96642
    -7.21921
     -7.4026
    -7.51473
    -7.55447
    -7.52134
    -7.41564
    -7.23829
    -6.99098
    -6.67601
    -6.29641
    -5.85574
    -5.35838
    -4.80917
    -4.21318
    -3.57607
    -2.90406
    -2.20369
    -1.48155
   -0.744621
   0.0927758
    0.184683
    0.274835
    0.362363
    0.446421
    0.526199
    0.600926
    0.669881
    0.732399
    0.787874
     0.83577
    0.875626
    0.907053
    0.929749
    0.943491
    0.948147
     0.94367
    0.930101
    0.907568
    0.876289
    0.836562
    0.788768
    0.733368
    0.670894
    0.601944
     0.52719
    0.447355
    0.363198
    0.275526
    0.185186
   0.0930477
   -0.715817
    -1.42562
    -2.12252
    -2.79974
    -3.45069
    -4.06905
    -4.64878
    -5.18424
    -5.67019
    -6.10191
    -6.47514
    -6.78624
    -7.03213
     -7.2104
    -7.31925
    -7.35758
    -7.32495
    -7.22165
     -7.0486
    -6.80745
    -6.50043
    -6.13051
    -5.70111
    -5.21663
    -4.68189
    -4.10163
     -3.4814
    -2.82717
    -2.14525
     -1.4422
   -0.724805
   0.0901948
    0.179557
    0.267223
    0.352348
    0.434109
    0.511717
    0.584421
    0.651518
    0.712361
    0.766359
    0.812989
      0.8518
    0.882414
    0.904534
    0.917943
    0.922508
    0.918183
    0.905006
    0.883099
     0.85267
    0.814005
    0.767481
    0.713544
    0.652708
    0.585541
    0.512733
    0.434988
    0.353069
    0.267781
    0.179934
   0.0904455
    -0.69749
    -1.38901
    -2.06784
    -2.72741
    -3.36128
    -3.96333
    -4.52766
    -5.04882
     -5.5217
    -5.94172
    -6.30475
    -6.60725
    -6.84623
    -7.01936
    -7.12489
    -7.16178
     -7.1296
    -7.02865
    -6.85981
     -6.6248
     -6.3259
    -5.96583
    -5.54794
     -5.0764
    -4.55581
    -3.99097
     -3.3873
    -2.75063
    -2.08706
    -1.40302
   -0.705085
   0.0876401
    0.174482
    0.259686
     0.34243
    0.421913
    0.497367
    0.568061
    0.633313
    0.692488
    0.745013
    0.790379
    0.828144
    0.857939
    0.879473
    0.892534
    0.896991
    0.892796
    0.879983
     0.85867
    0.829056
    0.791416
    0.746122
    0.693609
    0.634375
    0.568961
     0.49808
    0.422419
    0.342751
    0.259877
     0.17457
    0.087788
   -0.679294
    -1.35266
    -2.01355
    -2.65558
    -3.27249
    -3.85833
    -4.40739
    -4.91435
    -5.37427
    -5.78269
     -6.1356
    -6.42959
    -6.66174
     -6.8298
    -6.93208
    -6.96758
    -6.93589
    -6.83731
    -6.67266
    -6.44374
    -6.15285
    -5.80247
    -5.39595
    -4.93719
     -4.4306
    -3.88104
    -3.29381
    -2.67454
    -2.02922
    -1.36405
   -0.685472
   0.0851016
     0.16944
    0.252196
    0.332572
    0.409788
    0.483098
    0.551789
    0.615196
    0.672701
    0.723747
    0.767833
    0.804528
    0.833472
    0.854377
     0.86703
    0.871304
    0.867142
    0.854595
    0.833771
    0.804882
    0.768199
    0.724095
    0.672999
    0.615408
    0.551872
    0.483055
     0.40964
    0.332359
    0.251996
    0.169283
   0.0851556
   -0.661041
    -1.31622
    -1.95917
    -2.58368
    -3.18367
    -3.75337
    -4.28722
    -4.78006
    -5.22709
    -5.62398
    -5.96686
     -6.2524
    -6.47779
    -6.64085
    -6.73994
    -6.77416
    -6.74315
    -6.64712
    -6.48692
    -6.26416
    -5.98104
    -5.64012
    -5.24466
    -4.79847
    -4.30584
    -3.77152
    -3.20064
    -2.59872
    -1.97156
    -1.32521
   -0.665914
   0.0825721
    0.164414
    0.244729
    0.322742
    0.397693
    0.468856
    0.535537
    0.597089
    0.652908
     0.70245
    0.745227
    0.780817
    0.808866
     0.82909
    0.841281
    0.845313
    0.841124
    0.828784
      0.8084
      0.7802
    0.744453
    0.701537
    0.651878
    0.595969
     0.53437
    0.467688
    0.396593
    0.321772
    0.243983
    0.163916
   0.0824862
   -0.642801
    -1.27981
    -1.90481
    -2.51181
    -3.09491
    -3.64848
    -4.16714
    -4.64588
    -5.08005
    -5.46545
    -5.79831
    -6.07543
    -6.29408
    -6.45215
    -6.54804
    -6.58093
    -6.55055
    -6.45701
    -6.30118
    -6.08453
    -5.80915
    -5.47766
    -5.09326
    -4.65964
    -4.18098
     -3.6619
    -3.10741
    -2.52286
    -1.91388
    -1.28636
   -0.646353
   0.0800361
    0.159374
    0.237237
     0.31287
    0.385533
    0.454518
    0.519148
     0.57879
    0.632854
    0.680809
    0.722174
    0.756549
    0.783576
     0.80302
    0.814688
    0.818457
    0.814282
    0.802224
      0.7824
    0.755024
    0.720371
    0.678797
    0.630723
    0.576621
    0.517036
    0.452545
    0.383791
    0.311431
    0.236186
    0.158715
   0.0798784
   -0.624448
    -1.24318
    -1.85018
    -2.43961
    -3.00577
    -3.54318
    -4.04665
     -4.5113
    -4.93263
    -5.30656
    -5.62946
    -5.89823
    -6.11025
    -6.26343
    -6.35625
    -6.38786
    -6.35796
    -6.26675
     -6.1151
    -5.90445
    -5.63683
    -5.31482
    -4.94151
    -4.52051
    -4.05588
     -3.5521
    -3.01404
    -2.44689
    -1.85614
    -1.24747
   -0.626783
   0.0774623
    0.154258
    0.229628
    0.302839
    0.373166
    0.439919
    0.502439
    0.560107
    0.612347
    0.658645
    0.698529
    0.731624
    0.757576
    0.776202
    0.787331
    0.790845
    0.786716
    0.774991
      0.7558
    0.729333
    0.695867
     0.65573
     0.60933
    0.557115
     0.49961
    0.437362
    0.370986
    0.301108
    0.228414
    0.153535
   0.0772822
   -0.606006
    -1.20638
    -1.79528
    -2.36708
    -2.91622
    -3.43741
    -3.92561
    -4.37611
    -4.78455
    -5.14697
    -5.45986
    -5.72022
    -5.92557
    -6.07384
    -6.16357
     -6.1939
    -6.16452
     -6.0757
    -5.92829
    -5.72372
    -5.46395
    -5.15149
    -4.78937
    -4.38107
    -3.93054
    -3.44214
    -2.92057
    -2.37088
    -1.79839
    -1.20859
   -0.607225
   0.0747777
     0.14892
    0.221683
    0.292353
    0.360219
    0.424622
    0.484912
    0.540513
    0.590873
    0.635492
    0.673924
    0.705812
    0.730837
    0.748794
    0.759524
     0.76292
     0.75896
    0.747689
    0.729231
    0.703767
    0.671562
    0.632926
    0.588251
    0.537961
    0.482552
    0.422546
    0.358526
    0.291088
     0.22088
    0.148519
   0.0747526
   -0.587442
    -1.16935
    -1.74008
    -2.29416
    -2.82622
    -3.33115
    -3.80406
    -4.24038
    -4.63591
    -4.98681
    -5.28968
    -5.54163
    -5.74022
     -5.8835
    -5.97007
    -5.99911
    -5.97032
    -5.88398
    -5.74092
    -5.54253
    -5.29072
    -4.98792
    -4.63707
    -4.24156
     -3.8052
    -3.33222
    -2.82719
    -2.29498
    -1.74074
    -1.16981
   -0.587724
   0.0719492
    0.143302
    0.213328
    0.281337
    0.346634
    0.408592
    0.466578
    0.520058
     0.56851
    0.611451
    0.648457
     0.67919
    0.703363
    0.720742
    0.731173
    0.734554
    0.730868
    0.720151
    0.702521
    0.678146
    0.647276
    0.610206
    0.567306
    0.518975
    0.465682
    0.407923
    0.346249
    0.281228
    0.213474
    0.143589
   0.0722652
   -0.568712
      -1.132
    -1.68442
    -2.22066
    -2.73555
    -3.22412
    -3.68166
    -4.10377
    -4.48635
    -4.82573
    -5.11862
    -5.36219
    -5.55409
    -5.69247
      -5.776
    -5.80386
    -5.77578
    -5.69205
    -5.55346
    -5.36137
    -5.11763
    -4.82459
     -4.4851
    -4.10243
    -3.68029
    -3.22275
    -2.73424
    -2.21947
    -1.68343
    -1.13127
   -0.568356
   0.0688708
     0.13723
    0.204374
    0.269628
    0.332334
    0.391854
    0.447576
    0.498997
    0.545618
    0.586975
    0.622665
     0.65235
    0.675751
    0.692639
    0.702861
    0.706314
     0.70298
    0.692885
    0.676136
    0.652889
    0.623376
    0.587876
    0.546732
    0.500327
    0.449102
    0.393534
    0.334144
    0.271481
     0.20613
    0.138683
   0.0697924
   -0.549899
    -1.09449
    -1.62852
    -2.14686
    -2.64451
    -3.11668
    -3.55883
    -3.96669
    -4.33634
    -4.66422
    -4.94715
    -5.18241
    -5.36774
    -5.50135
    -5.58194
    -5.60876
    -5.58153
    -5.50053
    -5.36654
    -5.18086
    -4.94528
    -4.66208
      -4.334
    -3.96421
    -3.55628
    -3.11416
    -2.64211
     -2.1447
    -1.62672
    -1.09316
   -0.549209
   0.0656254
    0.130847
    0.194991
    0.257405
    0.317466
    0.374526
     0.42799
    0.477382
    0.522222
    0.562058
    0.596509
    0.625228
    0.647946
     0.66443
    0.674528
    0.678137
    0.675228
    0.665819
    0.650003
    0.627924
    0.599792
     0.56587
    0.526478
    0.481982
    0.432798
    0.379384
    0.322238
    0.261889
    0.198899
    0.133849
   0.0673541
   -0.530977
    -1.05679
    -1.57239
    -2.07281
    -2.55323
    -3.00905
    -3.43587
    -3.82959
    -4.18642
    -4.50291
    -4.77602
    -5.00312
    -5.18202
    -5.31099
     -5.3888
     -5.4147
    -5.38844
    -5.31027
    -5.18096
    -5.00174
    -4.77436
    -4.50101
    -4.18433
    -3.82737
    -3.43359
    -3.00678
    -2.55106
    -2.07082
    -1.57072
    -1.05555
   -0.530315
   0.0623757
    0.124448
     0.18558
    0.245138
    0.302523
    0.357122
    0.408375
    0.455791
    0.498902
     0.53727
    0.570519
    0.598309
     0.62037
    0.636475
    0.646464
    0.650233
    0.647741
    0.639001
    0.624092
    0.603147
    0.576359
    0.543977
      0.5063
    0.463678
     0.41651
    0.365229
    0.310316
    0.252276
    0.191647
    0.128999
   0.0649147
   -0.512042
     -1.0191
     -1.5163
    -1.99888
    -2.46218
    -2.90176
     -3.3134
    -3.69313
     -4.0373
    -4.34258
    -4.60605
    -4.82516
     -4.9978
     -5.1223
    -5.19747
    -5.22257
    -5.19737
    -5.12211
    -4.99752
     -4.8248
    -4.60561
    -4.34206
    -4.03671
    -3.69249
    -3.31272
    -2.90106
    -2.46148
    -1.99819
    -1.51567
    -1.01858
   -0.511736
   0.0591051
    0.118013
    0.176123
    0.232825
    0.287541
    0.339699
    0.388772
    0.434248
    0.475671
    0.512612
    0.544697
    0.571595
    0.593032
    0.608782
    0.618681
    0.622619
    0.620546
    0.612469
    0.598454
    0.578624
    0.553156
    0.522286
    0.486297
    0.445522
    0.400341
     0.35117
    0.298468
    0.242717
    0.184434
    0.124172
   0.0624874
   -0.493221
   -0.981661
    -1.46064
    -1.92556
    -2.37195
    -2.79553
    -3.19221
    -3.55818
    -3.88992
    -4.18422
    -4.43824
    -4.64954
    -4.81607
    -4.93621
    -5.00883
     -5.0332
    -5.00909
    -4.93672
    -4.81681
    -4.65049
    -4.43937
    -4.18549
    -3.89129
    -3.55961
    -3.19364
    -2.79689
     -2.3732
    -1.92662
    -1.46143
   -0.982166
   -0.493441
   0.0559406
    0.111768
    0.166915
    0.220807
    0.272889
    0.322619
    0.369483
    0.412991
    0.452693
    0.488173
    0.519062
    0.545034
    0.565814
     0.58118
    0.590963
     0.59505
    0.593382
     0.58596
    0.572841
    0.554131
    0.529999
    0.500653
    0.466361
    0.427436
    0.384235
    0.337166
    0.286679
    0.233217
    0.177276
    0.119392
   0.0600827
   -0.474621
   -0.944699
    -1.40574
     -1.8533
    -2.28311
    -2.69099
    -3.07305
    -3.42558
    -3.74518
    -4.02876
    -4.27358
    -4.47726
    -4.63784
    -4.75376
     -4.8239
    -4.84756
    -4.82452
    -4.75499
    -4.63965
    -4.47958
    -4.27634
    -4.03189
    -3.74858
    -3.42913
    -3.07661
    -2.69444
    -2.28629
    -1.85608
    -1.40796
    -0.94626
   -0.475428
   0.0528602
     0.10568
    0.157925
    0.209052
    0.258535
    0.305854
    0.350516
    0.392051
     0.43002
    0.464022
    0.493692
    0.518714
    0.538814
    0.553771
    0.563414
    0.567627
    0.566346
    0.559564
    0.547328
     0.52973
    0.506925
    0.479098
    0.446498
    0.409419
    0.368192
    0.323221
    0.274942
    0.223763
    0.170155
    0.114638
   0.0576924
   -0.456351
   -0.908424
     -1.3519
    -1.78252
    -2.19613
    -2.58872
    -2.95653
    -3.29596
    -3.60373
    -3.87687
    -4.11271
    -4.30896
    -4.46372
    -4.57548
    -4.64316
     -4.6661
    -4.64407
    -4.57728
    -4.46637
     -4.3124
    -4.11685
     -3.8816
    -3.60894
    -3.30148
    -2.96214
    -2.59423
     -2.2013
    -1.78713
    -1.35571
   -0.911183
   -0.457836
   0.0498239
   0.0996719
    0.149038
    0.197416
    0.244304
    0.289214
    0.331673
    0.371234
    0.407473
    0.440005
    0.468478
    0.492583
    0.512055
    0.526671
    0.536265
    0.540707
     0.53993
    0.533917
    0.522711
     0.50638
    0.485102
    0.458939
    0.428081
    0.392855
    0.353547
    0.310566
    0.264292
    0.215175
    0.163638
     0.11025
   0.0554587
   -0.438376
   -0.872827
    -1.29926
    -1.71344
    -2.11141
    -2.48923
    -2.84326
    -3.17003
    -3.46636
    -3.72936
    -3.95647
    -4.14546
    -4.29449
    -4.40213
     -4.4673
    -4.48942
    -4.46826
    -4.40403
    -4.29735
    -4.14924
    -3.96113
    -3.73484
    -3.47254
    -3.17676
    -2.85032
    -2.49639
    -2.11837
    -1.71989
    -1.30479
    -0.87702
   -0.440716
   0.0468748
   0.0938251
    0.140373
    0.186052
    0.230387
    0.272921
    0.313205
    0.350816
     0.38535
    0.416441
    0.443749
    0.466977
     0.48587
    0.500203
    0.509814
    0.514558
    0.514362
    0.509196
    0.499096
    0.484101
    0.464402
    0.439928
     0.41081
    0.377398
    0.339939
    0.298845
    0.254447
     0.20724
    0.157611
    0.106184
   0.0533829
   -0.421139
   -0.838662
    -1.24867
    -1.64698
    -2.02978
    -2.39324
    -2.73386
    -3.04825
    -3.33338
    -3.58645
    -3.80499
    -3.98688
    -4.13032
    -4.23394
    -4.29669
    -4.31805
    -4.29777
    -4.23608
    -4.13357
     -3.9912
    -3.81036
    -3.59279
    -3.34057
    -3.05613
     -2.7422
     -2.4018
    -2.03821
    -1.65489
    -1.25556
   -0.843989
   -0.424159
   0.0441225
   0.0883631
    0.132278
    0.175447
    0.217438
    0.257817
    0.296178
    0.332088
    0.365176
    0.395051
    0.421375
    0.443865
     0.46226
    0.476342
    0.485934
    0.490896
    0.491131
    0.486601
    0.477307
    0.463285
    0.444651
    0.421425
    0.393736
     0.36188
    0.326099
    0.286773
    0.244232
    0.198952
    0.151324
    0.101949
   0.0512605
    -0.40509
   -0.806675
    -1.20097
    -1.58398
    -1.95202
    -2.30143
    -2.62883
    -2.93101
    -3.20502
    -3.44824
     -3.6583
    -3.83316
    -3.97111
    -4.07082
     -4.1313
    -4.15199
    -4.13268
    -4.07355
    -3.97517
    -3.83846
    -3.66474
    -3.45567
    -3.21326
    -2.93982
      -2.638
    -2.31067
    -1.96098
    -1.59228
    -1.20812
   -0.812138
   -0.408163
   0.0417008
   0.0835413
    0.125113
    0.166048
    0.205954
     0.24442
    0.281083
    0.315494
    0.347312
    0.376111
    0.401552
    0.423364
    0.441272
    0.455071
    0.464563
    0.469615
    0.470109
    0.466005
    0.457274
    0.443959
    0.426119
     0.40388
    0.377386
    0.346885
    0.312617
    0.274935
     0.23416
    0.190747
    0.145085
    0.097742
   0.0491524
   -0.389527
   -0.775655
    -1.15472
    -1.52291
    -1.87668
    -2.21254
     -2.5272
    -2.81763
    -3.08097
    -3.31474
    -3.51665
    -3.68476
    -3.81743
    -3.91336
    -3.97162
    -3.99163
    -3.97319
    -3.91645
    -3.82197
    -3.69063
    -3.52369
    -3.32275
    -3.08973
    -2.82687
     -2.5367
    -2.22199
    -1.88576
    -1.53124
    -1.16182
   -0.781028
   -0.392527
   0.0399805
   0.0800538
    0.119866
    0.159038
    0.197189
    0.233959
    0.268979
    0.301862
    0.332257
    0.359794
     0.38414
     0.40503
    0.422192
    0.435425
     0.44453
    0.449379
     0.44985
    0.445905
     0.43751
    0.424713
    0.407571
     0.38622
    0.360808
    0.331573
    0.298756
    0.262689
    0.223697
    0.182199
    0.138589
   0.0933691
    0.046982
   -0.374283
   -0.745285
    -1.10944
    -1.46317
    -1.80306
    -2.12578
    -2.42818
    -2.70733
     -2.9605
    -3.18526
    -3.37942
    -3.54108
    -3.66867
    -3.76093
    -3.81698
    -3.83624
    -3.81852
    -3.76399
    -3.67315
    -3.54688
    -3.38639
    -3.19321
    -2.96921
    -2.71653
    -2.43761
    -2.13513
    -1.81199
    -1.47128
    -1.11629
     -0.7504
   -0.377122
   0.0388677
   0.0777319
    0.116278
    0.154104
     0.19083
    0.226144
    0.259676
    0.291103
    0.320074
    0.346287
    0.369422
    0.389234
    0.405457
     0.41791
    0.426394
      0.4308
    0.431008
     0.42699
    0.418713
    0.406234
    0.389612
     0.36899
    0.344522
    0.316439
    0.284983
    0.250467
    0.213216
    0.173613
    0.132051
   0.0889639
   0.0447951
   -0.359541
   -0.715905
    -1.06562
    -1.40533
    -1.73175
    -2.04169
    -2.33215
    -2.60029
    -2.84349
    -3.05938
    -3.24586
     -3.4011
    -3.52358
    -3.61211
    -3.66583
    -3.68419
    -3.66701
    -3.61446
    -3.52703
    -3.40558
    -3.25127
    -3.06559
    -2.85034
    -2.60759
    -2.33968
     -2.0492
    -1.73893
    -1.41187
    -1.07116
   -0.720026
   -0.361843
   0.0383595
   0.0764919
    0.114022
    0.150695
    0.186127
    0.220072
     0.25217
    0.282151
    0.309685
    0.334509
     0.35633
    0.374928
     0.39006
    0.401562
    0.409257
    0.413049
    0.412837
      0.4086
    0.400322
    0.388063
    0.371895
    0.351959
    0.328418
    0.301486
    0.271415
    0.238479
    0.203005
     0.16531
    0.125764
   0.0847571
    0.042691
   -0.345088
   -0.687155
    -1.02288
      -1.349
    -1.66235
    -1.95987
    -2.23866
    -2.49599
    -2.72935
    -2.93646
    -3.11529
     -3.2641
    -3.38143
    -3.46614
     -3.5174
     -3.5347
    -3.51789
    -3.46712
    -3.38289
    -3.26603
    -3.11766
    -2.93924
     -2.7325
    -2.49945
    -2.24233
    -1.96364
    -1.66607
    -1.35252
    -1.02603
   -0.689627
   -0.346595
   0.0382184
   0.0759548
    0.112762
    0.148529
    0.182869
      0.2156
    0.246379
    0.274986
    0.301116
    0.324548
    0.345017
    0.362335
    0.376287
    0.386733
    0.393523
    0.396578
    0.395822
    0.391245
    0.382852
    0.370708
      0.3549
    0.335566
    0.312879
    0.287036
    0.258292
    0.226881
    0.193126
    0.157279
    0.119685
   0.0806878
   0.0406537
   -0.330955
   -0.659016
   -0.981004
    -1.29376
    -1.59423
    -1.87948
    -2.14673
    -2.39335
    -2.61694
    -2.81531
    -2.98653
    -3.12892
     -3.2411
    -3.32198
    -3.37076
    -3.38699
     -3.3705
    -3.32147
    -3.24039
    -3.12806
    -2.98559
    -2.81437
    -2.61609
    -2.39267
    -2.14627
     -1.8793
    -1.59432
    -1.29412
   -0.981663
    -0.65977
   -0.331628
   0.0379439
   0.0752347
    0.111376
    0.146317
    0.179665
    0.211286
    0.240855
    0.268191
    0.293016
    0.315144
    0.334344
    0.350455
    0.363298
    0.372756
    0.378712
    0.381105
    0.379887
    0.375058
    0.366648
     0.35471
    0.339349
    0.320671
    0.298844
    0.274046
     0.24651
    0.216463
    0.184196
    0.149966
    0.114092
   0.0769029
   0.0387463
   -0.317158
   -0.631492
   -0.939943
    -1.23949
    -1.52722
    -1.80031
    -2.05609
    -2.29207
    -2.50595
    -2.69563
    -2.85928
    -2.99529
    -3.10235
    -3.17941
    -3.22575
    -3.24091
    -3.22475
    -3.17746
    -3.09949
    -2.99166
    -2.85499
    -2.69091
    -2.50103
    -2.28721
    -2.05155
     -1.7963
    -1.52393
    -1.23704
   -0.938434
   -0.630772
   -0.317102
   0.0376019
   0.0744101
     0.10988
    0.144019
    0.176424
    0.207004
    0.235446
    0.261603
    0.285226
    0.306157
    0.324198
    0.339213
    0.351058
    0.359637
    0.364866
    0.366698
    0.365117
    0.360121
    0.351768
    0.340088
    0.325204
     0.30718
    0.286178
    0.262353
    0.235918
    0.207099
    0.176156
    0.143364
    0.109028
   0.0734621
    0.037006
   -0.303492
   -0.604227
   -0.899263
    -1.18573
    -1.46083
    -1.72187
    -1.96633
    -2.19181
    -2.39612
    -2.57728
    -2.73352
    -2.86334
    -2.96547
    -3.03894
    -3.08304
    -3.09736
    -3.08178
    -3.03646
    -2.96183
    -2.85869
    -2.72798
    -2.57111
    -2.38964
    -2.18533
    -1.96021
    -1.71637
    -1.45624
    -1.18218
   -0.896921
   -0.602936
    -0.30316
   0.0367825
   0.0727492
    0.107341
    0.140558
    0.172001
    0.201585
    0.229017
     0.25416
     0.27679
    0.296764
    0.313915
    0.328118
    0.339261
    0.347248
    0.352022
    0.353529
    0.351767
    0.346734
    0.338486
    0.327061
    0.312567
    0.295084
    0.274765
    0.251763
    0.226283
    0.198542
    0.168796
    0.137307
    0.104378
      0.0703
    0.035409
   -0.289952
   -0.577209
   -0.858946
    -1.13245
    -1.39504
    -1.64419
    -1.87746
     -2.0926
    -2.28752
    -2.46033
    -2.60935
    -2.73316
    -2.83055
    -2.90062
    -2.94266
    -2.95637
    -2.94162
    -2.89856
    -2.82764
    -2.72952
    -2.60515
    -2.45578
    -2.28286
    -2.08804
    -1.87325
    -1.64049
    -1.39205
    -1.13022
   -0.857599
   -0.576561
   -0.289919
   0.0356267
   0.0704682
    0.103963
    0.136105
    0.166503
    0.195073
    0.221538
    0.245762
    0.267545
    0.286743
    0.303214
    0.316832
     0.32751
    0.335139
    0.339678
    0.341059
    0.339283
    0.334343
    0.326288
    0.315164
    0.301069
    0.284103
    0.264413
    0.242158
     0.21754
     0.19077
    0.162103
    0.131793
     0.10014
    0.067415
   0.0339509
   -0.276538
   -0.550462
   -0.819067
     -1.0798
    -1.33012
    -1.56762
    -1.78999
     -1.9951
    -2.18097
    -2.34581
    -2.48802
    -2.60625
    -2.69932
    -2.76638
    -2.80674
    -2.82014
    -2.80646
    -2.76581
    -2.69864
     -2.6055
    -2.48735
    -2.34524
    -2.18059
    -1.99491
    -1.79005
     -1.5679
    -1.33067
    -1.08054
   -0.819995
   -0.551335
   -0.277251
   0.0339512
   0.0672652
   0.0994312
    0.130361
    0.159693
    0.187293
      0.2129
    0.236354
    0.257456
    0.276069
    0.292057
    0.305286
    0.315675
    0.323109
    0.327544
    0.328914
    0.327217
    0.322446
    0.314647
     0.30387
    0.290208
     0.27377
    0.254703
     0.23317
    0.209373
    0.183524
    0.155876
    0.126674
   0.0962158
   0.0647508
    0.032607
    -0.26321
   -0.523925
   -0.779563
    -1.02773
    -1.26599
    -1.49209
    -1.70384
    -1.89924
    -2.07638
    -2.23362
    -2.36946
    -2.48258
    -2.57189
    -2.63651
    -2.67579
    -2.68937
    -2.67713
    -2.63913
    -2.57576
    -2.48754
    -2.37536
    -2.24021
    -2.08343
    -1.90647
    -1.71105
      -1.499
    -1.27242
    -1.03339
   -0.784293
   -0.527373
   -0.265178
   0.0319596
   0.0634718
   0.0940897
    0.123647
    0.151811
    0.178394
    0.203146
    0.225872
    0.246371
    0.264498
     0.28012
    0.293087
    0.303315
    0.310679
    0.315129
    0.316599
    0.315081
    0.310569
    0.303103
    0.292736
     0.27956
    0.263689
    0.245269
    0.224471
    0.201497
    0.176557
    0.149907
    0.121781
    0.092476
   0.0622188
   0.0313336
   -0.250184
   -0.498026
   -0.741078
   -0.977102
    -1.20378
      -1.419
    -1.62064
    -1.80684
    -1.97574
    -2.12582
    -2.25565
    -2.36394
    -2.44968
    -2.51195
    -2.55017
    -2.56388
    -2.55295
    -2.51741
     -2.4576
    -2.37402
     -2.2675
    -2.13897
    -1.98971
    -1.82107
    -1.63472
    -1.43238
    -1.21604
   -0.987737
   -0.749696
   -0.504141
   -0.253467
   0.0298616
   0.0594477
   0.0883685
    0.116421
    0.143309
    0.168796
     0.19265
    0.214634
    0.234551
    0.252223
    0.267503
    0.280237
    0.290323
    0.297643
    0.302136
     0.30374
    0.302442
     0.29824
    0.291173
    0.281293
    0.268695
    0.253487
    0.235817
    0.215847
    0.193779
    0.169812
    0.144197
    0.117156
   0.0889723
    0.059869
   0.0301463
    -0.23722
   -0.472368
   -0.703146
   -0.927439
    -1.14308
    -1.34802
    -1.54027
    -1.71797
    -1.87938
    -2.02295
    -2.14729
    -2.25114
    -2.33351
    -2.39351
    -2.43056
    -2.44423
    -2.43437
      -2.401
    -2.34444
    -2.26516
    -2.16392
    -2.04163
    -1.89946
    -1.73874
    -1.56099
    -1.36793
     -1.1614
     -0.9434
    -0.71603
   -0.481485
   -0.242037
   0.0276715
   0.0552339
   0.0823575
    0.108808
    0.134326
    0.158633
    0.181513
    0.202692
    0.221975
    0.239149
    0.254055
    0.266531
     0.27646
    0.283729
    0.288268
    0.290021
     0.28897
    0.285116
      0.2785
    0.269171
    0.257225
     0.24276
    0.225927
    0.206873
    0.185796
    0.162881
    0.138367
    0.112466
   0.0854425
   0.0575161
   0.0289638
   -0.224888
   -0.447962
   -0.667064
   -0.880179
    -1.08528
    -1.28036
    -1.46356
    -1.63301
    -1.78711
    -1.92427
    -2.04316
    -2.14254
    -2.22146
    -2.27907
    -2.31479
    -2.32822
    -2.31921
    -2.28777
     -2.2342
    -2.15894
    -2.06271
    -1.94638
    -1.81105
    -1.65798
    -1.48862
    -1.30461
     -1.1077
   -0.899802
   -0.682919
   -0.459201
   -0.230796
   0.0254945
   0.0510322
   0.0763676
    0.101191
    0.125269
    0.148303
    0.170077
    0.190317
    0.208826
    0.225385
    0.239831
    0.251996
    0.261761
    0.269006
    0.273662
    0.275662
    0.274988
     0.27163
    0.265626
    0.257014
    0.245885
    0.232326
    0.216477
    0.198467
     0.17848
    0.156681
    0.133282
    0.108482
   0.0824974
   0.0555906
   0.0279572
    -0.21321
   -0.424904
   -0.633141
   -0.835812
    -1.03102
    -1.21676
    -1.39125
     -1.5527
    -1.69956
     -1.8303
    -1.94366
    -2.03846
    -2.11377
    -2.16879
    -2.20296
     -2.2159
    -2.20745
    -2.17764
    -2.12673
    -2.05516
     -1.9636
    -1.85289
    -1.72407
    -1.57837
    -1.41716
      -1.242
    -1.05455
   -0.856648
   -0.650181
   -0.437198
    -0.21971
   0.0233016
   0.0467846
   0.0702856
   0.0934165
    0.115973
    0.137637
    0.158199
    0.177392
    0.195022
    0.210873
    0.224782
    0.236582
    0.246156
    0.253376
    0.258175
    0.260473
    0.260252
    0.257484
    0.252202
    0.244426
    0.234239
    0.221707
    0.206956
    0.190092
    0.171278
    0.150654
    0.128402
    0.104704
    0.079734
    0.053799
   0.0270205
   -0.202008
    -0.40276
   -0.600516
    -0.79307
   -0.978655
    -1.15527
    -1.32123
     -1.4748
    -1.61451
    -1.73889
    -1.84675
    -1.93697
    -2.00865
    -2.06104
    -2.09361
    -2.10599
    -2.09803
    -2.06976
    -2.02142
    -1.95344
    -1.86645
    -1.76125
    -1.63883
    -1.50036
    -1.34713
    -1.18064
    -1.00247
   -0.814357
   -0.618091
   -0.415625
   -0.208839
   0.0211429
   0.0425878
   0.0642294
   0.0856474
    0.106672
    0.126964
    0.146335
    0.164508
    0.181302
    0.196493
    0.209926
    0.221427
    0.230877
    0.238147
    0.243161
    0.245835
    0.246141
     0.24404
    0.239551
    0.232677
    0.223484
    0.212007
    0.198346
    0.182577
     0.16481
     0.14521
    0.123906
    0.101133
   0.0770244
   0.0519633
   0.0260735
   -0.191683
   -0.382181
    -0.56986
   -0.752599
   -0.928726
    -1.09633
    -1.25382
    -1.39954
    -1.53209
    -1.65009
     -1.7524
    -1.83795
    -1.90591
    -1.95557
    -1.98641
    -1.99812
    -1.99053
     -1.9637
    -1.91784
    -1.85338
    -1.77091
    -1.67118
    -1.55513
    -1.42382
    -1.27848
    -1.12053
   -0.951445
   -0.772904
   -0.586585
   -0.394406
   -0.198144
   0.0189402
   0.0383102
   0.0580623
   0.0777457
   0.0972255
    0.116145
    0.134333
    0.151506
    0.167491
    0.182062
    0.195066
    0.206322
     0.21571
    0.223093
    0.228388
    0.231503
    0.232398
     0.23102
    0.227373
    0.221439
    0.213263
    0.202846
    0.190258
    0.175548
    0.158775
    0.140132
    0.119703
   0.0977801
   0.0744668
   0.0502223
   0.0251727
   -0.181617
   -0.362116
   -0.539961
   -0.713119
   -0.880006
    -1.03881
    -1.18801
    -1.32605
    -1.45159
    -1.56334
    -1.66021
     -1.7412
     -1.8055
    -1.85247
    -1.88162
    -1.89264
    -1.88538
    -1.85991
    -1.81643
    -1.75534
    -1.67722
    -1.58277
    -1.47288
    -1.34854
    -1.21089
    -1.06129
   -0.901111
   -0.731989
   -0.555475
   -0.373452
   -0.187584
   0.0170339
   0.0345737
   0.0526091
   0.0706967
    0.088723
    0.106337
    0.123378
     0.13957
    0.154742
    0.168673
    0.181209
    0.192171
    0.201433
    0.208854
    0.214342
     0.21779
    0.219141
    0.218328
    0.215319
    0.210102
    0.202685
    0.193084
    0.181336
     0.16751
    0.151658
    0.133961
     0.11451
   0.0935829
    0.071299
   0.0480957
   0.0241177
   -0.171881
    -0.34268
   -0.510931
   -0.674729
   -0.832567
   -0.982741
    -1.12381
    -1.25432
    -1.37298
     -1.4786
    -1.57012
    -1.64663
    -1.70737
    -1.75171
    -1.77921
    -1.78957
    -1.78266
     -1.7585
    -1.71729
    -1.65942
    -1.58541
    -1.49597
    -1.39191
    -1.27423
      -1.144
    -1.00252
    -0.85108
   -0.691242
    -0.52448
   -0.352565
   -0.177094
   0.0152606
   0.0310987
   0.0475348
   0.0641293
   0.0807869
   0.0971625
    0.113103
    0.128341
    0.142707
    0.155989
    0.168028
    0.178651
    0.187725
    0.195106
    0.200694
    0.204369
    0.206059
    0.205682
    0.203179
    0.198548
    0.191765
    0.182869
    0.171875
    0.158878
    0.143929
    0.127199
    0.108779
   0.0889325
   0.0677838
   0.0457384
   0.0229508
    -0.16241
   -0.323781
   -0.482723
   -0.637449
   -0.786525
   -0.928348
    -1.06155
    -1.18474
    -1.29672
    -1.39635
    -1.48265
    -1.55475
    -1.61194
    -1.65364
    -1.67945
    -1.68907
     -1.6824
    -1.65944
    -1.62038
     -1.5656
    -1.49558
    -1.41101
    -1.31267
    -1.20151
    -1.07857
    -0.94505
   -0.802186
   -0.651448
   -0.494232
   -0.332196
   -0.166872
   0.0141064
   0.0287028
    0.043776
   0.0590099
   0.0742944
   0.0893601
    0.104049
    0.118141
    0.131465
    0.143847
    0.155134
    0.165169
    0.173835
     0.18096
    0.186436
     0.19014
    0.191983
     0.19189
    0.189794
    0.185688
    0.179543
    0.171395
    0.161257
    0.149215
    0.135325
    0.119729
    0.102526
    0.083929
   0.0640515
   0.0432759
    0.021724
   -0.153081
   -0.305242
   -0.455187
   -0.601174
   -0.741855
   -0.875679
    -1.00136
    -1.11755
    -1.22311
    -1.31696
    -1.39819
    -1.46597
    -1.51962
    -1.55864
    -1.58263
    -1.59136
    -1.58473
    -1.56279
     -1.5257
    -1.47385
    -1.40769
    -1.32787
    -1.23512
    -1.13037
    -1.01458
   -0.888897
   -0.754475
   -0.612678
   -0.464838
   -0.312456
   -0.156988
   0.0132193
   0.0267993
   0.0406771
   0.0546549
   0.0686085
     0.08235
   0.0957225
    0.108566
    0.120714
    0.132046
    0.142416
    0.151701
    0.159799
    0.166515
    0.171741
    0.175348
    0.177239
    0.177347
    0.175602
    0.171991
    0.166481
    0.159103
    0.149868
    0.138846
    0.126094
    0.111723
   0.0958313
   0.0785804
   0.0600664
   0.0406482
   0.0204154
   -0.144297
   -0.287745
   -0.429124
   -0.566732
   -0.699308
   -0.825362
   -0.943702
    -1.05304
    -1.15229
    -1.24048
    -1.31674
    -1.38031
    -1.43053
    -1.46698
    -1.48925
    -1.49718
    -1.49067
    -1.46979
    -1.43472
    -1.38579
    -1.32345
     -1.2483
    -1.16101
    -1.06247
   -0.953585
   -0.835416
   -0.709068
   -0.575796
   -0.436879
   -0.293677
   -0.147579
   0.0119567
   0.0242183
   0.0366757
   0.0492295
   0.0617544
   0.0741364
   0.0862671
   0.0979593
    0.109082
    0.119495
    0.129068
    0.137676
    0.145207
    0.151507
    0.156463
    0.159964
    0.161913
    0.162243
    0.160885
    0.157805
    0.152966
    0.146379
    0.138036
    0.128012
     0.11634
    0.103149
   0.0885248
   0.0726225
   0.0555408
   0.0375988
   0.0189188
   -0.136487
   -0.271992
    -0.40529
   -0.534872
   -0.659513
   -0.777893
   -0.888868
   -0.991321
    -1.08424
    -1.16675
    -1.23803
    -1.29741
    -1.34429
    -1.37824
    -1.39892
    -1.40617
    -1.39989
    -1.38016
    -1.34716
    -1.30121
     -1.2427
     -1.1722
    -1.09035
   -0.997913
   -0.895738
    -0.78482
   -0.666194
   -0.541034
   -0.410531
   -0.275982
   -0.138671
    0.010536
    0.021338
    0.032261
   0.0433106
   0.0543639
   0.0653808
   0.0762974
   0.0868909
   0.0970561
    0.106623
    0.115467
    0.123456
    0.130465
    0.136381
    0.141088
    0.144497
    0.146512
    0.147065
    0.146089
    0.143531
    0.139344
    0.133523
    0.126042
    0.116984
     0.10636
   0.0943241
   0.0809601
   0.0664178
   0.0508025
    0.034393
   0.0173396
   -0.128894
   -0.256688
   -0.382161
   -0.504004
   -0.621027
   -0.732074
   -0.836043
   -0.931977
    -1.01893
     -1.0961
    -1.16274
    -1.21822
    -1.26198
    -1.29364
    -1.31285
    -1.31948
    -1.31343
    -1.29478
    -1.26371
     -1.2205
    -1.16556
    -1.09938
     -1.0226
   -0.935887
   -0.840034
   -0.735987
   -0.624725
   -0.507344
    -0.38495
   -0.258775
   -0.129996
   0.0089285
   0.0182071
   0.0277408
    0.037463
   0.0472801
    0.057116
   0.0668934
   0.0764371
   0.0856358
   0.0943413
    0.102427
    0.109768
    0.116236
    0.121725
    0.126109
    0.129314
    0.131229
     0.13181
    0.130972
    0.128691
    0.124914
    0.119659
    0.112906
    0.104743
   0.0952092
   0.0844107
   0.0724431
   0.0594274
   0.0454922
   0.0308248
   0.0156004
   -0.121237
   -0.241328
   -0.359067
   -0.473326
   -0.582972
   -0.686977
   -0.784312
   -0.874102
   -0.955473
    -1.02767
       -1.09
    -1.14188
     -1.1828
    -1.21236
    -1.23029
     -1.2364
    -1.23063
    -1.21303
    -1.18376
     -1.1431
    -1.09141
     -1.0292
   -0.957044
    -0.87562
   -0.785682
    -0.68814
   -0.583919
   -0.474057
   -0.359621
   -0.241702
   -0.121398
  0.00746873
   0.0153752
   0.0236799
   0.0322374
   0.0409737
   0.0497652
   0.0585137
   0.0670905
   0.0753765
   0.0832476
   0.0905753
   0.0972416
    0.103116
    0.108094
    0.112045
    0.114908
    0.116563
    0.116991
    0.116103
    0.113915
    0.110374
    0.105536
    0.099394
   0.0920481
   0.0835672
   0.0740053
   0.0634671
   0.0520395
    0.039868
   0.0270408
   0.0137521
   -0.113913
   -0.226627
   -0.336952
   -0.443939
   -0.546505
   -0.643738
   -0.734673
   -0.818505
   -0.894429
   -0.961732
    -1.01978
    -1.06801
    -1.10598
    -1.13331
    -1.14977
    -1.15516
    -1.14946
    -1.13271
    -1.10505
    -1.06676
    -1.01819
   -0.959825
   -0.892204
   -0.815995
   -0.731903
   -0.640793
   -0.543537
   -0.441112
   -0.334547
   -0.224796
   -0.112883
  0.00656014
   0.0135067
    0.020798
   0.0283306
   0.0360241
   0.0437717
   0.0514663
   0.0589994
   0.0662398
   0.0731026
    0.079454
   0.0852113
   0.0902474
   0.0944857
   0.0978113
    0.100171
    0.101471
    0.101691
    0.100768
   0.0987152
   0.0955079
   0.0911938
   0.0857884
   0.0793726
   0.0720214
   0.0637686
   0.0547152
   0.0449062
   0.0344715
   0.0234374
   0.0119662
   -0.106595
   -0.212008
   -0.315114
   -0.415047
     -0.5108
   -0.601511
   -0.686286
   -0.764351
   -0.834953
   -0.897429
   -0.951182
   -0.995712
     -1.0306
    -1.05552
    -1.07025
    -1.07468
    -1.06876
     -1.0526
    -1.02634
   -0.990287
   -0.944782
   -0.890282
   -0.827333
   -0.756469
   -0.678344
   -0.593748
   -0.503478
   -0.408467
    -0.30966
   -0.207985
   -0.104423
  0.00604138
   0.0123651
   0.0189165
   0.0256325
   0.0324277
   0.0392169
   0.0458879
   0.0523568
   0.0584856
   0.0642362
   0.0694784
   0.0741755
   0.0782145
   0.0815562
   0.0841111
   0.0858421
   0.0866851
   0.0866197
   0.0856102
   0.0836641
   0.0807797
   0.0769908
   0.0723306
   0.0668543
    0.060639
   0.0536955
    0.046119
   0.0379102
   0.0291836
   0.0199066
    0.010214
  -0.0993613
   -0.197523
   -0.293419
   -0.386269
   -0.475146
   -0.559247
   -0.637758
   -0.709947
   -0.775124
   -0.832684
    -0.88208
   -0.922872
   -0.954668
   -0.977214
   -0.990293
   -0.993847
   -0.987838
   -0.972393
   -0.947659
   -0.913941
   -0.871582
   -0.821003
    -0.76276
   -0.697257
   -0.625106
   -0.547024
   -0.463728
    -0.37611
   -0.285022
   -0.191361
  -0.0960666
  0.00568056
   0.0114955
   0.0173456
   0.0232457
    0.029095
   0.0348654
   0.0404516
   0.0458047
   0.0508142
   0.0554488
   0.0596062
   0.0632665
   0.0663415
   0.0688273
   0.0706624
    0.071846
   0.0723658
   0.0721688
   0.0712571
   0.0695932
   0.0671841
   0.0640441
   0.0602093
   0.0556891
   0.0505234
   0.0447526
   0.0384395
   0.0316076
   0.0243551
   0.0166321
   0.0085721
  -0.0922389
   -0.183184
   -0.271809
   -0.357469
   -0.439302
   -0.516612
   -0.588662
   -0.654795
    -0.71438
   -0.766896
    -0.81184
   -0.848855
   -0.877584
   -0.897842
   -0.909439
   -0.912344
   -0.906558
   -0.892139
   -0.869236
   -0.838098
   -0.799042
   -0.752457
    -0.69884
   -0.638619
   -0.572371
   -0.500744
   -0.424423
   -0.344179
   -0.260807
   -0.175094
  -0.0879053
  0.00539121
   0.0107571
   0.0159494
   0.0210617
   0.0259808
   0.0307411
   0.0352503
   0.0395001
    0.043411
   0.0469608
   0.0500759
   0.0527534
     0.05493
   0.0566374
   0.0578419
   0.0585784
   0.0588838
   0.0586666
   0.0579598
   0.0566718
   0.0548094
   0.0523593
   0.0493533
   0.0457497
   0.0415507
   0.0368304
    0.031627
   0.0259978
   0.0200359
   0.0136854
  0.00708625
  -0.0848108
   -0.168255
   -0.249351
   -0.327599
    -0.40221
   -0.472606
   -0.538133
    -0.59822
   -0.652297
   -0.699926
   -0.740638
   -0.774147
   -0.800112
   -0.818401
   -0.828835
   -0.831395
    -0.82611
   -0.812966
   -0.792105
   -0.763725
   -0.728108
   -0.685611
   -0.636668
   -0.581722
   -0.521318
   -0.456034
   -0.386524
   -0.313443
   -0.237533
   -0.159478
  -0.0800789
  0.00459046
   0.0091338
   0.0134688
   0.0176875
    0.021689
   0.0255217
   0.0291299
   0.0325029
   0.0356068
   0.0384072
   0.0408807
   0.0429949
   0.0447287
   0.0460717
   0.0470089
   0.0475467
   0.0476914
   0.0474043
   0.0466765
    0.045497
   0.0438606
   0.0417731
   0.0392563
     0.03629
   0.0328961
   0.0291109
   0.0249953
   0.0205528
   0.0158876
   0.0108885
  0.00569018
  -0.0770563
   -0.152708
   -0.226038
   -0.296666
   -0.363843
   -0.427174
   -0.486055
   -0.540077
   -0.588745
   -0.631696
   -0.668558
   -0.698989
   -0.722703
   -0.739509
    -0.74925
   -0.751861
   -0.747347
   -0.735705
   -0.717058
   -0.691578
   -0.659522
   -0.621198
   -0.577002
   -0.527336
   -0.472705
    -0.41362
    -0.35068
   -0.284461
   -0.215634
   -0.144819
  -0.0727189
  0.00354854
  0.00707779
   0.0104275
   0.0136932
   0.0167868
   0.0197667
   0.0226081
   0.0252895
   0.0278129
   0.0301212
   0.0322282
   0.0340565
   0.0356109
   0.0368207
   0.0376728
    0.038131
    0.038164
   0.0377871
   0.0369568
   0.0357562
   0.0341835
     0.03228
    0.030073
    0.027578
   0.0248454
   0.0218754
   0.0187497
   0.0154114
   0.0119685
  0.00824816
  0.00437485
  -0.0691824
   -0.137004
    -0.20263
   -0.265809
   -0.325823
   -0.382435
   -0.435069
   -0.483442
   -0.527112
   -0.565764
   -0.599113
   -0.626752
   -0.648449
   -0.663962
   -0.673153
   -0.675919
   -0.672243
   -0.662134
   -0.645694
   -0.623069
   -0.594483
   -0.560196
   -0.520557
   -0.475932
   -0.426785
   -0.373564
    -0.31683
   -0.257089
   -0.194949
   -0.130974
  -0.0657702
  0.00246446
  0.00503094
  0.00763392
   0.0102293
   0.0127805
   0.0152486
   0.0176106
   0.0198238
    0.021864
   0.0237033
   0.0253189
   0.0266899
   0.0277973
   0.0286125
   0.0291198
    0.029296
   0.0291273
   0.0286208
   0.0277659
    0.026616
   0.0251895
   0.0235246
   0.0216529
   0.0196193
   0.0174805
   0.0152507
   0.0130297
   0.0107072
   0.0083961
  0.00585345
  0.00317644
  -0.0607732
   -0.120481
   -0.178407
   -0.234369
   -0.287793
   -0.338359
   -0.385576
   -0.429094
   -0.468509
   -0.503487
   -0.533739
   -0.558915
   -0.578796
   -0.593156
   -0.601866
   -0.604825
   -0.602021
   -0.593447
   -0.579203
   -0.559377
   -0.534176
   -0.503776
   -0.468468
   -0.428564
   -0.384426
   -0.336548
   -0.285392
   -0.231526
   -0.175503
   -0.117863
  -0.0591882
  0.00150303
  0.00324281
  0.00525111
  0.00733722
  0.00950588
   0.0116073
    0.013608
   0.0154345
   0.0170298
   0.0183943
   0.0194717
   0.0203059
   0.0208657
   0.0211786
   0.0212394
   0.0210499
   0.0206204
   0.0199509
   0.0190604
   0.0179642
   0.0166929
   0.0152735
   0.0137365
   0.0121519
    0.010581
  0.00905312
  0.00768722
  0.00632104
  0.00507285
  0.00363079
  0.00206617
   -0.052943
   -0.105125
   -0.155932
   -0.205232
   -0.252579
   -0.297562
    -0.33978
   -0.378811
   -0.414293
   -0.445871
   -0.473251
   -0.496133
   -0.514304
   -0.527544
    -0.53573
   -0.538759
   -0.536628
   -0.529319
   -0.516941
   -0.499545
   -0.477334
   -0.450426
    -0.41907
   -0.383539
   -0.344096
   -0.301275
   -0.255427
   -0.207172
   -0.156991
   -0.105393
  -0.0529351
  0.00102604
  0.00224569
  0.00368247
  0.00518937
  0.00674247
  0.00824375
  0.00964783
   0.0109038
   0.0119677
   0.0128243
   0.0134404
   0.0138344
   0.0139939
   0.0139443
   0.0136963
   0.0132672
   0.0126744
   0.0119598
   0.0111695
   0.0103157
  0.00947141
  0.00860475
  0.00778842
   0.0069888
  0.00627229
  0.00558366
  0.00498264
  0.00432019
  0.00358974
  0.00266541
  0.00149489
  -0.0458559
  -0.0912961
   -0.135899
    -0.17934
   -0.221247
   -0.261189
   -0.298812
   -0.333709
   -0.365562
   -0.394016
   -0.418812
   -0.439627
   -0.456266
   -0.468469
   -0.476087
   -0.479032
   -0.477248
   -0.470776
    -0.45967
   -0.444057
    -0.42409
   -0.399965
   -0.371906
   -0.340214
   -0.305171
   -0.267174
   -0.226565
   -0.183816
   -0.139375
  -0.0936244
  -0.0470618
 0.000591695
  0.00131223
  0.00216459
  0.00304831
  0.00391961
  0.00474747
  0.00548859
  0.00612746
  0.00664178
  0.00700379
  0.00720347
  0.00722934
  0.00708307
  0.00678199
  0.00634858
   0.0058128
  0.00519861
   0.0045904
  0.00406211
  0.00362131
  0.00337795
  0.00323074
  0.00328015
  0.00336969
  0.00355296
  0.00367423
  0.00372585
   0.0035739
  0.00309748
  0.00237831
  0.00126272
  -0.0395401
  -0.0789799
   -0.118063
    -0.15626
   -0.193258
     -0.2286
   -0.261971
   -0.292979
   -0.321353
   -0.346748
   -0.368953
   -0.387643
   -0.402659
   -0.413723
    -0.42068
   -0.423469
    -0.42199
    -0.41634
    -0.40651
   -0.392689
   -0.374961
   -0.353584
   -0.328731
   -0.300714
   -0.269824
   -0.236315
   -0.200525
    -0.16279
   -0.123537
  -0.0830473
  -0.0417785
-0.000172748
-0.000189124
-4.72344e-05
 0.000159119
 0.000409292
 0.000655547
  0.00087593
  0.00105109
    0.001173
  0.00122897
  0.00122533
  0.00116764
  0.00109668
 0.000995623
 0.000935716
 0.000867348
 0.000845438
 0.000874211
  0.00101363
  0.00124206
   0.0016126
  0.00204909
  0.00257674
  0.00308203
  0.00354622
  0.00385939
  0.00395159
  0.00377625
  0.00319393
  0.00237999
  0.00119755
  -0.0344605
  -0.0689618
   -0.103334
   -0.136982
   -0.169634
   -0.200809
   -0.230206
   -0.257465
   -0.282302
   -0.304473
   -0.323774
   -0.339967
   -0.352894
   -0.362396
    -0.36835
   -0.370735
   -0.369494
   -0.364683
   -0.356318
   -0.344511
   -0.329353
   -0.311008
    -0.28965
   -0.265451
   -0.238648
   -0.209425
   -0.178041
   -0.144795
       -0.11
  -0.0740214
  -0.0371881
 -0.00105732
 -0.00190634
 -0.00253599
 -0.00302905
 -0.00338196
 -0.00366183
 -0.00387146
 -0.00403616
 -0.00414973
 -0.00420821
 -0.00418721
 -0.00406312
 -0.00375895
 -0.00333372
 -0.00268048
 -0.00194732
 -0.00106973
-0.000147352
 0.000845368
  0.00184212
  0.00283059
  0.00376068
  0.00458959
  0.00526302
  0.00570836
  0.00588376
  0.00567676
  0.00514512
  0.00414118
  0.00293554
  0.00140538
   -0.029887
  -0.0599048
  -0.0899608
   -0.119396
   -0.147994
   -0.175264
    -0.20093
   -0.224676
   -0.246209
    -0.26539
   -0.282014
    -0.29593
   -0.306969
   -0.315084
   -0.320167
   -0.322228
   -0.321244
   -0.317219
   -0.310194
   -0.300201
   -0.287339
   -0.271691
    -0.25344
   -0.232642
   -0.209501
   -0.184149
   -0.156787
    -0.12769
  -0.0970629
  -0.0653566
  -0.0327627
 -0.00202205
 -0.00369318
 -0.00491845
 -0.00586275
 -0.00646164
 -0.00684965
  -0.0069824
 -0.00695675
 -0.00674393
 -0.00639156
 -0.00588643
 -0.00521341
 -0.00432509
 -0.00328618
 -0.00205129
-0.000739491
 0.000657372
  0.00203541
  0.00336241
  0.00457279
  0.00558797
  0.00642389
  0.00698981
  0.00733818
  0.00741875
  0.00720555
  0.00663275
  0.00575908
  0.00451204
  0.00310362
  0.00149387
  -0.0260304
    -0.05208
  -0.0780025
   -0.103322
   -0.127823
   -0.151151
   -0.173061
   -0.193323
   -0.211708
    -0.22808
   -0.242268
   -0.254169
   -0.263661
     -0.2707
   -0.275233
    -0.27722
   -0.276671
   -0.273524
   -0.267833
   -0.259539
   -0.248701
   -0.235385
   -0.219711
   -0.201765
   -0.181675
   -0.159656
   -0.135864
   -0.110582
  -0.0839617
  -0.0564668
  -0.0282286
  -0.0028195
 -0.00512857
 -0.00673702
 -0.00788818
 -0.00845683
 -0.00865012
  -0.0083853
 -0.00784408
 -0.00699075
 -0.00594234
 -0.00471411
 -0.00331497
 -0.00173918
-6.37906e-05
  0.00169325
  0.00344761
  0.00515901
  0.00673181
  0.00808915
  0.00918127
   0.0098792
   0.0102819
   0.0102675
   0.0100108
  0.00949592
  0.00871864
   0.0076612
  0.00637757
   0.0048613
  0.00325093
  0.00157471
  -0.0224172
  -0.0447336
  -0.0667593
  -0.0882029
   -0.108852
   -0.128476
   -0.146861
    -0.16385
   -0.179269
   -0.192973
   -0.204816
   -0.214729
   -0.222627
   -0.228464
   -0.232237
   -0.233869
    -0.23342
   -0.230779
   -0.226037
    -0.21907
   -0.209918
    -0.19865
   -0.185328
   -0.170081
   -0.152961
    -0.13426
   -0.114085
  -0.0927233
  -0.0702635
  -0.0471672
  -0.0234904
 -0.00265273
 -0.00477704
 -0.00612024
 -0.00694999
 -0.00712943
 -0.00687819
 -0.00613572
  -0.0050892
 -0.00375246
 -0.00221818
-0.000536571
  0.00126636
    0.003152
   0.0050454
   0.0068714
  0.00860354
   0.0101697
    0.011516
   0.0125607
   0.0132753
   0.0135563
   0.0134956
   0.0130157
   0.0122685
   0.0112667
   0.0100332
  0.00858523
  0.00697679
  0.00523869
  0.00345741
   0.0016846
  -0.0186818
  -0.0372235
  -0.0554429
  -0.0731551
  -0.0901951
   -0.106378
   -0.121548
   -0.135558
   -0.148288
   -0.159582
   -0.169343
   -0.177453
   -0.183855
    -0.18845
   -0.191197
   -0.192105
   -0.191206
   -0.188484
    -0.18401
   -0.177755
   -0.169772
   -0.160132
   -0.148894
   -0.136184
   -0.122041
   -0.106736
  -0.0903517
  -0.0731585
  -0.0552443
  -0.0369585
  -0.0183769
 -0.00193714
 -0.00336186
 -0.00398057
 -0.00409937
  -0.0035795
 -0.00265773
 -0.00129739
 0.000311867
  0.00211169
  0.00404243
  0.00602743
  0.00803285
  0.00998591
   0.0118254
   0.0134318
   0.0148506
   0.0159918
   0.0168575
   0.0173722
   0.0175368
   0.0172765
   0.0166723
   0.0156847
   0.0144316
   0.0129454
   0.0112692
  0.00945002
  0.00753701
  0.00559457
  0.00365509
  0.00179266
  -0.0151249
   -0.030057
  -0.0446175
  -0.0587193
   -0.072237
  -0.0850264
  -0.0969831
   -0.107971
   -0.117922
    -0.12668
   -0.134207
    -0.14035
   -0.145097
   -0.148307
   -0.149916
   -0.150019
   -0.148619
   -0.145791
   -0.141581
   -0.136052
   -0.129268
   -0.121301
   -0.112205
   -0.102102
  -0.0910146
  -0.0791819
   -0.066657
  -0.0536825
  -0.0403372
  -0.0268549
  -0.0133303
-0.000429249
-0.000552153
-0.000159894
 0.000597226
  0.00181342
  0.00333155
  0.00517316
  0.00715122
  0.00917452
   0.0112197
   0.0131859
   0.0150669
   0.0167677
   0.0182797
    0.019502
   0.0204767
   0.0211406
   0.0214927
   0.0214746
    0.021123
   0.0204004
   0.0193801
   0.0180818
   0.0165367
   0.0147956
   0.0128693
    0.010801
  0.00863681
  0.00641385
  0.00420381
  0.00204674
   -0.011693
  -0.0231754
  -0.0343255
  -0.0450348
  -0.0552103
  -0.0647418
   -0.073581
  -0.0815553
     -0.0886
  -0.0946317
    -0.09962
   -0.103484
   -0.106206
   -0.107751
   -0.108087
   -0.107304
    -0.10541
   -0.102502
  -0.0986155
   -0.093859
  -0.0882867
  -0.0820179
  -0.0751135
  -0.0676924
  -0.0598128
  -0.0515984
  -0.0431045
  -0.0344651
  -0.0257523
  -0.0170568
  -0.0084776
  0.00140528
  0.00286612
  0.00448608
  0.00626536
  0.00825417
   0.0103817
   0.0126625
    0.014921
   0.0170428
   0.0190512
   0.0208317
   0.0224172
   0.0237015
   0.0247385
   0.0254522
    0.025884
   0.0259986
   0.0257913
    0.025221
   0.0243603
   0.0232083
   0.0218277
   0.0202923
   0.0185379
   0.0166238
   0.0145173
    0.012249
  0.00985665
  0.00734904
  0.00484197
  0.00234828
 -0.00836468
  -0.0164967
   -0.024321
  -0.0317043
  -0.0385848
  -0.0448909
  -0.0506382
   -0.055631
  -0.0598163
   -0.063192
  -0.0657383
  -0.0674493
  -0.0683012
  -0.0683609
  -0.0676239
  -0.0661693
  -0.0640022
  -0.0612326
  -0.0578753
  -0.0540744
  -0.0498613
  -0.0453885
  -0.0407132
   -0.035944
  -0.0311701
  -0.0263985
  -0.0216877
   -0.017065
  -0.0126001
 -0.00824921
 -0.00413026
  0.00330744
  0.00637204
   0.0091477
   0.0118137
   0.0143481
   0.0167957
   0.0191111
   0.0212877
   0.0232475
   0.0250142
   0.0265193
   0.0277791
   0.0287357
   0.0294202
   0.0298027
   0.0298959
   0.0296992
   0.0291881
   0.0283528
   0.0272333
   0.0258307
   0.0242178
   0.0224566
   0.0204964
   0.0183843
   0.0160863
   0.0136286
   0.0110288
   0.0082899
  0.00551409
  0.00266915
 -0.00543243
  -0.0105288
  -0.0152275
  -0.0194202
  -0.0230303
  -0.0260861
  -0.0285791
  -0.0304736
  -0.0317418
  -0.0324475
  -0.0325862
  -0.0322328
  -0.0313914
  -0.0301661
  -0.0285894
  -0.0267144
  -0.0245608
  -0.0222224
   -0.019723
  -0.0171819
  -0.0146412
   -0.012199
 -0.00991249
 -0.00784063
 -0.00606472
 -0.00454415
 -0.00334347
  -0.0023615
 -0.00163766
 -0.00102267
-0.000526715
  0.00515317
  0.00975109
   0.0135907
   0.0170276
   0.0199684
   0.0225793
   0.0247655
   0.0267041
   0.0283666
   0.0297853
    0.030944
   0.0318442
   0.0324763
   0.0328447
   0.0329613
   0.0328049
   0.0324038
   0.0317065
   0.0307265
   0.0294625
    0.027911
    0.026152
   0.0242357
   0.0221294
   0.0198719
   0.0174317
   0.0148324
   0.0120715
  0.00914442
   0.0061365
   0.0029689
 -0.00242858
  -0.0044487
 -0.00602539
 -0.00709292
 -0.00757004
 -0.00758735
 -0.00710821
 -0.00624485
 -0.00498155
 -0.00343225
 -0.00159183
 0.000400311
  0.00252646
  0.00465769
   0.0067326
  0.00872969
   0.0106199
   0.0123325
   0.0138432
   0.0150685
    0.015965
   0.0164964
   0.0166103
   0.0162956
    0.015471
    0.014206
    0.012409
   0.0102842
  0.00780197
  0.00520263
  0.00258037
  0.00579358
   0.0110158
   0.0154445
   0.0193783
   0.0227405
   0.0256621
   0.0281008
   0.0301638
   0.0318358
     0.03317
   0.0341466
   0.0348306
   0.0352234
   0.0353611
   0.0352819
   0.0349405
   0.0343841
   0.0335177
    0.032338
   0.0308514
   0.0290411
   0.0269765
   0.0246523
   0.0221418
    0.019444
   0.0166608
   0.0138585
   0.0110257
  0.00826332
    0.005477
   0.0027271
 0.000755712
  0.00197611
  0.00376389
  0.00593136
  0.00851809
   0.0113388
   0.0143805
   0.0175317
   0.0207733
   0.0240027
   0.0272041
   0.0302487
   0.0331029
   0.0356511
   0.0378256
   0.0395902
   0.0408883
   0.0416907
   0.0419341
   0.0416584
   0.0408265
   0.0394889
   0.0376354
   0.0352976
   0.0325126
   0.0291788
   0.0252629
   0.0208599
   0.0159393
   0.0107567
  0.00534338
  0.00598392
   0.0114349
   0.0161412
   0.0203534
   0.0240108
   0.0271966
   0.0299032
   0.0321432
   0.0338953
   0.0352194
   0.0360837
   0.0366132
   0.0368184
   0.0367676
    0.036525
     0.03602
    0.035317
   0.0342753
   0.0328741
   0.0311292
   0.0290125
   0.0265866
   0.0237985
   0.0208405
   0.0176866
   0.0145893
   0.0116701
  0.00891577
  0.00653104
  0.00422935
  0.00219102
  0.00361606
  0.00771744
   0.0124687
   0.0174389
   0.0226371
   0.0278351
   0.0329804
   0.0379722
   0.0427652
   0.0472782
   0.0514862
   0.0552854
   0.0586407
   0.0614656
    0.063698
   0.0652951
   0.0661742
   0.0663389
   0.0656698
   0.0643005
   0.0621706
   0.0593867
   0.0559576
   0.0519424
   0.0474953
   0.0423604
   0.0365797
   0.0301589
   0.0230808
   0.0156236
  0.00775449
  0.00617433
   0.0118083
   0.0166938
   0.0210618
   0.0248385
   0.0281229
     0.03091
   0.0331973
   0.0349833
    0.036273
   0.0370387
   0.0373829
   0.0372923
   0.0368779
   0.0361774
    0.035175
   0.0339008
   0.0323098
   0.0303766
   0.0281986
   0.0258096
   0.0232437
   0.0205576
   0.0178023
   0.0150433
    0.012371
  0.00989744
  0.00758762
  0.00556548
  0.00363258
  0.00188886
  0.00651522
   0.0133329
   0.0205491
   0.0277876
   0.0350266
   0.0420408
   0.0487447
   0.0550475
   0.0608636
   0.0661487
   0.0708277
   0.0749023
   0.0783187
   0.0810951
   0.0832085
   0.0846277
   0.0853304
   0.0852782
   0.0844565
   0.0827881
   0.0802414
   0.0768031
    0.072462
   0.0672463
   0.0612161
   0.0543302
   0.0466231
   0.0382039
   0.0290767
   0.0195765
  0.00969609
  0.00623591
   0.0119221
   0.0168509
   0.0212345
   0.0249882
   0.0282324
   0.0309692
   0.0331857
   0.0349003
   0.0360588
   0.0366309
   0.0366886
    0.036189
    0.035285
   0.0339916
   0.0323577
   0.0303935
   0.0281686
   0.0256709
    0.023095
   0.0205465
   0.0180314
   0.0157066
   0.0134577
   0.0114128
  0.00946555
  0.00769126
  0.00601624
  0.00447925
  0.00298246
  0.00156398
    0.008772
   0.0176769
   0.0267556
   0.0357037
   0.0444856
   0.0528949
   0.0608251
   0.0682019
   0.0748995
   0.0809032
   0.0860734
   0.0904956
   0.0940729
   0.0968994
   0.0989689
    0.100245
    0.100757
    0.100428
   0.0993631
   0.0973019
   0.0942703
   0.0901637
   0.0849729
   0.0787098
   0.0713446
   0.0630464
   0.0538333
   0.0439055
   0.0332745
    0.022315
   0.0110288
  0.00612681
   0.0116795
   0.0164359
    0.020596
   0.0240496
   0.0269366
   0.0292251
   0.0309639
   0.0321544
   0.0327942
   0.0328725
     0.03246
   0.0315379
   0.0302892
   0.0288093
   0.0270793
   0.0251932
    0.023132
   0.0209487
   0.0187406
   0.0165989
   0.0145396
   0.0126642
   0.0109062
  0.00933897
  0.00787497
  0.00655896
  0.00527708
  0.00400095
  0.00271759
  0.00139092
   0.0103123
    0.020582
   0.0307279
   0.0406447
   0.0502626
   0.0594799
   0.0682176
   0.0763971
   0.0839433
   0.0907654
   0.0967687
     0.10194
    0.106222
    0.109575
    0.111982
    0.113363
    0.113712
    0.112981
    0.111204
    0.108297
    0.104283
   0.0991452
   0.0929098
    0.085584
   0.0771414
   0.0678008
   0.0575877
    0.046736
    0.035274
   0.0235644
   0.0116425
  0.00573118
   0.0108716
   0.0151817
   0.0188475
   0.0217335
   0.0240017
   0.0255921
   0.0266258
   0.0271007
   0.0270828
   0.0265954
   0.0257207
   0.0244726
   0.0230668
   0.0216748
   0.0201953
   0.0187858
   0.0173098
   0.0158556
    0.014391
   0.0129687
   0.0115989
   0.0103216
  0.00912435
  0.00803646
  0.00700614
   0.0060619
  0.00506145
  0.00391909
  0.00271444
   0.0013445
   0.0115251
   0.0228623
   0.0338162
   0.0444718
   0.0547118
   0.0645222
    0.073834
   0.0825477
   0.0906273
   0.0979013
    0.104323
    0.109795
    0.114318
    0.117747
    0.120079
    0.121216
    0.121137
    0.119833
    0.117277
    0.113558
    0.108691
    0.102744
   0.0957738
   0.0877794
   0.0787299
   0.0688805
   0.0582498
   0.0470882
   0.0354251
   0.0235956
   0.0116573
  0.00443146
  0.00844571
   0.0118463
   0.0147232
   0.0169925
   0.0187102
    0.019827
   0.0204785
   0.0206987
   0.0205484
   0.0201042
   0.0193919
   0.0184744
   0.0174598
   0.0164785
   0.0154671
   0.0145355
   0.0135728
   0.0126293
   0.0116532
   0.0106449
  0.00963031
   0.0085846
  0.00758411
  0.00663709
   0.0057311
  0.00488531
  0.00401282
  0.00308887
  0.00211684
  0.00106799
    0.012099
   0.0240537
   0.0357065
   0.0470522
   0.0579812
   0.0684388
   0.0783864
   0.0876059
   0.0960561
    0.103494
    0.109817
    0.114996
    0.118978
    0.121744
    0.123273
    0.123562
    0.122601
    0.120435
    0.117063
    0.112587
     0.10704
    0.100517
   0.0930809
   0.0847938
     0.07568
   0.0659247
   0.0555793
   0.0448215
   0.0337087
   0.0224578
   0.0111386
  0.00270472
  0.00522456
  0.00743212
  0.00933439
   0.0109047
   0.0120887
   0.0128408
   0.0132998
   0.0135213
   0.0135427
   0.0134737
   0.0132602
   0.0129904
     0.01264
   0.0122806
   0.0118792
   0.0114951
    0.011048
   0.0105569
  0.00996227
  0.00922349
  0.00839457
  0.00739869
  0.00641431
  0.00544137
  0.00451824
  0.00366556
  0.00286036
  0.00214021
  0.00142323
 0.000741773
    0.012385
   0.0246337
   0.0366087
   0.0482113
   0.0593427
   0.0699206
   0.0799577
   0.0891486
   0.0974772
    0.104661
    0.110561
    0.115228
     0.11856
    0.120656
     0.12147
    0.121082
     0.11948
    0.116748
    0.112901
    0.108041
    0.102204
   0.0955027
   0.0879925
   0.0797858
   0.0709543
   0.0616091
   0.0518332
   0.0417334
   0.0313991
   0.0209351
   0.0104302
 0.000923208
  0.00192496
  0.00298038
   0.0039967
  0.00500267
  0.00586219
  0.00659202
  0.00715624
  0.00758376
  0.00787505
   0.0080586
  0.00815679
  0.00820489
  0.00819955
  0.00817343
  0.00810461
  0.00802193
  0.00787154
  0.00766184
  0.00734918
  0.00691361
  0.00638026
  0.00571604
  0.00502429
  0.00431255
  0.00361625
  0.00294907
  0.00231317
  0.00172431
  0.00114637
 0.000587409
   0.0128766
   0.0254411
   0.0375255
   0.0490378
   0.0598441
   0.0698985
   0.0791475
   0.0874537
   0.0947729
    0.100984
    0.105996
    0.109854
    0.112495
    0.113994
    0.114324
    0.113557
    0.111695
    0.108819
    0.104951
    0.100186
   0.0945706
   0.0881985
   0.0811355
   0.0734708
   0.0652818
   0.0566509
   0.0476628
   0.0383899
   0.0289208
   0.0193136
  0.00965344
-0.000813584
  -0.0012786
 -0.00131243
 -0.00110655
-0.000578343
  4.9081e-05
 0.000844064
    0.001579
  0.00224205
  0.00278765
  0.00316069
  0.00346718
  0.00370011
  0.00389254
  0.00405124
  0.00417627
  0.00427589
  0.00433117
  0.00434712
  0.00430114
  0.00419529
  0.00402115
  0.00378031
  0.00348552
  0.00313792
  0.00275675
   0.0023382
  0.00190232
  0.00144174
 0.000972485
 0.000487242
   0.0127171
   0.0249772
   0.0366009
   0.0475222
   0.0575868
   0.0667941
   0.0750258
    0.082306
   0.0885514
   0.0937885
   0.0979613
    0.101102
    0.103177
    0.104232
    0.104255
    0.103305
    0.101392
   0.0985851
   0.0949168
   0.0904642
   0.0852807
   0.0794414
   0.0730178
   0.0660747
   0.0586942
   0.0509309
   0.0428716
   0.0345568
   0.0260769
   0.0174472
  0.00875251
 -0.00160455
 -0.00284243
 -0.00361716
 -0.00406534
 -0.00413111
 -0.00397756
 -0.00358212
 -0.00311058
  -0.0025888
 -0.00207327
 -0.00160293
 -0.00114024
-0.000690496
-0.000250147
 0.000183793
 0.000599594
 0.000998468
  0.00136395
  0.00169182
  0.00197219
  0.00219957
  0.00237055
  0.00248306
  0.00253427
   0.0025293
  0.00244722
  0.00228749
  0.00202412
  0.00160492
  0.00112797
 0.000528335
   0.0117334
   0.0229091
   0.0332868
   0.0429506
   0.0517419
   0.0597333
   0.0668227
   0.0730607
   0.0783819
   0.0828202
    0.086334
   0.0889544
   0.0906587
   0.0914853
   0.0914312
   0.0905413
   0.0888321
   0.0863539
   0.0831413
   0.0792504
   0.0747332
   0.0696452
   0.0640525
   0.0580045
   0.0515763
   0.0448058
   0.0377719
   0.0304957
   0.0230522
   0.0154524
  0.00777137
 -0.00206495
 -0.00380103
 -0.00512329
 -0.00612065
 -0.00676067
 -0.00713131
 -0.00723468
 -0.00714666
 -0.00688392
 -0.00649634
 -0.00599707
 -0.00541683
 -0.00476113
  -0.0040611
 -0.00332296
 -0.00257675
  -0.0018346
 -0.00111704
 -0.00044284
 0.000186782
 0.000756677
  0.00126887
  0.00171928
  0.00209276
  0.00239978
  0.00257858
  0.00263008
  0.00247945
  0.00202907
  0.00146129
 0.000657816
    0.010359
   0.0200913
   0.0289112
   0.0370571
   0.0443664
   0.0509808
   0.0568094
   0.0619241
    0.066272
   0.0698889
   0.0727435
   0.0748612
   0.0762283
   0.0768724
   0.0767982
   0.0760352
   0.0746058
   0.0725401
   0.0698742
    0.066642
   0.0628918
   0.0586582
   0.0540004
   0.0489523
   0.0435829
   0.0379146
   0.0320193
   0.0259003
   0.0196177
   0.0131782
  0.00664738
 -0.00257718
 -0.00479987
 -0.00658342
 -0.00801118
 -0.00904703
 -0.00976085
  -0.0101454
  -0.0102652
  -0.0101323
 -0.00979493
 -0.00927354
 -0.00860181
 -0.00780205
 -0.00690008
  -0.0059164
 -0.00487495
 -0.00379078
 -0.00269207
 -0.00158321
-0.000513249
 0.000517777
  0.00143594
   0.0022026
   0.0028163
  0.00324298
  0.00346353
  0.00343349
  0.00315679
  0.00253588
  0.00178424
 0.000797804
  0.00825795
   0.0159729
   0.0228891
   0.0292627
   0.0349564
   0.0401129
   0.0446589
   0.0486594
   0.0520718
   0.0549226
   0.0571848
   0.0588754
   0.0599797
   0.0605216
    0.060503
     0.05995
   0.0588832
   0.0573239
   0.0553107
   0.0528507
   0.0499946
   0.0467332
   0.0431051
   0.0391467
   0.0349076
   0.0304151
   0.0257235
   0.0208408
   0.0158156
   0.0106454
   0.0053812
 -0.00301234
 -0.00563095
 -0.00776853
 -0.00950476
  -0.0108044
  -0.0117268
  -0.0122634
  -0.0124765
  -0.0123801
  -0.0120241
  -0.0114367
  -0.0106511
 -0.00970199
 -0.00860451
 -0.00738845
 -0.00606714
 -0.00465568
 -0.00318906
 -0.00165888
-0.000166635
  0.00129709
  0.00257559
  0.00359169
  0.00435724
  0.00479641
  0.00493976
  0.00470573
  0.00418712
  0.00329219
  0.00226597
  0.00101571
  0.00586521
   0.0112916
   0.0160642
   0.0204578
   0.0243587
   0.0279069
    0.031043
   0.0338229
   0.0362121
   0.0382268
   0.0398437
   0.0410706
   0.0418915
   0.0423245
   0.0423678
    0.042042
   0.0413643
   0.0403462
   0.0390284
   0.0373924
   0.0354928
   0.0332797
   0.0307721
   0.0280082
   0.0250176
   0.0218317
   0.0184867
   0.0149964
    0.011399
  0.00768522
  0.00389234
  -0.0030122
 -0.00571073
  -0.0080252
  -0.0099652
  -0.0115042
  -0.0126606
  -0.0134331
  -0.0138549
  -0.0139438
  -0.0137352
  -0.0132585
  -0.0125447
  -0.0116286
  -0.0105339
 -0.00929382
 -0.00793255
  -0.0064781
 -0.00496817
 -0.00342256
 -0.00191699
-0.000472946
 0.000803838
  0.00185419
  0.00266566
  0.00319213
  0.00344274
  0.00338264
  0.00306576
  0.00246488
  0.00172187
 0.000813919
  0.00286911
  0.00554859
   0.0079493
   0.0101872
   0.0122045
   0.0140668
   0.0157406
   0.0172495
   0.0185723
   0.0197132
   0.0206569
   0.0214033
   0.0219412
   0.0222757
   0.0224027
   0.0223293
   0.0220609
   0.0216016
   0.0209691
   0.0201548
    0.019185
   0.0180357
    0.016717
   0.0152475
   0.0136426
   0.0119201
   0.0100999
  0.00819338
  0.00622302
  0.00419015
  0.00211895
  3.1407e-05
 6.25595e-05
 8.14392e-05
 9.96361e-05
 0.000109209
 0.000117847
 0.000120555
 0.000122263
 0.000120005
 0.000116829
 0.000111003
 0.000104427
 9.59444e-05
 8.69174e-05
 7.61877e-05
  6.5138e-05
  5.2344e-05
 3.94673e-05
 2.53604e-05
 1.14118e-05
-1.54325e-06
-1.41211e-05
-2.29598e-05
-3.12623e-05
-3.46535e-05
-3.74483e-05
-3.45199e-05
-3.10534e-05
-2.29431e-05
-1.44625e-05
-7.29674e-06
-3.89396e-05
-7.78791e-05
-7.32099e-05
-6.85407e-05
-6.29532e-05
-5.73656e-05
-5.23256e-05
-4.72855e-05
-4.23348e-05
 -3.7384e-05
-3.17723e-05
-2.61607e-05
-1.97129e-05
-1.32651e-05
 -6.8971e-06
-5.29061e-07
 4.35213e-06
 9.23333e-06
 1.09557e-05
 1.26781e-05
 1.30169e-05
 1.33556e-05
  1.5138e-05
 1.69203e-05
 1.68873e-05
 1.68543e-05
 1.39455e-05
 1.10366e-05
 4.98881e-06
-1.05901e-06
-5.29506e-07
