0.0980219
0.0953937
0.09278689999999999
0.0902109
0.087661
0.08512739999999999
0.0826028
0.08007130000000001
0.0775028
0.0748253
0.072007
0.0689564
0.0657437
0.0625206
0.05927869999999999
0.0561328
0.053068
0.0500457
0.0471056
0.04435719999999999
0.0419295
0.0401725
0.0390095
0.0384086
0.0381704
0.037838800000000006
0.037448
0.0366286
0.0354866
0.033867900000000006
0.031942
0.029898599999999997
0.0277611
0.0256306
0.0234807
0.021357499999999998
0.0191946
0.017302500000000002
0.0155458
0.014344200000000001
0.0134048
0.0121302
0.0106979
0.00912002
0.007683
0.00674175
0.00617707
0.00576187
0.00541637
0.00461857
0.00358906
0.00254384
0.00162181
0.00111677
0.000658191
-9.10759e-05
-0.000957385
-0.00187425
-0.00262422
-0.00247618
-0.00178045
-0.00036156199999999995
0.00138075
0.00318155
0.00492442
0.00558859
0.00580255
0.00599026
0.00605167
0.00593866
0.00554457
0.00432379
0.00268365
0.00098952
-0.000660065
-0.00146837
-0.00194937
-0.00245206
-0.00287626
-0.00291164
1.33819e-05
