0.098021
0.0953864
0.0927737
0.0901909
0.0876346
0.0850949
0.08256430000000001
0.0800265
0.077451
0.074764
0.0719331
0.06887280000000001
0.06564539999999999
0.062397400000000006
0.0591284
0.055952999999999996
0.0528617
0.049819
0.0468634
0.0441076
0.0416825
0.0399288
0.0387827
0.0381798
0.0379439
0.0376375
0.0372635
0.0364766
0.035353300000000004
0.033769
0.0318686
0.0298423
0.0277238
0.025615699999999998
0.0234917
0.0213767
0.0192177
0.0172996
0.0155145
0.0142453
0.0132433
0.011935799999999998
0.0104702
0.00889181
0.007461199999999999
0.00651295
0.00595454
0.00555511
0.00522716
0.00447844
0.00348854
0.00250722
0.00164855
0.0011469000000000002
0.000687883
-4.2571e-05
-0.000893158
-0.00176898
-0.00247752
-0.00234594
-0.00166554
-0.00031446400000000003
0.00136325
0.00309578
0.00477187
0.00548257
0.0057431999999999995
0.00594943
0.00602682
0.00591548
0.00551761
0.00434003
0.00273543
0.00107002
-0.0005506630000000001
-0.00141007
-0.0019389
-0.00247086
-0.00292574
-0.00298111
6.97836e-06
