0.09802369999999999
0.09538889999999998
0.0927758
0.09019479999999999
0.08764010000000001
0.08510160000000001
0.0825721
0.08003610000000001
0.0774623
0.07477769999999999
0.07194919999999999
0.06887080000000001
0.06562539999999999
0.06237569999999999
0.059105099999999994
0.05594059999999999
0.052860199999999996
0.049823900000000004
0.04687480000000001
0.0441225
0.0417008
0.0399805
0.0388677
0.038359500000000005
0.0382184
0.0379439
0.0376019
0.036782499999999996
0.0356267
0.033951199999999994
0.0319596
0.0298616
0.027671499999999998
0.0254945
0.0233016
0.0211429
0.0189402
0.0170339
0.0152606
0.0141064
0.013219299999999998
0.0119567
0.010536
0.008928499999999999
0.00746873
0.00656014
0.00604138
0.00568056
0.00539121
0.00459046
0.00354854
0.00246446
0.00150303
0.00102604
0.000591695
-0.000172748
-0.00105732
-0.00202205
-0.0028195
-0.00265273
-0.00193714
-0.00042924900000000004
0.00140528
0.00330744
0.00515317
0.00579358
0.00598392
0.00617433
0.00623591
0.00612681
0.00573118
0.00443146
0.00270472
0.000923208
-0.0008135839999999999
-0.00160455
-0.00206495
-0.00257718
-0.00301234
-0.0030122
3.1407e-05
