-0.708395
-0.6899770000000001
-0.672549
-0.65647
-0.641428
-0.627108
-0.6138819999999999
-0.601272
-0.589655
-0.5782970000000001
-0.567289
-0.5564439999999999
-0.544532
-0.531247
-0.516093
-0.49868500000000004
-0.478946
-0.455714
-0.43290100000000004
-0.41428999999999994
-0.394446
-0.374241
-0.354137
-0.331929
-0.31249
-0.294729
-0.27971
-0.267569
-0.256577
-0.24850799999999998
-0.238868
-0.22887399999999997
-0.21838600000000002
-0.20521399999999998
-0.19262
-0.183279
-0.174071
-0.163688
-0.154167
-0.14344200000000001
-0.13454100000000002
-0.128524
-0.12226400000000001
-0.11754500000000001
-0.110777
-0.100773
-0.09223350000000001
-0.0839883
-0.0778619
-0.07566160000000001
-0.0731779
-0.0668996
-0.0606529
-0.0537692
-0.0454232
-0.038261800000000006
-0.0302557
-0.0231871
-0.0175
-0.012927899999999999
-0.011848200000000001
-0.013727600000000001
-0.0165344
-0.0195419
-0.021267400000000002
-0.0225853
-0.021671
-0.018228400000000002
-0.0128888
-0.0030974
0.00404561
0.00762575
0.0106832
0.0130654
0.0139951
0.0133591
0.012325
0.00824623
0.00484529
0.00274108
-5.21005e-05
