-0.70813
-0.689707
-0.672273
-0.656204
-0.641173
-0.626855
-0.613638
-0.6010310000000001
-0.589427
-0.578071
-0.567077
-0.556269
-0.5444
-0.531172
-0.516072
-0.498704
-0.478994
-0.45566899999999994
-0.432755
-0.414232
-0.394459
-0.374346
-0.354313
-0.332012
-0.31248000000000004
-0.29456
-0.2794
-0.26716599999999996
-0.2561
-0.2481
-0.238531
-0.228731
-0.21841799999999997
-0.205182
-0.192512
-0.18324400000000002
-0.17410699999999998
-0.163731
-0.154223
-0.143406
-0.134425
-0.128418
-0.122182
-0.117611
-0.110972
-0.100992
-0.0924563
-0.084075
-0.0778288
-0.0756875
-0.07328580000000001
-0.066977
-0.060711900000000006
-0.0537645
-0.0453418
-0.0382134
-0.030210900000000002
-0.0231547
-0.0174595
-0.0128215
-0.0116941
-0.013540799999999999
-0.016346100000000002
-0.0194185
-0.021219400000000003
-0.0226895
-0.0219192
-0.0185771
-0.013312799999999998
-0.00339655
0.00387093
0.007549800000000001
0.010697
0.013103499999999999
0.0140594
0.013493200000000002
0.0125333
0.00836993
0.00489601
0.00277187
-5.8851199999999997e-05
