-0.70807
-0.6896359999999999
-0.672191
-0.656086
-0.64102
-0.6266930000000001
-0.613466
-0.600873
-0.589283
-0.5779770000000001
-0.567033
-0.5562520000000001
-0.544409
-0.531188
-0.516095
-0.498746
-0.47905699999999996
-0.455955
-0.433266
-0.41461400000000004
-0.39471300000000004
-0.37442800000000004
-0.354223
-0.33203
-0.312605
-0.294898
-0.279951
-0.267856
-0.256931
-0.24882600000000002
-0.23915100000000003
-0.229052
-0.21844
-0.205323
-0.192772
-0.183318
-0.173995
-0.163549
-0.153971
-0.143289
-0.134445
-0.128419
-0.12216500000000001
-0.117369
-0.110506
-0.100504
-0.09194730000000001
-0.0837409
-0.0776696
-0.0754035
-0.072877
-0.06669800000000001
-0.060562599999999994
-0.05382230000000001
-0.0456069
-0.038446
-0.030411
-0.0232763
-0.017502599999999997
-0.012888499999999999
-0.0117851
-0.0136517
-0.0164768
-0.019494
-0.021239599999999997
-0.022529499999999997
-0.0215789
-0.0181298
-0.0127586
-0.00306105
0.00398774
0.00753068
0.010542000000000001
0.0128875
0.013782299999999997
0.0130727
0.011969200000000001
0.00797676
0.00467375
0.00266825
-4.3809899999999995e-05
