Residual: 
3.32822
2.00644
1.59037
1.41568
Residual: 
0.391854
0.337936
0.321627
0.309479
Residual: 
0.0991956
0.0963783
0.0937711
0.0913237
Residual: 
0.262947
0.215778
0.18645
0.167125
Residual: 
2.44569
1.04677
0.677072
0.541289
Residual: 
1.3233
1.25967
1.20713
1.15963
Residual: 
1.11524
1.07327
1.03338
0.995393
Residual: 
0.305381
0.271698
0.260061
0.250817
Residual: 
0.0889938
0.0864687
0.0841386
0.0819557
Residual: 
0.223724
0.186292
0.162865
0.147198
Residual: 
1.94686
0.854365
0.564315
0.456479
Residual: 
0.960895
0.925951
0.892973
0.861522
Residual: 
0.831498
0.802829
0.775448
0.749293
Residual: 
0.245966
0.224405
0.21568
0.208558
Residual: 
0.0835803
0.0812542
0.0791018
0.077084
Residual: 
0.201447
0.170348
0.150688
0.137286
Residual: 
1.57448
0.716716
0.486027
0.398674
Residual: 
0.726465
0.702309
0.679456
0.657633
Residual: 
0.636777
0.61684
0.597776
0.579546
Residual: 
0.203937
0.190323
0.183721
0.178221
Residual: 
0.0803796
0.0781848
0.0761492
0.0742396
Residual: 
0.187518
0.160695
0.14353
0.131595
Residual: 
1.29544
0.617314
0.431317
0.359241
Residual: 
0.564484
0.547622
0.531621
0.516321
Residual: 
0.501679
0.487664
0.474244
0.461392
Residual: 
0.175013
0.166241
0.161172
0.15689
Residual: 
0.0783854
0.076281
0.074325
0.0724881
Residual: 
0.178247
0.154496
0.139071
0.128127
Residual: 
1.08558
0.544367
0.392315
0.331917
Residual: 
0.451539
0.439621
0.428271
0.4174
Residual: 
0.406978
0.396984
0.387396
0.378196
Residual: 
0.155547
0.149488
0.145503
0.14211
Residual: 
0.0770265
0.0749887
0.0730897
0.0713041
Residual: 
0.171545
0.150159
0.136023
0.125789
Residual: 
0.926716
0.489776
0.363786
0.312503
Residual: 
0.371829
0.363258
0.355067
0.347205
Residual: 
0.339651
0.33239
0.325408
0.318693
Residual: 
0.142481
0.137859
0.13463
0.131871
Residual: 
0.0759958
0.0740098
0.0721539
0.0704065
Residual: 
0.166316
0.146852
0.13372
0.124019
Residual: 
0.805137
0.447995
0.342275
0.298234
Residual: 
0.314655
0.308355
0.302317
0.296507
Residual: 
0.29091
0.285516
0.280316
0.2753
Residual: 
0.133497
0.129651
0.126954
0.124643
Residual: 
0.0751347
0.07319
0.0713682
0.0696509
Residual: 
0.162012
0.144152
0.131828
0.122545
Residual: 
0.710668
0.415253
0.325531
0.287327
Residual: 
0.272822
0.268074
0.263515
0.259116
Residual: 
0.254868
0.250762
0.246793
0.242954
Residual: 
0.127024
0.123659
0.121345
0.119356
Residual: 
0.0743635
0.0724519
0.0706581
0.0689655
Residual: 
0.158359
0.141848
0.130184
0.121234
Residual: 
0.635933
0.389001
0.312095
0.278655
Residual: 
0.241523
0.23785
0.234322
0.230908
Residual: 
0.227602
0.2244
0.221295
0.218285
Residual: 
0.122087
0.11909
0.11706
0.115309
Residual: 
0.0736431
0.0717583
0.069988
0.0683166
Residual: 
0.155213
0.139831
0.128706
0.120024
Residual: 
0.575722
0.367515
0.301023
0.271512
Residual: 
0.217558
0.214648
0.211851
0.209139
Residual: 
0.206506
0.20395
0.201466
0.199052
Residual: 
0.118125
0.115448
0.113639
0.112069
Residual: 
0.0729548
0.0710919
0.0693419
0.0676892
Residual: 
0.152485
0.138035
0.127349
0.118887
Residual: 
0.526415
0.349628
0.291698
0.265455
Residual: 
0.198797
0.196441
0.194175
0.191974
Residual: 
0.189834
0.187751
0.185724
0.18375
Residual: 
0.114823
0.112436
0.110801
0.109374
Residual: 
0.0722897
0.0704449
0.0687128
0.067077
Residual: 
0.150112
0.13642
0.126089
0.117805
Residual: 
0.48551
0.33453
0.283708
0.260206
Residual: 
0.183809
0.181866
0.179997
0.178178
Residual: 
0.176406
0.174679
0.172996
0.171354
Residual: 
0.112002
0.109874
0.10838
0.107069
Residual: 
0.0716432
0.0698142
0.0680983
0.0664781
Residual: 
0.148037
0.134953
0.124908
0.11677
Residual: 
0.451254
0.321648
0.276773
0.255584
Residual: 
0.171618
0.169992
0.168425
0.166899
Residual: 
0.16541
0.163957
0.162539
0.161155
Residual: 
0.109554
0.107649
0.106272
0.105057
Residual: 
0.0710131
0.0691984
0.0674976
0.0658921
Residual: 
0.146211
0.133608
0.123792
0.115775
Residual: 
0.422376
0.310563
0.27069
0.251467
Residual: 
0.16155
0.160171
0.15884
0.157543
Residual: 
0.156277
0.15504
0.153831
0.152649
Residual: 
0.107405
0.105689
0.10441
0.103275
Residual: 
0.0703976
0.0685967
0.0669103
0.0653189
Residual: 
0.144591
0.132365
0.122732
0.114815
Residual: 
0.397913
0.300952
0.265309
0.247768
Residual: 
0.153123
0.151941
0.1508
0.149686
Residual: 
0.148597
0.147533
0.146492
0.145474
Residual: 
0.105503
0.103943
0.102745
0.101679
Residual: 
0.0697955
0.0680085
0.0663362
0.0647582
Residual: 
0.143137
0.131204
0.121717
0.113886
Residual: 
0.377106
0.292565
0.260514
0.244421
Residual: 
0.145992
0.14497
0.143981
0.143016
Residual: 
0.142072
0.141148
0.140244
0.139359
Residual: 
0.103804
0.102371
0.101244
0.100237
Residual: 
0.0692056
0.0674331
0.0657746
0.0642099
Residual: 
0.141814
0.130109
0.120742
0.112984
Residual: 
0.359333
0.285198
0.256214
0.241375
Residual: 
0.139898
0.139007
0.138144
0.137301
Residual: 
0.136476
0.135668
0.134877
0.134102
Residual: 
0.102272
0.100945
0.0998776
0.0989217
Residual: 
0.068627
0.0668696
0.065225
0.0636732
Residual: 
0.140594
0.129067
0.119799
0.112105
Residual: 
0.344077
0.278686
0.252332
0.238588
Residual: 
0.134646
0.133864
0.133106
0.132364
Residual: 
0.131637
0.130926
0.130229
0.129545
Residual: 
0.100879
0.0996389
0.0986245
0.0977138
Residual: 
0.0680588
0.0663171
0.0646865
0.0631474
Residual: 
0.139452
0.128067
0.118883
0.111248
Residual: 
0.330909
0.272892
0.248808
0.236025
Residual: 
0.130086
0.129394
0.128723
0.128066
Residual: 
0.127423
0.126792
0.126174
0.125567
Residual: 
0.0996007
0.0984345
0.0974666
0.096596
Residual: 
0.0675
0.0657748
0.0641581
0.0626315
Residual: 
0.13837
0.1271
0.11799
0.110408
Residual: 
0.319473
0.267705
0.24559
0.233655
Residual: 
0.126098
0.125483
0.124885
0.1243
Residual: 
0.123726
0.123164
0.122611
0.12207
Residual: 
0.0984185
0.0973157
0.0963894
0.0955545
Residual: 
0.0669498
0.0652416
0.0636389
0.0621248
Residual: 
0.137331
0.12616
0.117115
0.109584
Residual: 
0.309477
0.263031
0.242635
0.231454
Residual: 
0.122588
0.122037
0.121502
0.120977
Residual: 
0.120463
0.119958
0.119462
0.118975
Residual: 
0.0973174
0.0962698
0.0953809
0.0945784
Residual: 
0.0664076
0.0647166
0.0631279
0.0616262
Residual: 
0.136324
0.125239
0.116256
0.108774
Residual: 
0.300682
0.258794
0.239907
0.2294
Residual: 
0.119479
0.118983
0.118501
0.118028
Residual: 
0.117564
0.117108
0.11666
0.11622
Residual: 
0.0962854
0.0952867
0.0944316
0.0936584
Residual: 
0.0658728
0.064199
0.0626243
0.0611348
Residual: 
0.13534
0.124335
0.11541
0.107977
Residual: 
0.292897
0.254934
0.237378
0.227474
Residual: 
0.116708
0.116259
0.115822
0.115394
Residual: 
0.114972
0.114559
0.114152
0.113752
Residual: 
0.095313
0.0943578
0.0935335
0.092787
Residual: 
0.0653448
0.0636882
0.0621273
0.06065
Residual: 
0.134373
0.123442
0.114576
0.10719
Residual: 
0.285967
0.251398
0.23502
0.225662
Residual: 
0.114225
0.113817
0.113419
0.113028
Residual: 
0.112643
0.112266
0.111894
0.111528
Residual: 
0.0943924
0.0934763
0.0926801
0.091958
Residual: 
0.0648232
0.0631835
0.0616363
0.060171
Residual: 
0.133417
0.122561
0.113752
0.106413
Residual: 
0.279765
0.248144
0.232815
0.223948
Residual: 
0.111987
0.111614
0.111249
0.110891
Residual: 
0.110538
0.110191
0.10985
0.109514
Residual: 
0.0935173
0.0926363
0.0918659
0.0911663
Residual: 
0.0643075
0.0626843
0.0611507
0.0596973
Residual: 
0.132471
0.121687
0.112936
0.105646
Residual: 
0.27419
0.245137
0.230743
0.222322
Residual: 
0.10996
0.109616
0.109281
0.10895
Residual: 
0.108626
0.108306
0.107991
0.10768
Residual: 
0.0926822
0.0918332
0.0910864
0.0904074
Residual: 
0.0637975
0.0621904
0.0606701
0.0592285
Residual: 
0.131532
0.120822
0.112129
0.104888
Residual: 
0.269156
0.242348
0.22879
0.220774
Residual: 
0.108114
0.107796
0.107486
0.10718
Residual: 
0.106879
0.106582
0.10629
0.106002
Residual: 
0.0918828
0.0910626
0.0903375
0.0896775
Residual: 
0.0632929
0.0617013
0.0601941
0.0587642
Residual: 
0.130599
0.119964
0.111331
0.104138
Residual: 
0.264594
0.23975
0.226943
0.219295
Residual: 
0.106425
0.10613
0.105841
0.105557
Residual: 
0.105277
0.105
0.104728
0.104459
Residual: 
0.0911149
0.0903209
0.0896158
0.0889734
Residual: 
0.0627934
0.0612169
0.0597225
0.0583042
Residual: 
0.129673
0.119114
0.11054
0.103397
Residual: 
0.260443
0.237323
0.22519
0.217879
Residual: 
0.104873
0.104598
0.104328
0.104062
Residual: 
0.1038
0.103542
0.103287
0.103035
Residual: 
0.0903752
0.089605
0.0889184
0.0882922
Residual: 
0.0622991
0.0607371
0.0592553
0.0578484
Residual: 
0.128753
0.118271
0.109758
0.102664
Residual: 
0.256652
0.235049
0.223522
0.216519
Residual: 
0.10344
0.103182
0.102929
0.10268
Residual: 
0.102434
0.102191
0.101951
0.101714
Residual: 
0.0896606
0.0889122
0.0882425
0.0876313
Residual: 
0.0618096
0.0602616
0.0587922
0.0573967
Residual: 
0.127841
0.117436
0.108984
0.10194
Residual: 
0.253178
0.23291
0.221931
0.215209
Residual: 
0.102112
0.101869
0.101631
0.101396
Residual: 
0.101164
0.100935
0.100709
0.100485
Residual: 
0.0889684
0.0882399
0.0875859
0.0869887
Residual: 
0.0613251
0.0597906
0.0583334
0.056949
Residual: 
0.126937
0.11661
0.108218
0.101225
Residual: 
0.249982
0.230893
0.220409
0.213944
Residual: 
0.100877
0.100647
0.100422
0.1002
Residual: 
0.09998
0.099763
0.0995485
0.0993365
Residual: 
0.0882963
0.087586
0.0869467
0.0863625
Residual: 
0.0608454
0.0593241
0.0578788
0.0565055
Residual: 
0.126042
0.115792
0.107462
0.100519
Residual: 
0.247032
0.228986
0.218949
0.212721
Residual: 
0.0997227
0.0995054
0.0992915
0.0990803
Residual: 
0.0988716
0.0986653
0.0984613
0.0982596
Residual: 
0.0876423
0.0869487
0.0863229
0.0857509
Residual: 
0.0603705
0.0588621
0.0574285
0.0560661
Residual: 
0.125156
0.114984
0.106715
0.0998221
Residual: 
0.2443
0.227177
0.217545
0.211535
Residual: 
0.0986414
0.0984344
0.0982307
0.0980294
Residual: 
0.0978305
0.0976336
0.0974388
0.0972462
Residual: 
0.0870045
0.0863264
0.0857131
0.0851524
Residual: 
0.0599006
0.0584046
0.0569826
0.055631
Residual: 
0.124281
0.114186
0.105978
0.0991344
Residual: 
0.241759
0.225457
0.216193
0.210382
Residual: 
0.0976244
0.0974268
0.097232
0.0970396
Residual: 
0.0968491
0.0966607
0.0964742
0.0962897
Residual: 
0.0863812
0.0857174
0.085116
0.0845658
Residual: 
0.0594355
0.0579517
0.0565412
0.0552003
Residual: 
0.123417
0.113398
0.10525
0.0984561
Residual: 
0.239388
0.223816
0.214887
0.209261
Residual: 
0.0966648
0.0964754
0.0962886
0.096104
Residual: 
0.0959212
0.0957403
0.0955611
0.0953837
Residual: 
0.0857712
0.0851207
0.0845303
0.0839901
Residual: 
0.0589754
0.0575036
0.0561043
0.054774
Residual: 
0.122565
0.11262
0.104532
0.0977873
Residual: 
0.237168
0.222248
0.213624
0.208167
Residual: 
0.0957564
0.0955744
0.0953948
0.0952171
Residual: 
0.0950411
0.0948668
0.0946942
0.0945231
Residual: 
0.0851732
0.084535
0.0839549
0.0834241
Residual: 
0.0585202
0.0570603
0.0556721
0.0543522
Residual: 
0.121724
0.111854
0.103824
0.0971282
Residual: 
0.235082
0.220745
0.212399
0.207098
Residual: 
0.0948939
0.0947185
0.0945452
0.0943737
Residual: 
0.0942038
0.0940354
0.0938686
0.0937033
Residual: 
0.0845862
0.0839595
0.0833891
0.0828671
Residual: 
0.0580702
0.0566219
0.0552447
0.0539351
Residual: 
0.120896
0.111098
0.103127
0.0964786
Residual: 
0.233116
0.219302
0.211209
0.206053
Residual: 
0.0940726
0.093903
0.0937354
0.0935694
Residual: 
0.0934049
0.0932419
0.0930802
0.0929201
Residual: 
0.0840092
0.0833933
0.0828321
0.0823184
Residual: 
0.0576252
0.0561884
0.0548221
0.0535227
Residual: 
0.12008
0.110353
0.10244
0.0958385
Residual: 
0.231256
0.217912
0.210051
0.205027
Residual: 
0.0932884
0.0931239
0.0929615
0.0928004
Residual: 
0.0926408
0.0924825
0.0923255
0.09217
Residual: 
0.0834415
0.0828358
0.0822832
0.0817773
Residual: 
0.0571853
0.05576
0.0544044
0.053115
Residual: 
0.119276
0.10962
0.101762
0.0952079
Residual: 
0.229492
0.216572
0.208922
0.204021
Residual: 
0.0925375
0.0923778
0.0922198
0.0920632
Residual: 
0.0919079
0.0917539
0.0916011
0.0914496
Residual: 
0.0828824
0.0822862
0.0817418
0.0812434
Residual: 
0.0567506
0.0553365
0.0539915
0.0527121
Residual: 
0.118485
0.108897
0.101095
0.0945866
Residual: 
0.227813
0.215276
0.20782
0.203031
Residual: 
0.0918168
0.0916613
0.0915074
0.0913548
Residual: 
0.0912034
0.0910533
0.0909042
0.0907565
Residual: 
0.0823313
0.081744
0.0812073
0.080716
Residual: 
0.0563209
0.0549181
0.0535835
0.0523139
Residual: 
0.117705
0.108184
0.100437
0.0939745
Residual: 
0.226212
0.214021
0.206742
0.202057
Residual: 
0.0911235
0.0909718
0.0908216
0.0906725
Residual: 
0.0905247
0.090378
0.0902324
0.0900879
Residual: 
0.0817877
0.0812089
0.0806795
0.0801949
Residual: 
0.0558965
0.0545046
0.0531804
0.0519206
Residual: 
0.116937
0.107483
0.0997896
0.0933713
Residual: 
0.224679
0.212803
0.205685
0.201096
Residual: 
0.090455
0.0903068
0.0901598
0.0900141
Residual: 
0.0898695
0.0897259
0.0895834
0.0894418
Residual: 
0.0812512
0.0806803
0.0801579
0.0796797
Residual: 
0.0554771
0.0540962
0.0527823
0.051532
Residual: 
0.116181
0.106791
0.0991512
0.092777
Residual: 
0.22321
0.211618
0.204649
0.200148
Residual: 
0.0898092
0.0896642
0.0895203
0.0893775
Residual: 
0.0892357
0.089095
0.0889552
0.0888164
Residual: 
0.0807212
0.080158
0.0796422
0.0791702
Residual: 
0.0550629
0.0536927
0.0523889
0.0511482
Residual: 
0.115436
0.10611
0.0985219
0.0921911
Residual: 
0.221797
0.210464
0.20363
0.199211
Residual: 
0.0891844
0.089042
0.0889008
0.0887607
Residual: 
0.0886216
0.0884834
0.0883462
0.0882098
Residual: 
0.0801976
0.0796415
0.0791321
0.0786659
Residual: 
0.0546536
0.0532942
0.0520004
0.050769
Residual: 
0.114702
0.105438
0.0979015
0.0916135
Residual: 
0.220435
0.209337
0.202628
0.198284
Residual: 
0.0885786
0.0884387
0.0883001
0.0881624
Residual: 
0.0880255
0.0878898
0.0877547
0.0876207
Residual: 
0.07968
0.0791308
0.0786275
0.0781669
Residual: 
0.0542493
0.0529004
0.0516165
0.0503945
Residual: 
0.113978
0.104776
0.0972898
0.0910441
Residual: 
0.219119
0.208236
0.201641
0.197366
Residual: 
0.0879903
0.0878528
0.0877163
0.0875808
Residual: 
0.0874463
0.0873125
0.0871796
0.0870476
Residual: 
0.0791681
0.0786254
0.0781279
0.0776727
Residual: 
0.0538499
0.0525115
0.0512374
0.0500245
Residual: 
0.113265
0.104123
0.0966864
0.0904823
Residual: 
0.217845
0.207158
0.200667
0.196455
Residual: 
0.0874183
0.0872829
0.0871485
0.0870149
Residual: 
0.0868823
0.0867506
0.0866197
0.0864895
Residual: 
0.0786617
0.0781252
0.0776334
0.0771834
Residual: 
0.0534552
0.0521272
0.0508628
0.0496591
Residual: 
0.112561
0.103479
0.0960911
0.0899282
Residual: 
0.21661
0.206101
0.199705
0.195553
Residual: 
0.0868612
0.0867277
0.0865952
0.0864637
Residual: 
0.0863327
0.0862027
0.0860735
0.0859451
Residual: 
0.0781606
0.0776301
0.0771436
0.0766987
Residual: 
0.0530653
0.0517475
0.0504927
0.049298
Residual: 
0.111867
0.102843
0.0955036
0.0893813
Residual: 
0.21541
0.205063
0.198755
0.194657
Residual: 
0.086318
0.0861864
0.0860556
0.0859256
Residual: 
0.0857964
0.085668
0.0855405
0.0854136
Residual: 
0.0776647
0.0771399
0.0766586
0.0762185
Residual: 
0.05268
0.0513723
0.050127
0.0489413
Residual: 
0.111181
0.102215
0.0949236
0.0888415
Residual: 
0.21424
0.204042
0.197814
0.193767
Residual: 
0.0857878
0.0856577
0.0855286
0.0854001
Residual: 
0.0852725
0.0851456
0.0850195
0.0848941
Residual: 
0.0771736
0.0766544
0.0761781
0.0757427
Residual: 
0.0522992
0.0510015
0.0497656
0.0485888
Residual: 
0.110505
0.101596
0.094351
0.0883085
Residual: 
0.2131
0.203037
0.196883
0.192883
Residual: 
0.0852697
0.0851411
0.0850133
0.0848863
Residual: 
0.0847601
0.0846346
0.0845098
0.0843857
Residual: 
0.0766874
0.0761735
0.0757021
0.0752712
Residual: 
0.0519228
0.050635
0.0494085
0.0482405
Residual: 
0.109836
0.100983
0.0937853
0.0877821
Residual: 
0.211985
0.202045
0.19596
0.192004
Residual: 
0.0847627
0.0846354
0.0845091
0.0843834
Residual: 
0.0842585
0.0841342
0.0840107
0.0838879
Residual: 
0.0762057
0.075697
0.0752304
0.0748039
Residual: 
0.0515507
0.0502728
0.0490555
0.0478962
Residual: 
0.109176
0.100379
0.0932264
0.087262
Residual: 
0.210894
0.201067
0.195045
0.191129
Residual: 
0.0842663
0.0841404
0.0840152
0.0838906
Residual: 
0.0837669
0.0836439
0.0835214
0.0833997
Residual: 
0.0757287
0.075225
0.0747629
0.0743407
Residual: 
0.0511829
0.0499146
0.0487066
0.047556
Residual: 
0.108523
0.0997807
0.092674
0.086748
Residual: 
0.209824
0.2001
0.194137
0.190259
Residual: 
0.0837797
0.0836549
0.0835308
0.0834075
Residual: 
0.0832848
0.0831627
0.0830414
0.0829208
Residual: 
0.075256
0.0747572
0.0742997
0.0738816
Residual: 
0.0508191
0.0495605
0.0483616
0.0472196
Residual: 
0.107878
0.0991897
0.092128
0.0862401
Residual: 
0.208773
0.199144
0.193235
0.189393
Residual: 
0.0833023
0.0831785
0.0830554
0.0829331
Residual: 
0.0828114
0.0826905
0.0825702
0.0824503
Residual: 
0.0747877
0.0742936
0.0738404
0.0734265
Residual: 
0.0504593
0.0492104
0.0480204
0.046887
Residual: 
0.107239
0.0986051
0.091588
0.0857378
Residual: 
0.20774
0.198198
0.19234
0.18853
Residual: 
0.0828333
0.0827107
0.0825886
0.0824672
Residual: 
0.0823464
0.0822263
0.0821069
0.0819881
Residual: 
0.0743235
0.0738341
0.0733852
0.0729752
Residual: 
0.0501035
0.048864
0.0476831
0.0465582
Residual: 
0.106608
0.098027
0.091054
0.0852412
Residual: 
0.206723
0.19726
0.191449
0.187671
Residual: 
0.0823726
0.0822507
0.0821296
0.0820091
Residual: 
0.0818892
0.08177
0.0816514
0.0815334
Residual: 
0.0738635
0.0733786
0.0729339
0.0725279
Residual: 
0.0497515
0.0485215
0.0473495
0.046233
Residual: 
0.105983
0.0974549
0.0905257
0.08475
Residual: 
0.205719
0.196331
0.190564
0.186816
Residual: 
0.0819194
0.0817983
0.081678
0.0815583
Residual: 
0.0814392
0.0813209
0.081203
0.0810858
Residual: 
0.0734075
0.0729271
0.0724865
0.0720843
Residual: 
0.0494033
0.0481826
0.0470195
0.0459115
Residual: 
0.105365
0.0968888
0.090003
0.0842641
Residual: 
0.204729
0.195408
0.189683
0.185963
Residual: 
0.0814732
0.0813529
0.0812334
0.0811145
Residual: 
0.0809962
0.0808785
0.0807614
0.0806449
Residual: 
0.0729555
0.0724794
0.0720429
0.0716444
Residual: 
0.0490587
0.0478474
0.0466931
0.0455934
Residual: 
0.104752
0.0963284
0.0894857
0.0837832
Residual: 
0.20375
0.194493
0.188807
0.185114
Residual: 
0.0810336
0.0809141
0.0807953
0.0806772
Residual: 
0.0805595
0.0804425
0.0803261
0.0802102
Residual: 
0.0725073
0.0720355
0.0716029
0.0712081
Residual: 
0.0487178
0.0475156
0.0463701
0.0452788
Residual: 
0.104146
0.0957737
0.0889737
0.0833074
Residual: 
0.202782
0.193583
0.187935
0.184267
Residual: 
0.0806003
0.0804815
0.0803634
0.0802459
Residual: 
0.0801289
0.0800126
0.0798969
0.0797816
Residual: 
0.072063
0.0715954
0.0711667
0.0707755
Residual: 
0.0483803
0.0471873
0.0460506
0.0449675
Residual: 
0.103545
0.0952243
0.0884667
0.0828364
Residual: 
0.201823
0.192679
0.187066
0.183423
Residual: 
0.080173
0.0800548
0.0799373
0.0798204
Residual: 
0.0797039
0.0795882
0.0794731
0.0793585
Residual: 
0.0716223
0.0711589
0.070734
0.0703464
Residual: 
0.0480462
0.0468625
0.0457344
0.0446595
Residual: 
0.10295
0.0946802
0.0879647
0.0823701
Residual: 
0.200872
0.19178
0.186201
0.182582
Residual: 
0.079751
0.0796336
0.0795165
0.0794003
Residual: 
0.0792845
0.0791693
0.0790546
0.0789406
Residual: 
0.0711854
0.070726
0.0703049
0.0699207
Residual: 
0.0477156
0.0465409
0.0454214
0.0443547
Residual: 
0.102361
0.0941412
0.0874675
0.0819084
Residual: 
0.199929
0.190886
0.18534
0.181743
Residual: 
0.0793343
0.0792174
0.0791011
0.0789852
Residual: 
0.07887
0.0787554
0.0786413
0.0785277
Residual: 
0.070752
0.0702966
0.0698793
0.0694986
Residual: 
0.0473883
0.0462226
0.0451117
0.0440532
Residual: 
0.101777
0.0936073
0.0869751
0.0814513
Residual: 
0.198992
0.189996
0.184482
0.180907
Residual: 
0.0789226
0.0788061
0.0786902
0.078575
Residual: 
0.0784603
0.0783461
0.0782326
0.0781195
Residual: 
0.0703221
0.0698707
0.0694571
0.0690797
Residual: 
0.0470642
0.0459075
0.0448052
0.0437548
Residual: 
0.101198
0.0930783
0.0864873
0.0809985
Residual: 
0.198062
0.189111
0.183626
0.180073
Residual: 
0.0785153
0.0783994
0.0782841
0.0781693
Residual: 
0.0780551
0.0779414
0.0778283
0.0777157
Residual: 
0.0698958
0.0694483
0.0690382
0.0686643
Residual: 
0.0467433
0.0455956
0.0445017
0.0434594
Residual: 
0.100624
0.092554
0.0860041
0.08055
Residual: 
0.197137
0.188229
0.182774
0.179241
Residual: 
0.0781124
0.0779971
0.0778822
0.0777679
Residual: 
0.0776542
0.0775409
0.0774282
0.077316
Residual: 
0.0694728
0.0690292
0.0686227
0.068252
Residual: 
0.0464256
0.0452867
0.0442013
0.043167
Residual: 
0.100056
0.0920344
0.0855253
0.0801057
Residual: 
0.196217
0.18735
0.181924
0.178412
Residual: 
0.0777136
0.0775986
0.0774844
0.0773704
Residual: 
0.0772571
0.0771443
0.0770321
0.0769203
Residual: 
0.0690532
0.0686134
0.0682105
0.0678431
Residual: 
0.0461109
0.0449809
0.0439039
0.0428775
Residual: 
0.0994915
0.0915193
0.0850507
0.0796655
Residual: 
0.195301
0.186474
0.181077
0.177584
Residual: 
0.0773188
0.0772042
0.0770901
0.0769767
Residual: 
0.0768638
0.0767514
0.0766396
0.0765283
Residual: 
0.0686369
0.0682009
0.0678014
0.0674372
Residual: 
0.0457992
0.044678
0.0436094
0.042591
Residual: 
0.0989323
0.0910087
0.0845804
0.0792293
Residual: 
0.194389
0.185602
0.180232
0.176759
Residual: 
0.0769275
0.0768133
0.0766998
0.0765867
Residual: 
0.0764742
0.0763623
0.0762508
0.0761399
Residual: 
0.068224
0.0677916
0.0673956
0.0670346
Residual: 
0.0454906
0.0443781
0.0433178
0.0423073
Residual: 
0.0983778
0.0905025
0.0841142
0.0787971
Residual: 
0.193481
0.184732
0.17939
0.175936
Residual: 
0.0765396
0.0764259
0.0763127
0.0762
Residual: 
0.0760879
0.0759764
0.0758653
0.0757548
Residual: 
0.0678141
0.0673855
0.0669929
0.066635
Residual: 
0.0451848
0.0440811
0.043029
0.0420264
Residual: 
0.0978278
0.0900006
0.083652
0.0783687
Residual: 
0.192576
0.183865
0.17855
0.175115
Residual: 
0.076155
0.0760417
0.0759289
0.0758166
Residual: 
0.075705
0.0755937
0.075483
0.0753729
Residual: 
0.0674075
0.0669825
0.0665932
0.0662385
Residual: 
0.0448819
0.0437868
0.042743
0.0417482
Residual: 
0.0972823
0.0895028
0.0831938
0.0779441
Residual: 
0.191673
0.183001
0.177713
0.174296
Residual: 
0.0757735
0.0756607
0.0755481
0.0754363
Residual: 
0.0753249
0.0752141
0.0751039
0.0749939
Residual: 
0.067004
0.0665826
0.0661966
0.065845
Residual: 
0.0445819
0.0434954
0.0424597
0.0414727
Residual: 
0.0967411
0.0890092
0.0827395
0.0775231
Residual: 
0.190774
0.182139
0.176877
0.173479
Residual: 
0.0753951
0.0752825
0.0751704
0.0750589
Residual: 
0.0749478
0.0748373
0.0747274
0.074618
Residual: 
0.0666036
0.0661857
0.0658031
0.0654544
Residual: 
0.0442846
0.0432066
0.0421791
0.0411999
Residual: 
0.0962042
0.0885195
0.0822889
0.0771057
Residual: 
0.189877
0.181279
0.176044
0.172663
Residual: 
0.0750192
0.0749071
0.0747954
0.0746841
Residual: 
0.0745735
0.0744634
0.0743539
0.0742447
Residual: 
0.0662062
0.0657919
0.0654125
0.0650669
Residual: 
0.04399
0.0429206
0.0419012
0.0409296
Residual: 
0.0956715
0.0880337
0.0818421
0.0766919
Residual: 
0.188982
0.180421
0.175213
0.17185
Residual: 
0.0746462
0.0745344
0.074423
0.0743121
Residual: 
0.0742019
0.0740921
0.0739829
0.0738741
Residual: 
0.0658119
0.065401
0.0650248
0.0646822
Residual: 
0.0436981
0.0426372
0.0416259
0.040662
Residual: 
0.0951428
0.0875518
0.0813988
0.0762815
Residual: 
0.18809
0.179566
0.174383
0.171038
Residual: 
0.0742758
0.0741642
0.0740532
0.0739427
Residual: 
0.0738327
0.0737233
0.0736144
0.073506
Residual: 
0.0654205
0.0650131
0.06464
0.0643004
Residual: 
0.0434089
0.0423563
0.041353
0.0403967
Residual: 
0.0946182
0.0870736
0.0809591
0.0758744
Residual: 
0.187199
0.178712
0.173556
0.170228
Residual: 
0.0739076
0.0737965
0.0736859
0.0735758
Residual: 
0.0734662
0.0733571
0.0732485
0.0731404
Residual: 
0.0650321
0.064628
0.0642582
0.0639214
Residual: 
0.0431222
0.042078
0.0410827
0.040134
Residual: 
0.0940974
0.086599
0.0805228
0.0754705
Residual: 
0.186311
0.177861
0.17273
0.16942
Residual: 
0.0735418
0.073431
0.0733208
0.0732109
Residual: 
0.0731017
0.072993
0.0728848
0.0727771
Residual: 
0.0646466
0.0642459
0.0638791
0.0635452
Residual: 
0.0428381
0.0418022
0.0408148
0.0398736
Residual: 
0.0935804
0.086128
0.0800899
0.0750699
Residual: 
0.185425
0.177011
0.171907
0.168614
Residual: 
0.0731784
0.073068
0.072958
0.0728486
Residual: 
0.0727397
0.0726312
0.0725233
0.072416
Residual: 
0.064264
0.0638666
0.0635029
0.0631717
Residual: 
0.0425564
0.0415289
0.0405493
0.0396157
Residual: 
0.0930672
0.0856605
0.0796603
0.0746724
Residual: 
0.18454
0.176164
0.171085
0.16781
Residual: 
0.072817
0.072707
0.0725974
0.0724883
Residual: 
0.0723799
0.0722717
0.0721641
0.0720572
Residual: 
0.0638842
0.0634901
0.0631294
0.062801
Residual: 
0.0422773
0.0412579
0.0402862
0.03936
Residual: 
0.0925576
0.0851964
0.0792339
0.0742779
Residual: 
0.183657
0.175318
0.170266
0.167007
Residual: 
0.0724579
0.0723481
0.0722389
0.0721302
Residual: 
0.072022
0.0719142
0.071807
0.0717004
Residual: 
0.0635072
0.0631163
0.0627586
0.062433
Residual: 
0.0420005
0.0409893
0.0400254
0.0391066
Residual: 
0.0920515
0.0847356
0.0788105
0.0738863
Residual: 
0.182776
0.174475
0.169448
0.166206
Residual: 
0.0721008
0.0719914
0.0718825
0.0717741
Residual: 
0.0716662
0.0715589
0.071452
0.0713457
Residual: 
0.0631331
0.0627454
0.0623906
0.0620677
Residual: 
0.0417261
0.040723
0.0397669
0.0388555
Residual: 
0.0915489
0.084278
0.0783902
0.0734976
Residual: 
0.181897
0.173633
0.168632
0.165406
Residual: 
0.0717456
0.0716365
0.0715279
0.07142
Residual: 
0.0713125
0.0712055
0.0710991
0.0709931
Residual: 
0.0627617
0.0623771
0.0620252
0.061705
Residual: 
0.041454
0.040459
0.0395105
0.0386065
Residual: 
0.0910496
0.0838236
0.0779729
0.0731117
Residual: 
0.18102
0.172793
0.167817
0.164608
Residual: 
0.0713923
0.0712838
0.0711756
0.0710679
Residual: 
0.0709607
0.0708541
0.0707479
0.0706424
Residual: 
0.062393
0.0620115
0.0616625
0.0613449
Residual: 
0.0411841
0.0401972
0.0392564
0.0383597
Residual: 
0.0905536
0.0833722
0.0775584
0.0727285
Residual: 
0.180145
0.171956
0.167005
0.163812
Residual: 
0.071041
0.0709328
0.0708251
0.0707178
Residual: 
0.0706109
0.0705047
0.070399
0.0702936
Residual: 
0.0620271
0.0616486
0.0613024
0.0609874
Residual: 
0.0409166
0.0399376
0.0390044
0.0381149
Residual: 
0.0900609
0.0829238
0.0771468
0.072348
Residual: 
0.179272
0.17112
0.166194
0.163018
Residual: 
0.0706916
0.0705837
0.0704763
0.0703693
Residual: 
0.070263
0.0701571
0.0700517
0.0699467
Residual: 
0.0616637
0.0612882
0.0609448
0.0606323
Residual: 
0.0406511
0.0396801
0.0387545
0.0378722
Residual: 
0.0895712
0.0824782
0.0767377
0.0719699
Residual: 
0.1784
0.170286
0.165385
0.162224
Residual: 
0.070344
0.0702365
0.0701295
0.0700229
Residual: 
0.0699169
0.0698113
0.0697063
0.0696018
Residual: 
0.0613031
0.0609306
0.0605898
0.0602798
Residual: 
0.0403879
0.0394248
0.0385067
0.0376316
Residual: 
0.0890846
0.0820355
0.0763314
0.0715944
Residual: 
0.177531
0.169454
0.164578
0.161433
Residual: 
0.0699983
0.069891
0.0697844
0.0696782
Residual: 
0.0695726
0.0694676
0.0693628
0.0692586
Residual: 
0.060945
0.0605754
0.0602373
0.0599298
Residual: 
0.0401267
0.0391715
0.0382609
0.0373929
Residual: 
0.0886009
0.0815956
0.0759276
0.0712212
Residual: 
0.176663
0.168624
0.163773
0.160643
Residual: 
0.0696541
0.0695474
0.0694411
0.0693354
Residual: 
0.0692301
0.0691254
0.069021
0.0689172
Residual: 
0.0605895
0.0602227
0.0598873
0.0595821
Residual: 
0.0398676
0.0389202
0.038017
0.0371561
Residual: 
0.08812
0.0811583
0.0755263
0.0708504
Residual: 
0.175798
0.167796
0.162969
0.159854
Residual: 
0.0693119
0.0692055
0.0690996
0.0689942
Residual: 
0.0688893
0.0687849
0.068681
0.0685777
Residual: 
0.0602366
0.0598726
0.0595397
0.0592369
Residual: 
0.0396106
0.0386709
0.0377751
0.0369212
Residual: 
0.087642
0.0807235
0.0751274
0.0704818
Residual: 
0.174934
0.166969
0.162167
0.159067
Residual: 
0.0689712
0.0688653
0.0687597
0.0686548
Residual: 
0.0685504
0.0684464
0.0683428
0.0682399
Residual: 
0.0598861
0.0595249
0.0591945
0.058894
Residual: 
0.0393555
0.0384235
0.0375351
0.0366882
Residual: 
0.0871667
0.0802913
0.0747309
0.0701154
Residual: 
0.174073
0.166145
0.161366
0.158281
Residual: 
0.0686325
0.0685268
0.0684218
0.0683172
Residual: 
0.0682131
0.0681095
0.0680064
0.0679039
Residual: 
0.0595382
0.0591796
0.0588517
0.0585535
Residual: 
0.0391024
0.0381781
0.037297
0.0364571
Residual: 
0.086694
0.0798616
0.0743366
0.0697511
Residual: 
0.173214
0.165323
0.160568
0.157497
Residual: 
0.0682952
0.06819
0.0680853
0.0679812
Residual: 
0.0678776
0.0677745
0.0676717
0.0675694
Residual: 
0.0591927
0.0588368
0.0585112
0.0582152
Residual: 
0.0388512
0.0379345
0.0370607
0.0362277
Residual: 
0.0862239
0.0794342
0.0739445
0.0693889
Residual: 
0.172357
0.164502
0.159771
0.156714
Residual: 
0.0679594
0.0678549
0.0677506
0.0676469
Residual: 
0.0675437
0.0674409
0.0673387
0.0672369
Residual: 
0.0588496
0.0584962
0.0581731
0.0578792
Residual: 
0.0386019
0.0376928
0.0368261
0.036
Residual: 
0.0857563
0.0790091
0.0735546
0.0690286
Residual: 
0.171502
0.163684
0.158975
0.155933
Residual: 
0.0676257
0.0675213
0.0674176
0.0673143
Residual: 
0.0672114
0.067109
0.0670072
0.0669058
Residual: 
0.0585088
0.058158
0.0578371
0.0575454
Residual: 
0.0383544
0.0374528
0.0365933
0.035774
Residual: 
0.0852911
0.0785862
0.0731666
0.0686702
Residual: 
0.170649
0.162867
0.158181
0.155152
Residual: 
0.0672935
0.0671896
0.0670862
0.0669833
Residual: 
0.066881
0.066779
0.0666775
0.0665765
Residual: 
0.0581704
0.057822
0.0575034
0.0572137
Residual: 
0.0381087
0.0372146
0.0363622
0.0355497
Residual: 
0.0848283
0.0781655
0.0727808
0.0683137
Residual: 
0.169798
0.162053
0.157389
0.154373
Residual: 
0.0669629
0.0668594
0.0667564
0.066654
Residual: 
0.066552
0.0664504
0.0663494
0.0662489
Residual: 
0.0578343
0.0574884
0.057172
0.0568842
Residual: 
0.0378648
0.0369782
0.0361329
0.0353271
Residual: 
0.0843679
0.0777469
0.0723968
0.067959
Residual: 
0.16895
0.16124
0.156598
0.153595
Residual: 
0.0666338
0.0665309
0.0664284
0.0663264
Residual: 
0.0662247
0.0661237
0.0660231
0.065923
Residual: 
0.0575004
0.0571568
0.0568426
0.0565568
Residual: 
0.0376227
0.0367434
0.0359051
0.035106
Residual: 
0.0839096
0.0773303
0.0720147
0.067606
Residual: 
0.168103
0.160429
0.155809
0.152819
Residual: 
0.0663062
0.0662037
0.0661018
0.0660002
Residual: 
0.0658991
0.0657985
0.0656984
0.0655987
Residual: 
0.0571687
0.0568275
0.0565153
0.0562315
Residual: 
0.0373822
0.0365102
0.035679
0.0348866
Residual: 
0.0834534
0.0769157
0.0716344
0.0672546
Residual: 
0.167259
0.15962
0.155021
0.152043
Residual: 
0.0659806
0.0658785
0.0657768
0.0656758
Residual: 
0.065575
0.0654748
0.0653752
0.0652759
Residual: 
0.0568392
0.0565003
0.0561902
0.0559082
Residual: 
0.0371434
0.0362787
0.0354544
0.0346687
Residual: 
0.0829995
0.0765031
0.0712559
0.0669049
Residual: 
0.166417
0.158813
0.154235
0.151269
Residual: 
0.0656562
0.0655545
0.0654534
0.0653527
Residual: 
0.0652525
0.0651527
0.0650535
0.0649547
Residual: 
0.0565119
0.0561751
0.055867
0.0555868
Residual: 
0.0369063
0.0360488
0.0352314
0.0344522
Residual: 
0.0825476
0.0760923
0.070879
0.0665567
Residual: 
0.165577
0.158007
0.15345
0.150496
Residual: 
0.0653333
0.0652324
0.0651316
0.0650314
Residual: 
0.0649316
0.0648322
0.0647335
0.0646351
Residual: 
0.0561867
0.0558521
0.0555459
0.0552675
Residual: 
0.0366708
0.0358205
0.03501
0.0342373
Residual: 
0.0820978
0.0756834
0.0705039
0.0662101
Residual: 
0.164739
0.157204
0.152667
0.149724
Residual: 
0.0650123
0.0649114
0.0648112
0.0647114
Residual: 
0.0646121
0.0645133
0.0644149
0.0643171
Residual: 
0.0558635
0.055531
0.0552268
0.05495
Residual: 
0.0364369
0.0355937
0.03479
0.0340238
Residual: 
0.0816499
0.0752762
0.0701303
0.0658648
Residual: 
0.163904
0.156402
0.151885
0.148952
Residual: 
0.0646925
0.0645922
0.0644926
0.0643931
Residual: 
0.0642944
0.064196
0.064098
0.0640005
Residual: 
0.0555423
0.0552119
0.0549095
0.0546344
Residual: 
0.0362045
0.0353685
0.0345715
0.0338118
Residual: 
0.081204
0.0748708
0.0697583
0.065521
Residual: 
0.16307
0.155602
0.151104
0.148183
Residual: 
0.0643742
0.0642745
0.0641751
0.0640763
Residual: 
0.0639779
0.0638799
0.0637826
0.0636855
Residual: 
0.0552231
0.0548947
0.0545942
0.0543206
Residual: 
0.0359737
0.0351447
0.0343544
0.0336011
Residual: 
0.0807599
0.074467
0.0693878
0.0651785
Residual: 
0.162239
0.154804
0.150325
0.147414
Residual: 
0.0640577
0.0639583
0.0638593
0.063761
Residual: 
0.0636631
0.0635656
0.0634685
0.0633722
Residual: 
0.0549059
0.0545795
0.0542807
0.0540087
Residual: 
0.0357443
0.0349224
0.0341388
0.0333918
Residual: 
0.0803177
0.0740649
0.0690188
0.0648374
Residual: 
0.161409
0.154007
0.149547
0.146646
Residual: 
0.0637423
0.0636433
0.0635451
0.0634471
Residual: 
0.0633496
0.0632528
0.0631562
0.0630601
Residual: 
0.0545907
0.0542661
0.053969
0.0536986
Residual: 
0.0355165
0.0347015
0.0339246
0.0331839
Residual: 
0.0798773
0.0736644
0.0686512
0.0644975
Residual: 
0.160582
0.153212
0.148771
0.145879
Residual: 
0.0634284
0.06333
0.0632322
0.0631346
Residual: 
0.0630376
0.0629411
0.0628451
0.0627494
Residual: 
0.0542772
0.0539545
0.0536591
0.0533902
Residual: 
0.0352901
0.034482
0.0337117
0.0329773
Residual: 
0.0794385
0.0732654
0.068285
0.0641588
Residual: 
0.159757
0.152419
0.147995
0.145113
Residual: 
0.0631161
0.0630182
0.0629208
0.0628237
Residual: 
0.0627271
0.0626311
0.0625356
0.0624403
Residual: 
0.0539657
0.0536448
0.053351
0.0530834
Residual: 
0.0350652
0.0342639
0.0335001
0.032772
Residual: 
0.0790016
0.072868
0.0679201
0.0638213
Residual: 
0.158933
0.151627
0.147221
0.144348
Residual: 
0.0628051
0.0627076
0.0626107
0.0625141
Residual: 
0.0624181
0.0623225
0.0622272
0.0621326
Residual: 
0.0536559
0.0533368
0.0530446
0.0527784
Residual: 
0.0348417
0.0340472
0.0332899
0.032568
Residual: 
0.0785663
0.072472
0.0675565
0.063485
Residual: 
0.158112
0.150837
0.146448
0.143584
Residual: 
0.0624955
0.0623984
0.0623019
0.062206
Residual: 
0.0621104
0.0620153
0.0619206
0.0618262
Residual: 
0.0533478
0.0530305
0.0527398
0.052475
Residual: 
0.0346195
0.0338318
0.033081
0.0323652
Residual: 
0.0781327
0.0720774
0.0671942
0.0631497
Residual: 
0.157293
0.150048
0.145677
0.142821
Residual: 
0.0621872
0.0620907
0.0619947
0.0618992
Residual: 
0.0618041
0.0617094
0.0616152
0.0615215
Residual: 
0.0530416
0.0527259
0.0524368
0.0521733
Residual: 
0.0343987
0.0336178
0.0328734
0.0321637
Residual: 
0.0777007
0.0716844
0.0668331
0.0628156
Residual: 
0.156475
0.149261
0.144906
0.142058
Residual: 
0.0618802
0.0617843
0.0616888
0.0615937
Residual: 
0.0614991
0.0614048
0.0613111
0.0612178
Residual: 
0.052737
0.052423
0.0521353
0.0518731
Residual: 
0.0341793
0.0334051
0.032667
0.0319633
Residual: 
0.0772703
0.0712926
0.0664733
0.0624824
Residual: 
0.155659
0.148476
0.144137
0.141297
Residual: 
0.0615747
0.0614792
0.0613842
0.0612895
Residual: 
0.0611954
0.0611017
0.0610084
0.0609155
Residual: 
0.0524342
0.0521217
0.0518354
0.0515744
Residual: 
0.0339612
0.0331936
0.0324618
0.0317642
Residual: 
0.0768415
0.0709022
0.0661146
0.0621503
Residual: 
0.154846
0.147692
0.143369
0.140537
Residual: 
0.0612704
0.0611753
0.0610807
0.0609868
Residual: 
0.0608931
0.0607997
0.060707
0.0606146
Residual: 
0.0521329
0.0518221
0.0515372
0.0512774
Residual: 
0.0337445
0.0329834
0.0322579
0.0315663
Residual: 
0.0764142
0.0705132
0.0657571
0.0618192
Residual: 
0.154034
0.14691
0.142602
0.139777
Residual: 
0.0609673
0.0608728
0.0607788
0.0606852
Residual: 
0.060592
0.0604992
0.060407
0.060315
Residual: 
0.0518333
0.051524
0.0512404
0.0509818
Residual: 
0.0335291
0.0327745
0.0320552
0.0313695
Residual: 
0.0759885
0.0701255
0.0654006
0.0614891
Residual: 
0.153223
0.146129
0.141837
0.139019
Residual: 
0.0606656
0.0605716
0.0604779
0.0603849
Residual: 
0.0602921
0.0601999
0.060108
0.0600166
Residual: 
0.0515352
0.0512274
0.0509451
0.0506876
Residual: 
0.0333149
0.0325668
0.0318537
0.0311739
Residual: 
0.0755642
0.069739
0.0650453
0.0611598
Residual: 
0.152415
0.145349
0.141072
0.138261
Residual: 
0.0603651
0.0602714
0.0601785
0.0600858
Residual: 
0.0599935
0.0599017
0.0598104
0.0597194
Residual: 
0.0512387
0.0509324
0.0506514
0.0503949
Residual: 
0.0331019
0.0323603
0.0316533
0.0309794
Residual: 
0.0751414
0.0693539
0.064691
0.0608315
Residual: 
0.151608
0.144571
0.140309
0.137505
Residual: 
0.0600659
0.0599727
0.0598801
0.059788
Residual: 
0.0596961
0.0596049
0.0595139
0.0594235
Residual: 
0.0509437
0.0506388
0.0503591
0.0501037
Residual: 
0.0328903
0.032155
0.0314541
0.030786
Residual: 
0.07472
0.0689699
0.0643378
0.060504
Residual: 
0.150803
0.143794
0.139546
0.136749
Residual: 
0.0597677
0.0596751
0.0595831
0.0594913
Residual: 
0.0594002
0.0593092
0.0592187
0.0591289
Residual: 
0.0506503
0.0503468
0.0500682
0.0498139
Residual: 
0.0326799
0.031951
0.0312561
0.0305937
Residual: 
0.0743002
0.0685872
0.0639856
0.0601775
Residual: 
0.149999
0.143019
0.138785
0.135994
Residual: 
0.0594706
0.0593785
0.059287
0.0591957
Residual: 
0.0591049
0.0590146
0.0589248
0.0588351
Residual: 
0.0503582
0.0500561
0.0497787
0.0495254
Residual: 
0.0324706
0.031748
0.0310592
0.0304025
Residual: 
0.0738816
0.0682055
0.0636344
0.0598517
Residual: 
0.149197
0.142245
0.138025
0.13524
Residual: 
0.0591749
0.0590833
0.058992
0.0589015
Residual: 
0.0588111
0.0587212
0.0586318
0.0585427
Residual: 
0.0500677
0.0497669
0.0494907
0.0492383
Residual: 
0.0322627
0.0315463
0.0308634
0.0302124
Residual: 
0.0734646
0.0678252
0.0632842
0.0595268
Residual: 
0.148397
0.141472
0.137267
0.134487
Residual: 
0.0588801
0.058789
0.0586984
0.0586082
Residual: 
0.0585183
0.058429
0.05834
0.0582514
Residual: 
0.0497785
0.049479
0.049204
0.0489526
Residual: 
0.0320559
0.0313457
0.0306687
0.0300233
Residual: 
0.0730489
0.067446
0.062935
0.0592026
Residual: 
0.147598
0.140701
0.136509
0.133735
Residual: 
0.0585866
0.0584958
0.0584058
0.0583162
Residual: 
0.0582266
0.0581378
0.0580493
0.0579611
Residual: 
0.0494907
0.0491925
0.0489186
0.0486681
Residual: 
0.0318502
0.0311462
0.030475
0.0298352
Residual: 
0.0726345
0.0670678
0.0625866
0.0588792
Residual: 
0.146801
0.139931
0.135752
0.132984
Residual: 
0.058294
0.058204
0.0581142
0.0580251
Residual: 
0.0579361
0.0578476
0.0577597
0.057672
Residual: 
0.0492044
0.0489074
0.0486345
0.048385
Residual: 
0.0316458
0.0309479
0.0302825
0.0296482
Residual: 
0.0722214
0.0666909
0.0622393
0.0585566
Residual: 
0.146005
0.139162
0.134997
0.132234
Residual: 
0.0580024
0.0579129
0.0578236
0.057735
Residual: 
0.0576466
0.0575587
0.0574711
0.057384
Residual: 
0.0489193
0.0486236
0.0483518
0.0481031
Residual: 
0.0314425
0.0307506
0.030091
0.0294622
Residual: 
0.0718098
0.066315
0.0618928
0.0582348
Residual: 
0.145211
0.138395
0.134242
0.131485
Residual: 
0.0577119
0.057623
0.0575342
0.0574459
Residual: 
0.057358
0.0572705
0.0571834
0.0570969
Residual: 
0.0486356
0.0483411
0.0480703
0.0478225
Residual: 
0.0312404
0.0305545
0.0299006
0.0292773
Residual: 
0.0713994
0.0659402
0.0615472
0.0579136
Residual: 
0.144418
0.137629
0.133489
0.130737
Residual: 
0.0574226
0.0573339
0.0572459
0.057158
Residual: 
0.0570705
0.0569835
0.0568968
0.0568108
Residual: 
0.0483532
0.0480599
0.0477901
0.0475431
Residual: 
0.0310393
0.0303594
0.0297112
0.0290933
Residual: 
0.0709903
0.0655665
0.0612025
0.0575932
Residual: 
0.143627
0.136864
0.132737
0.12999
Residual: 
0.057134
0.057046
0.0569582
0.0568708
Residual: 
0.0567838
0.0566974
0.0566112
0.0565255
Residual: 
0.0480721
0.0477799
0.0475112
0.047265
Residual: 
0.0308395
0.0301654
0.0295229
0.0289103
Residual: 
0.0705826
0.0651939
0.0608588
0.0572735
Residual: 
0.142837
0.1361
0.131986
0.129244
Residual: 
0.0568465
0.0567589
0.0566717
0.0565848
Residual: 
0.0564982
0.0564122
0.0563266
0.0562414
Residual: 
0.0477923
0.0475013
0.0472334
0.0469881
Residual: 
0.0306407
0.0299725
0.0293355
0.0287283
Residual: 
0.0701761
0.0648223
0.0605158
0.0569545
Residual: 
0.142048
0.135338
0.131236
0.128499
Residual: 
0.0565599
0.0564726
0.0563859
0.0562995
Residual: 
0.0562136
0.0561281
0.0560428
0.055958
Residual: 
0.0475137
0.0472238
0.0469569
0.0467124
Residual: 
0.030443
0.0297807
0.0291492
0.0285472
Residual: 
0.0697709
0.0644518
0.0601737
0.0566361
Residual: 
0.141261
0.134577
0.130488
0.127755
Residual: 
0.0562741
0.0561875
0.0561012
0.0560154
Residual: 
0.0559299
0.0558448
0.0557599
0.0556757
Residual: 
0.0472363
0.0469475
0.0466816
0.0464378
Residual: 
0.0302464
0.0295898
0.0289639
0.0283671
Residual: 
0.0693669
0.0640822
0.0598324
0.0563184
Residual: 
0.140474
0.133817
0.12974
0.127012
Residual: 
0.0559893
0.0559031
0.0558173
0.055732
Residual: 
0.0556469
0.0555623
0.055478
0.0553943
Residual: 
0.0469601
0.0466725
0.0464075
0.0461644
Residual: 
0.030051
0.0294001
0.0287795
0.0281879
Residual: 
0.0689641
0.0637136
0.0594919
0.0560013
Residual: 
0.13969
0.133059
0.128994
0.12627
Residual: 
0.0557054
0.0556197
0.0555342
0.0554493
Residual: 
0.0553648
0.0552806
0.0551969
0.0551135
Residual: 
0.0466851
0.0463985
0.0461345
0.0458922
Residual: 
0.0298565
0.0292113
0.0285962
0.0280097
Residual: 
0.0685626
0.0633461
0.0591522
0.0556849
Residual: 
0.138906
0.132301
0.128249
0.12553
Residual: 
0.0554222
0.0553369
0.0552521
0.0551676
Residual: 
0.0550834
0.0549998
0.0549166
0.0548336
Residual: 
0.0464114
0.0461259
0.0458627
0.0456212
Residual: 
0.0296632
0.0290236
0.0284138
0.0278324
Residual: 
0.0681624
0.0629797
0.0588135
0.0553692
Residual: 
0.138124
0.131545
0.127505
0.12479
Residual: 
0.0551398
0.0550549
0.0549706
0.0548866
Residual: 
0.054803
0.0547198
0.0546371
0.0545546
Residual: 
0.0461387
0.0458543
0.045592
0.0453512
Residual: 
0.0294709
0.0288369
0.0282324
0.0276561
Residual: 
0.0677633
0.0626141
0.0584754
0.0550541
Residual: 
0.137343
0.13079
0.126762
0.124052
Residual: 
0.0548582
0.0547738
0.0546901
0.0546065
Residual: 
0.0545234
0.0544407
0.0543583
0.0542764
Residual: 
0.0458673
0.0455839
0.0453225
0.0450824
Residual: 
0.0292797
0.0286512
0.028052
0.0274806
Residual: 
0.0673655
0.0622496
0.0581382
0.0547397
Residual: 
0.136563
0.130037
0.126021
0.123315
Residual: 
0.0545774
0.0544935
0.0544101
0.054327
Residual: 
0.0542445
0.0541623
0.0540805
0.0539987
Residual: 
0.0455969
0.0453146
0.045054
0.0448146
Residual: 
0.0290895
0.0284665
0.0278724
0.0273061
Residual: 
0.0669688
0.061886
0.0578017
0.0544258
Residual: 
0.135785
0.129284
0.12528
0.122579
Residual: 
0.0542973
0.054214
0.0541311
0.0540484
Residual: 
0.0539664
0.0538845
0.053803
0.053722
Residual: 
0.0453277
0.0450463
0.0447867
0.044548
Residual: 
0.0289004
0.0282827
0.0276939
0.0271324
Residual: 
0.0665733
0.0615234
0.057466
0.0541126
Residual: 
0.135007
0.128533
0.124541
0.121845
Residual: 
0.0540178
0.0539351
0.0538525
0.0537707
Residual: 
0.0536887
0.0536075
0.0535264
0.0534458
Residual: 
0.0450595
0.0447792
0.0445204
0.0442824
Residual: 
0.0287122
0.0281
0.0275162
0.0269597
Residual: 
0.066179
0.0611617
0.0571311
0.0537999
Residual: 
0.134231
0.127783
0.123804
0.121111
Residual: 
0.0537393
0.0536569
0.0535749
0.0534933
Residual: 
0.053412
0.0533311
0.0532506
0.0531704
Residual: 
0.0447925
0.0445132
0.0442552
0.0440179
Residual: 
0.0285251
0.0279182
0.0273395
0.0267878
Residual: 
0.0657858
0.060801
0.0567969
0.0534878
Residual: 
0.133456
0.127034
0.123067
0.120379
Residual: 
0.0534614
0.0533794
0.0532978
0.0532168
Residual: 
0.0531358
0.0530554
0.0529754
0.0528957
Residual: 
0.0445265
0.0442482
0.0439911
0.0437545
Residual: 
0.028339
0.0277374
0.0271638
0.0266169
Residual: 
0.0653939
0.0604412
0.0564636
0.0531765
Residual: 
0.132682
0.126287
0.122332
0.119649
Residual: 
0.0531838
0.0531025
0.0530213
0.0529407
Residual: 
0.0528603
0.0527805
0.0527009
0.0526216
Residual: 
0.0442616
0.0439843
0.043728
0.0434921
Residual: 
0.0281539
0.0275575
0.0269889
0.0264467
Residual: 
0.0650031
0.0600824
0.0561309
0.0528657
Residual: 
0.131909
0.125541
0.121598
0.118919
Residual: 
0.0529072
0.0528262
0.0527456
0.0526653
Residual: 
0.0525856
0.0525061
0.052427
0.0523481
Residual: 
0.0439977
0.0437214
0.043466
0.0432307
Residual: 
0.0279698
0.0273786
0.0268149
0.0262775
Residual: 
0.0646134
0.0597244
0.055799
0.0525554
Residual: 
0.131138
0.124796
0.120865
0.118191
Residual: 
0.052631
0.0525506
0.0524705
0.0523906
Residual: 
0.0523113
0.0522323
0.0521536
0.0520753
Residual: 
0.0437349
0.0434596
0.043205
0.0429704
Residual: 
0.0277867
0.0272007
0.0266419
0.0261091
Residual: 
0.0642249
0.0593675
0.0554679
0.0522458
Residual: 
0.130367
0.124052
0.120133
0.117465
Residual: 
0.0523557
0.0522755
0.052196
0.0521166
Residual: 
0.0520377
0.051959
0.0518808
0.051803
Residual: 
0.0434731
0.0431988
0.042945
0.0427111
Residual: 
0.0276046
0.0270236
0.0264697
0.0259416
Residual: 
0.0638374
0.0590114
0.0551374
0.0519368
Residual: 
0.129598
0.123309
0.119403
0.116739
Residual: 
0.0520806
0.052001
0.0519219
0.0518432
Residual: 
0.0517645
0.0516865
0.0516086
0.0515312
Residual: 
0.0432124
0.042939
0.042686
0.0424528
Residual: 
0.0274235
0.0268476
0.0262985
0.0257749
Residual: 
0.0634512
0.0586563
0.0548078
0.0516284
Residual: 
0.12883
0.122568
0.118674
0.116015
Residual: 
0.0518061
0.0517271
0.0516485
0.0515701
Residual: 
0.0514919
0.0514144
0.0513369
0.0512601
Residual: 
0.0429526
0.0426802
0.0424281
0.0421955
Residual: 
0.0272433
0.0266724
0.0261281
0.025609
Residual: 
0.063066
0.058302
0.0544788
0.0513205
Residual: 
0.128063
0.121828
0.117947
0.115293
Residual: 
0.0515323
0.0514539
0.0513753
0.0512974
Residual: 
0.0512199
0.0511427
0.0510658
0.0509893
Residual: 
0.0426938
0.0424224
0.0421711
0.0419392
Residual: 
0.0270641
0.0264982
0.0259586
0.0254441
Residual: 
0.0626819
0.0579486
0.0541506
0.0510133
Residual: 
0.127297
0.121089
0.117221
0.114572
Residual: 
0.0512589
0.0511809
0.051103
0.0510255
Residual: 
0.0509483
0.0508716
0.0507953
0.0507191
Residual: 
0.0424359
0.0421655
0.0419151
0.0416838
Residual: 
0.0268858
0.0263248
0.0257899
0.0252799
Residual: 
0.0622989
0.0575962
0.0538232
0.0507066
Residual: 
0.126532
0.120351
0.116496
0.113852
Residual: 
0.0509862
0.0509084
0.0508312
0.0507541
Residual: 
0.0506774
0.050601
0.0505249
0.0504494
Residual: 
0.0421791
0.0419097
0.04166
0.0414295
Residual: 
0.0267085
0.0261524
0.0256221
0.0251165
Residual: 
0.061917
0.0572446
0.0534964
0.0504006
Residual: 
0.125768
0.119615
0.115772
0.113134
Residual: 
0.0507135
0.0506364
0.0505596
0.0504829
Residual: 
0.0504066
0.0503309
0.0502553
0.0501801
Residual: 
0.0419232
0.0416548
0.041406
0.0411761
Residual: 
0.0265322
0.0259809
0.0254553
0.024954
Residual: 
0.0615362
0.056894
0.0531704
0.0500952
Residual: 
0.125005
0.11888
0.11505
0.112418
Residual: 
0.0504417
0.0503651
0.0502887
0.0502124
Residual: 
0.0501366
0.0500611
0.049986
0.0499113
Residual: 
0.0416683
0.0414008
0.0411529
0.0409237
Residual: 
0.0263568
0.0258103
0.0252892
0.0247923
Residual: 
0.0611565
0.0565442
0.0528451
0.0497903
Residual: 
0.124244
0.118146
0.114329
0.111703
Residual: 
0.0501702
0.0500939
0.0500178
0.0499423
Residual: 
0.049867
0.049792
0.0497173
0.0496431
Residual: 
0.0414143
0.0411478
0.0409007
0.0406722
Residual: 
0.0261823
0.0256406
0.025124
0.0246315
Residual: 
0.0607779
0.0561953
0.0525206
0.0494861
Residual: 
0.123483
0.117413
0.11361
0.110989
Residual: 
0.0498992
0.0498233
0.0497476
0.0496723
Residual: 
0.0495977
0.0495231
0.0494489
0.049375
Residual: 
0.0411612
0.0408957
0.0406494
0.0404217
Residual: 
0.0260087
0.0254717
0.0249597
0.0244714
Residual: 
0.0604003
0.0558473
0.0521968
0.0491824
Residual: 
0.122724
0.116682
0.112892
0.110277
Residual: 
0.0496284
0.0495532
0.0494779
0.0494032
Residual: 
0.0493288
0.0492547
0.0491809
0.0491076
Residual: 
0.040909
0.0406446
0.0403992
0.0401721
Residual: 
0.0258362
0.0253038
0.0247962
0.0243121
Residual: 
0.0600238
0.0555002
0.0518738
0.0488795
Residual: 
0.121965
0.115951
0.112176
0.109567
Residual: 
0.0493581
0.0492833
0.0492086
0.0491343
Residual: 
0.0490604
0.0489866
0.0489134
0.0488403
Residual: 
0.0406578
0.0403944
0.0401498
0.0399234
Residual: 
0.0256645
0.0251367
0.0246335
0.0241537
Residual: 
0.0596484
0.055154
0.0515515
0.0485771
Residual: 
0.121208
0.115223
0.111461
0.108858
Residual: 
0.0490885
0.0490138
0.0489396
0.0488657
Residual: 
0.0487922
0.0487191
0.0486462
0.0485736
Residual: 
0.0404075
0.0401451
0.0399013
0.0396757
Residual: 
0.0254937
0.0249706
0.0244717
0.023996
Residual: 
0.059274
0.0548087
0.0512299
0.0482754
Residual: 
0.120452
0.114495
0.110747
0.108151
Residual: 
0.0488187
0.0487448
0.0486709
0.0485976
Residual: 
0.0485246
0.0484517
0.0483792
0.0483073
Residual: 
0.0401581
0.0398966
0.0396538
0.0394289
Residual: 
0.0253238
0.0248053
0.0243108
0.0238392
Residual: 
0.0589008
0.0544643
0.0509092
0.0479743
Residual: 
0.119697
0.113769
0.110035
0.107445
Residual: 
0.0485497
0.048476
0.0484027
0.0483297
Residual: 
0.048257
0.0481848
0.0481127
0.0480409
Residual: 
0.0399095
0.0396491
0.0394071
0.0391829
Residual: 
0.0251549
0.0246408
0.0241506
0.0236831
Residual: 
0.0585285
0.0541207
0.0505891
0.0476738
Residual: 
0.118943
0.113044
0.109324
0.106741
Residual: 
0.0482809
0.0482077
0.0481346
0.0480623
Residual: 
0.04799
0.0479182
0.0478466
0.0477753
Residual: 
0.0396619
0.0394025
0.0391614
0.038938
Residual: 
0.0249868
0.0244772
0.0239913
0.0235279
Residual: 
0.0581573
0.0537781
0.0502698
0.047374
Residual: 
0.11819
0.11232
0.108615
0.106039
Residual: 
0.0480123
0.0479396
0.0478673
0.047795
Residual: 
0.0477232
0.0476518
0.0475806
0.0475098
Residual: 
0.0394151
0.0391567
0.0389165
0.0386938
Residual: 
0.0248197
0.0243145
0.0238328
0.0233734
Residual: 
0.0577871
0.0534363
0.0499512
0.0470749
Residual: 
0.117439
0.111598
0.107908
0.105339
Residual: 
0.0477442
0.047672
0.0476
0.0475283
Residual: 
0.0474568
0.0473858
0.047315
0.0472447
Residual: 
0.0391692
0.0389118
0.0386725
0.0384506
Residual: 
0.0246534
0.0241526
0.0236751
0.0232197
Residual: 
0.057418
0.0530954
0.0496335
0.0467764
Residual: 
0.116688
0.110877
0.107201
0.10464
Residual: 
0.0474764
0.0474045
0.0473329
0.0472616
Residual: 
0.0471907
0.0471201
0.0470499
0.0469799
Residual: 
0.0389241
0.0386678
0.0384294
0.0382082
Residual: 
0.024488
0.0239916
0.0235182
0.0230668
Residual: 
0.0570499
0.0527554
0.0493164
0.0464785
Residual: 
0.115938
0.110157
0.106497
0.103943
Residual: 
0.0472087
0.0471374
0.0470662
0.0469954
Residual: 
0.0469248
0.0468547
0.0467849
0.0467153
Residual: 
0.0386799
0.0384247
0.0381872
0.0379668
Residual: 
0.0243236
0.0238314
0.0233622
0.0229147
Residual: 
0.056683
0.0524163
0.0490002
0.0461814
Residual: 
0.11519
0.109438
0.105794
0.103248
Residual: 
0.0469414
0.0468706
0.0467998
0.0467294
Residual: 
0.0466593
0.0465897
0.0465202
0.0464512
Residual: 
0.0384366
0.0381824
0.0379458
0.0377262
Residual: 
0.0241599
0.0236721
0.0232069
0.0227634
Residual: 
0.056317
0.0520781
0.0486848
0.045885
Residual: 
0.114443
0.108721
0.105092
0.102554
Residual: 
0.0466745
0.0466039
0.0465337
0.0464637
Residual: 
0.0463941
0.0463248
0.0462558
0.0461872
Residual: 
0.0381941
0.037941
0.0377054
0.0374866
Residual: 
0.0239972
0.0235136
0.0230525
0.0226128
Residual: 
0.0559521
0.0517409
0.0483702
0.0455893
Residual: 
0.113697
0.108006
0.104392
0.101862
Residual: 
0.0464076
0.0463377
0.0462679
0.0461982
Residual: 
0.0461291
0.0460602
0.0459917
0.0459233
Residual: 
0.0379524
0.0377004
0.0374657
0.0372477
Residual: 
0.0238354
0.023356
0.0228989
0.022463
Residual: 
0.0555882
0.0514045
0.0480563
0.0452942
Residual: 
0.112952
0.107291
0.103694
0.101172
Residual: 
0.0461412
0.0460715
0.0460024
0.0459332
Residual: 
0.0458643
0.045796
0.0457277
0.0456599
Residual: 
0.0377116
0.0374607
0.037227
0.0370098
Residual: 
0.0236744
0.0231992
0.0227461
0.022314
Residual: 
0.0552254
0.051069
0.0477432
0.0449999
Residual: 
0.112208
0.106578
0.102997
0.100484
Residual: 
0.0458752
0.0458059
0.0457369
0.0456683
Residual: 
0.0455999
0.0455318
0.0454641
0.0453967
Residual: 
0.0374717
0.0372218
0.036989
0.0367726
Residual: 
0.0235143
0.0230432
0.0225941
0.0221658
Residual: 
0.0548636
0.0507345
0.047431
0.0447063
Residual: 
0.111466
0.105867
0.102301
0.0997973
Residual: 
0.0456091
0.0455404
0.0454718
0.0454037
Residual: 
0.0453357
0.0452678
0.0452007
0.0451337
Residual: 
0.0372325
0.0369838
0.036752
0.0365364
Residual: 
0.0233551
0.0228881
0.0224429
0.0220184
Residual: 
0.0545029
0.0504009
0.0471196
0.0444135
Residual: 
0.110724
0.105156
0.101608
0.0991126
Residual: 
0.0453437
0.0452753
0.045207
0.0451393
Residual: 
0.0450716
0.0450046
0.0449376
0.0448709
Residual: 
0.0369942
0.0367465
0.0365157
0.036301
Residual: 
0.0231966
0.0227338
0.0222924
0.0218716
Residual: 
0.0541431
0.0500681
0.0468089
0.0441214
Residual: 
0.109984
0.104448
0.100916
0.0984297
Residual: 
0.0450781
0.04501
0.0449424
0.044875
Residual: 
0.044808
0.044741
0.0446748
0.0446084
Residual: 
0.0367567
0.0365102
0.0362803
0.0360664
Residual: 
0.0230391
0.0225803
0.0221429
0.0217257
Residual: 
0.0537845
0.0497363
0.0464992
0.0438301
Residual: 
0.109246
0.10374
0.100225
0.0977489
Residual: 
0.044813
0.0447454
0.0446781
0.044611
Residual: 
0.0445445
0.0444781
0.044412
0.0443462
Residual: 
0.03652
0.0362746
0.0360457
0.0358327
Residual: 
0.0228824
0.0224276
0.021994
0.0215805
Residual: 
0.0534269
0.0494054
0.0461903
0.0435395
Residual: 
0.108508
0.103034
0.0995367
0.0970698
Residual: 
0.044548
0.044481
0.044414
0.0443475
Residual: 
0.0442811
0.0442153
0.0441495
0.0440841
Residual: 
0.0362841
0.0360399
0.035812
0.0355999
Residual: 
0.0227266
0.0222758
0.021846
0.0214362
Residual: 
0.0530703
0.0490756
0.0458822
0.0432497
Residual: 
0.107772
0.10233
0.0988497
0.0963927
Residual: 
0.0442833
0.0442164
0.0441501
0.0440839
Residual: 
0.0440182
0.0439526
0.0438873
0.0438223
Residual: 
0.036049
0.0358059
0.035579
0.0353678
Residual: 
0.0225716
0.0221248
0.0216987
0.0212925
Residual: 
0.0527148
0.0487465
0.0455749
0.0429607
Residual: 
0.107037
0.101627
0.0981643
0.0957173
Residual: 
0.0440187
0.0439526
0.0438865
0.0438208
Residual: 
0.0437552
0.0436901
0.0436254
0.0435606
Residual: 
0.0358148
0.0355728
0.035347
0.0351366
Residual: 
0.0224175
0.0219746
0.0215523
0.0211496
Residual: 
0.0523603
0.0484185
0.0452686
0.0426726
Residual: 
0.106303
0.100926
0.0974807
0.095044
Residual: 
0.0437547
0.0436888
0.0436231
0.0435578
Residual: 
0.0434927
0.0434279
0.0433636
0.0432995
Residual: 
0.0355814
0.0353406
0.0351157
0.0349063
Residual: 
0.0222643
0.0218252
0.0214066
0.0210076
Residual: 
0.052007
0.0480915
0.0449632
0.0423853
Residual: 
0.105571
0.100226
0.0967989
0.0943726
Residual: 
0.0434906
0.0434249
0.04336
0.0432949
Residual: 
0.0432304
0.0431661
0.043102
0.0430384
Residual: 
0.0353487
0.0351091
0.0348853
0.0346768
Residual: 
0.0221118
0.0216766
0.0212617
0.0208662
Residual: 
0.0516546
0.0477654
0.0446586
0.0420988
Residual: 
0.10484
0.0995276
0.0961186
0.0937031
Residual: 
0.0432268
0.0431618
0.043097
0.0430325
Residual: 
0.0429683
0.0429045
0.0428409
0.0427774
Residual: 
0.0351168
0.0348783
0.0346556
0.034448
Residual: 
0.0219601
0.0215288
0.0211176
0.0207256
Residual: 
0.0513033
0.0474402
0.0443549
0.041813
Residual: 
0.10411
0.0988308
0.0954401
0.0930355
Residual: 
0.0429632
0.0428988
0.0428344
0.0427703
Residual: 
0.0427066
0.0426429
0.0425795
0.0425168
Residual: 
0.0348858
0.0346485
0.0344268
0.0342202
Residual: 
0.0218094
0.0213818
0.0209743
0.0205857
Residual: 
0.0509531
0.0471161
0.0440521
0.0415282
Residual: 
0.103382
0.0981356
0.0947635
0.09237
Residual: 
0.0427001
0.0426357
0.0425718
0.0425081
Residual: 
0.0424449
0.0423818
0.042319
0.0422565
Residual: 
0.0346556
0.0344195
0.0341988
0.0339931
Residual: 
0.0216594
0.0212357
0.0208317
0.0204467
Residual: 
0.0506039
0.0467929
0.0437503
0.0412443
Residual: 
0.102655
0.0974421
0.0940887
0.0917065
Residual: 
0.042437
0.0423732
0.0423096
0.0422463
Residual: 
0.0421834
0.0421208
0.0420585
0.0419962
Residual: 
0.0344261
0.0341912
0.0339717
0.0337669
Residual: 
0.0215103
0.0210903
0.02069
0.0203084
Residual: 
0.0502559
0.0464708
0.0434494
0.0409613
Residual: 
0.10193
0.0967501
0.0934157
0.091045
Residual: 
0.0421742
0.0421108
0.0420477
0.0419849
Residual: 
0.0419222
0.0418601
0.0417981
0.0417362
Residual: 
0.0341975
0.0339638
0.0337453
0.0335415
Residual: 
0.021362
0.0209457
0.020549
0.0201708
Residual: 
0.0499088
0.0461495
0.0431493
0.0406791
Residual: 
0.101206
0.0960597
0.0927444
0.0903854
Residual: 
0.0419117
0.0418487
0.0417861
0.0417235
Residual: 
0.0416615
0.0415995
0.0415379
0.0414765
Residual: 
0.0339696
0.0337371
0.0335197
0.0333169
Residual: 
0.0212145
0.020802
0.0204087
0.020034
Residual: 
0.0495629
0.0458293
0.0428503
0.0403978
Residual: 
0.100484
0.0953711
0.0920751
0.089728
Residual: 
0.0416494
0.0415869
0.0415248
0.0414626
Residual: 
0.0414008
0.0413393
0.0412781
0.0412171
Residual: 
0.0337425
0.0335113
0.033295
0.0330932
Residual: 
0.0210679
0.020659
0.0202693
0.0198979
Residual: 
0.049218
0.0455101
0.0425521
0.0401174
Residual: 
0.0997627
0.0946841
0.0914076
0.0890726
Residual: 
0.0413874
0.0413254
0.0412634
0.0412017
Residual: 
0.0411404
0.0410794
0.0410184
0.0409579
Residual: 
0.0335163
0.0332862
0.0330711
0.0328702
Residual: 
0.020922
0.0205168
0.0201306
0.0197626
Residual: 
0.0488742
0.0451919
0.042255
0.039838
Residual: 
0.0990435
0.0939988
0.090742
0.0884193
Residual: 
0.0411256
0.041064
0.0410026
0.0409412
Residual: 
0.0408802
0.0408196
0.0407593
0.0406991
Residual: 
0.0332908
0.033062
0.032848
0.0326481
Residual: 
0.020777
0.0203754
0.0199927
0.019628
Residual: 
0.0485316
0.0448748
0.0419588
0.0395595
Residual: 
0.0983259
0.0933154
0.0900784
0.0877681
Residual: 
0.0408642
0.040803
0.0407417
0.040681
Residual: 
0.0406204
0.04056
0.0405001
0.0404405
Residual: 
0.0330662
0.0328386
0.0326257
0.0324269
Residual: 
0.0206328
0.0202348
0.0198556
0.0194942
Residual: 
0.04819
0.0445587
0.0416637
0.0392821
Residual: 
0.09761
0.0926337
0.0894167
0.0871191
Residual: 
0.0406032
0.0405421
0.0404815
0.040421
Residual: 
0.0403608
0.040301
0.0402416
0.040182
Residual: 
0.0328424
0.032616
0.0324042
0.0322064
Residual: 
0.0204894
0.020095
0.0197192
0.0193612
Residual: 
0.0478495
0.0442437
0.0413695
0.0390055
Residual: 
0.0968957
0.0919538
0.0887569
0.0864721
Residual: 
0.0403421
0.0402816
0.0402214
0.0401613
Residual: 
0.0401014
0.040042
0.039983
0.039924
Residual: 
0.0326193
0.0323942
0.0321836
0.0319867
Residual: 
0.0203468
0.019956
0.0195836
0.0192288
Residual: 
0.0475102
0.0439297
0.0410763
0.0387299
Residual: 
0.0961831
0.0912756
0.0880991
0.0858273
Residual: 
0.0400815
0.0400212
0.0399615
0.0399022
Residual: 
0.0398427
0.0397835
0.0397248
0.0396661
Residual: 
0.0323971
0.0321733
0.0319637
0.0317679
Residual: 
0.0202051
0.0198178
0.0194488
0.0190973
Residual: 
0.0471719
0.0436167
0.0407842
0.0384553
Residual: 
0.0954722
0.0905994
0.0874433
0.0851846
Residual: 
0.0398212
0.0397615
0.0397021
0.0396428
Residual: 
0.039584
0.0395251
0.0394667
0.0394086
Residual: 
0.0321756
0.0319531
0.0317447
0.0315499
Residual: 
0.0200641
0.0196803
0.0193147
0.0189665
Residual: 
0.0468348
0.0433048
0.0404931
0.0381818
Residual: 
0.0947633
0.0899251
0.0867896
0.0845443
Residual: 
0.0395614
0.039502
0.0394429
0.0393842
Residual: 
0.0393255
0.0392671
0.0392093
0.0391513
Residual: 
0.031955
0.0317337
0.0315265
0.0313328
Residual: 
0.0199239
0.0195437
0.0191814
0.0188364
Residual: 
0.0464988
0.042994
0.040203
0.0379092
Residual: 
0.0940559
0.0892526
0.0861378
0.083906
Residual: 
0.0393018
0.0392427
0.0391841
0.0391258
Residual: 
0.0390676
0.0390095
0.0389521
0.0388946
Residual: 
0.0317352
0.0315152
0.0313091
0.0311164
Residual: 
0.0197846
0.0194078
0.0190489
0.0187071
Residual: 
0.0461639
0.0426843
0.039914
0.0376377
Residual: 
0.0933505
0.0885821
0.0854882
0.0832701
Residual: 
0.0390424
0.0389839
0.0389256
0.0388677
Residual: 
0.0388097
0.0387523
0.0386951
0.0386382
Residual: 
0.0315162
0.0312974
0.0310925
0.0309009
Residual: 
0.019646
0.0192727
0.0189171
0.0185785
Residual: 
0.0458302
0.0423757
0.039626
0.0373673
Residual: 
0.092647
0.0879136
0.0848407
0.0826363
Residual: 
0.0387835
0.0387253
0.0386673
0.0386101
Residual: 
0.0385525
0.0384953
0.0384384
0.0383819
Residual: 
0.031298
0.0310805
0.0308768
0.0306863
Residual: 
0.0195083
0.0191384
0.0187861
0.0184507
Residual: 
0.0454977
0.0420682
0.0393392
0.0370979
Residual: 
0.0919454
0.0872471
0.0841953
0.0820049
Residual: 
0.0385247
0.0384673
0.0384095
0.0383526
Residual: 
0.0382955
0.0382387
0.0381823
0.0381264
Residual: 
0.0310806
0.0308644
0.0306618
0.0304723
Residual: 
0.0193712
0.0190048
0.0186558
0.0183235
Residual: 
0.0451661
0.0417617
0.0390532
0.0368294
Residual: 
0.0912456
0.0865824
0.0835519
0.0813755
Residual: 
0.0382667
0.0382093
0.0381523
0.0380954
Residual: 
0.0380388
0.0379825
0.0379264
0.0378705
Residual: 
0.030864
0.0306491
0.0304477
0.0302593
Residual: 
0.019235
0.018872
0.0185262
0.0181972
Residual: 
0.0448358
0.0414564
0.0387685
0.0365621
Residual: 
0.0905478
0.0859199
0.0829108
0.0807486
Residual: 
0.0380088
0.0379518
0.0378952
0.0378388
Residual: 
0.0377826
0.0377268
0.0376709
0.0376155
Residual: 
0.0306482
0.0304346
0.0302344
0.0300471
Residual: 
0.0190996
0.0187399
0.0183975
0.0180715
Residual: 
0.0445067
0.0411522
0.0384849
0.0362959
Residual: 
0.0898522
0.0852596
0.0822719
0.0801241
Residual: 
0.0377513
0.0376949
0.0376386
0.0375827
Residual: 
0.0375267
0.0374711
0.0374159
0.0373608
Residual: 
0.0304333
0.030221
0.0300219
0.0298357
Residual: 
0.018965
0.0186087
0.0182695
0.0179466
Residual: 
0.0441787
0.0408491
0.0382023
0.0360308
Residual: 
0.0891586
0.0846013
0.0816352
0.0795019
Residual: 
0.0374943
0.0374383
0.0373825
0.0373267
Residual: 
0.0372713
0.0372162
0.0371612
0.0371066
Residual: 
0.0302192
0.0300081
0.0298103
0.0296251
Residual: 
0.0188311
0.0184781
0.0181422
0.0178225
Residual: 
0.0438519
0.0405472
0.0379209
0.0357667
Residual: 
0.0884671
0.0839452
0.0810008
0.078882
Residual: 
0.0372378
0.0371819
0.0371265
0.0370712
Residual: 
0.0370162
0.0369615
0.036907
0.0368527
Residual: 
0.030006
0.0297962
0.0295996
0.0294155
Residual: 
0.0186981
0.0183485
0.0180157
0.0176991
Residual: 
0.0435263
0.0402465
0.0376407
0.0355039
Residual: 
0.0877777
0.0832912
0.0803686
0.0782646
Residual: 
0.0369817
0.0369263
0.0368711
0.0368163
Residual: 
0.0367617
0.0367074
0.0366532
0.0365993
Residual: 
0.0297935
0.0295851
0.0293896
0.0292066
Residual: 
0.0185658
0.0182195
0.0178899
0.0175764
Residual: 
0.0432019
0.0399469
0.0373615
0.0352421
Residual: 
0.0870905
0.0826396
0.0797388
0.0776495
Residual: 
0.036726
0.036671
0.0366163
0.0365618
Residual: 
0.0365075
0.0364536
0.0363998
0.0363463
Residual: 
0.029582
0.0293748
0.0291805
0.0289986
Residual: 
0.0184344
0.0180913
0.0177649
0.0174545
Residual: 
0.0428788
0.0396485
0.0370836
0.0349816
Residual: 
0.0864056
0.0819902
0.0791113
0.077037
Residual: 
0.0364706
0.0364161
0.0363618
0.0363076
Residual: 
0.0362538
0.0362003
0.0361468
0.0360938
Residual: 
0.0293711
0.0291653
0.0289722
0.0287914
Residual: 
0.0183036
0.0179638
0.0176406
0.0173332
Residual: 
0.0425566
0.0393512
0.0368066
0.034722
Residual: 
0.0857229
0.081343
0.0784861
0.0764268
Residual: 
0.0362159
0.0361618
0.0361078
0.0360541
Residual: 
0.0360007
0.0359476
0.0358944
0.0358417
Residual: 
0.0291613
0.0289567
0.0287648
0.0285851
Residual: 
0.0181737
0.0178372
0.0175171
0.0172127
Residual: 
0.0422359
0.0390551
0.036531
0.0344638
Residual: 
0.0850426
0.0806982
0.0778634
0.0758192
Residual: 
0.0359616
0.0359078
0.0358541
0.0358011
Residual: 
0.035748
0.035695
0.0356426
0.03559
Residual: 
0.0289522
0.0287489
0.0285582
0.0283796
Residual: 
0.0180444
0.0177112
0.0173942
0.0170929
Residual: 
0.0419162
0.0387602
0.0362564
0.0342066
Residual: 
0.0843645
0.0800557
0.077243
0.075214
Residual: 
0.0357078
0.0356544
0.0356013
0.0355484
Residual: 
0.0354958
0.0354433
0.035391
0.035339
Residual: 
0.028744
0.028542
0.0283525
0.028175
Residual: 
0.017916
0.017586
0.0172722
0.0169739
Residual: 
0.0415978
0.0384665
0.0359831
0.0339506
Residual: 
0.0836889
0.0794156
0.0766251
0.0746114
Residual: 
0.0354547
0.0354016
0.0353489
0.0352962
Residual: 
0.0352441
0.035192
0.0351401
0.0350886
Residual: 
0.0285366
0.0283359
0.0281476
0.0279713
Residual: 
0.0177884
0.0174616
0.0171508
0.0168555
Residual: 
0.0412807
0.038174
0.035711
0.0336959
Residual: 
0.0830157
0.078778
0.0760097
0.0740114
Residual: 
0.0352019
0.0351494
0.0350971
0.0350447
Residual: 
0.0349928
0.0349412
0.0348897
0.0348384
Residual: 
0.0283301
0.0281308
0.0279437
0.0277684
Residual: 
0.0176615
0.0173379
0.0170303
0.0167379
Residual: 
0.0409648
0.0378828
0.0354401
0.0334423
Residual: 
0.082345
0.0781428
0.0753968
0.0734139
Residual: 
0.0349497
0.0348976
0.0348456
0.0347938
Residual: 
0.0347422
0.0346909
0.03464
0.034589
Residual: 
0.0281244
0.0279264
0.0277405
0.0275663
Residual: 
0.0175353
0.0172149
0.0169103
0.016621
Residual: 
0.04065
0.0375926
0.0351703
0.0331898
Residual: 
0.0816767
0.07751
0.0747863
0.072819
Residual: 
0.0346984
0.0346463
0.0345947
0.0345434
Residual: 
0.0344922
0.0344412
0.0343906
0.0343399
Residual: 
0.0279197
0.0277229
0.0275382
0.0273652
Residual: 
0.0174099
0.0170927
0.0167912
0.0165049
Residual: 
0.0403367
0.0373039
0.0349018
0.0329387
Residual: 
0.0810112
0.07688
0.0741786
0.0722268
Residual: 
0.0344473
0.0343958
0.0343444
0.0342935
Residual: 
0.0342427
0.034192
0.0341419
0.0340916
Residual: 
0.0277158
0.0275203
0.0273368
0.0271649
Residual: 
0.0172853
0.0169712
0.0166728
0.0163894
Residual: 
0.0400246
0.0370163
0.0346346
0.0326888
Residual: 
0.0803481
0.0762524
0.0735734
0.0716373
Residual: 
0.0341969
0.0341459
0.0340949
0.0340442
Residual: 
0.0339938
0.0339438
0.0338937
0.0338439
Residual: 
0.0275128
0.0273186
0.0271363
0.0269654
Residual: 
0.0171614
0.0168505
0.0165551
0.0162746
Residual: 
0.0397137
0.03673
0.0343685
0.0324401
Residual: 
0.0796878
0.0756275
0.0729709
0.0710504
Residual: 
0.0339471
0.0338966
0.033846
0.0337958
Residual: 
0.0337459
0.0336957
0.0336462
0.0335968
Residual: 
0.0273106
0.0271178
0.0269367
0.0267669
Residual: 
0.0170383
0.0167305
0.0164381
0.0161606
Residual: 
0.0394041
0.0364449
0.0341037
0.0321926
Residual: 
0.0790301
0.0750051
0.0723709
0.0704662
Residual: 
0.0336981
0.0336477
0.0335977
0.0335477
Residual: 
0.0334981
0.0334485
0.0333994
0.0333501
Residual: 
0.0271094
0.0269178
0.0267379
0.0265692
Residual: 
0.0169159
0.0166112
0.0163218
0.0160473
Residual: 
0.0390957
0.036161
0.0338401
0.0319463
Residual: 
0.078375
0.0743853
0.0717735
0.0698846
Residual: 
0.0334495
0.0333997
0.0333499
0.0333003
Residual: 
0.033251
0.0332019
0.0331532
0.0331045
Residual: 
0.0269091
0.0267187
0.02654
0.0263725
Residual: 
0.0167943
0.0164927
0.0162063
0.0159346
Residual: 
0.0387887
0.0358785
0.0335779
0.0317014
Residual: 
0.077723
0.0737686
0.0711792
0.0693061
Residual: 
0.0332017
0.0331521
0.0331029
0.0330537
Residual: 
0.033005
0.0329562
0.0329075
0.0328593
Residual: 
0.0267096
0.0265205
0.026343
0.0261766
Residual: 
0.0166734
0.0163749
0.0160915
0.0158227
Residual: 
0.038483
0.0355973
0.0333168
0.0314576
Residual: 
0.0770735
0.0731543
0.0705873
0.0687301
Residual: 
0.0329546
0.0329053
0.0328564
0.0328079
Residual: 
0.0327592
0.0327107
0.0326626
0.0326147
Residual: 
0.026511
0.0263232
0.0261469
0.0259816
Residual: 
0.0165532
0.0162578
0.0159774
0.0157115
Residual: 
0.0381785
0.0353172
0.033057
0.0312152
Residual: 
0.0764269
0.0725428
0.0699982
0.0681569
Residual: 
0.0327083
0.0326594
0.0326108
0.0325625
Residual: 
0.0325143
0.0324661
0.0324184
0.032371
Residual: 
0.0263133
0.0261268
0.0259517
0.0257875
Residual: 
0.0164337
0.0161414
0.015864
0.0156009
Residual: 
0.0378754
0.0350385
0.0327985
0.030974
Residual: 
0.0757833
0.0719342
0.0694121
0.0675866
Residual: 
0.0324627
0.0324141
0.0323658
0.0323179
Residual: 
0.0322701
0.0322224
0.0321749
0.032128
Residual: 
0.0261166
0.0259314
0.0257574
0.0255943
Residual: 
0.016315
0.0160257
0.0157513
0.0154911
Residual: 
0.0375736
0.0347612
0.0325414
0.0307341
Residual: 
0.0751426
0.0713285
0.0688288
0.0670193
Residual: 
0.0322176
0.0321694
0.0321218
0.0320742
Residual: 
0.0320266
0.0319794
0.0319323
0.0318855
Residual: 
0.0259208
0.0257368
0.0255641
0.025402
Residual: 
0.0161971
0.0159108
0.0156393
0.015382
Residual: 
0.0372732
0.0344851
0.0322855
0.0304955
Residual: 
0.074505
0.0707257
0.0682483
0.0664548
Residual: 
0.0319733
0.0319258
0.0318782
0.031831
Residual: 
0.0317838
0.0317372
0.0316902
0.0316438
Residual: 
0.0257258
0.0255431
0.0253715
0.0252106
Residual: 
0.0160798
0.0157965
0.0155279
0.0152735
Residual: 
0.036974
0.0342103
0.0320308
0.0302581
Residual: 
0.0738702
0.0701257
0.0676707
0.0658931
Residual: 
0.03173
0.0316827
0.0316353
0.0315884
Residual: 
0.031542
0.0314954
0.0314491
0.0314031
Residual: 
0.0255318
0.0253504
0.02518
0.0250202
Residual: 
0.0159633
0.015683
0.0154174
0.0151657
Residual: 
0.0366762
0.0339369
0.0317775
0.0300221
Residual: 
0.0732386
0.0695288
0.0670961
0.0653344
Residual: 
0.0314873
0.0314403
0.0313936
0.0313471
Residual: 
0.0313007
0.0312546
0.0312087
0.0311629
Residual: 
0.0253387
0.0251586
0.0249893
0.0248306
Residual: 
0.0158475
0.0155702
0.0153074
0.0150586
Residual: 
0.0363798
0.0336647
0.0315255
0.0297873
Residual: 
0.07261
0.0689348
0.0665243
0.0647787
Residual: 
0.0312455
0.0311989
0.0311525
0.0311062
Residual: 
0.0310605
0.0310147
0.0309689
0.0309236
Residual: 
0.0251466
0.0249677
0.0247996
0.0246419
Residual: 
0.0157324
0.0154581
0.0151982
0.0149522
Residual: 
0.0360847
0.033394
0.0312748
0.0295539
Residual: 
0.0719847
0.0683439
0.0659556
0.064226
Residual: 
0.0310043
0.0309584
0.0309122
0.0308663
Residual: 
0.0308208
0.0307754
0.0307301
0.0306852
Residual: 
0.0249553
0.0247777
0.0246108
0.0244542
Residual: 
0.015618
0.0153467
0.0150896
0.0148465
Residual: 
0.0357909
0.0331245
0.0310254
0.0293217
Residual: 
0.0713623
0.0677558
0.0653898
0.0636761
Residual: 
0.0307643
0.0307184
0.0306728
0.0306273
Residual: 
0.030582
0.030537
0.0304919
0.0304475
Residual: 
0.0247651
0.0245886
0.0244229
0.0242674
Residual: 
0.0155043
0.0152359
0.0149818
0.0147414
Residual: 
0.0354985
0.0328563
0.0307773
0.0290908
Residual: 
0.0707433
0.0671711
0.0648272
0.0631294
Residual: 
0.0305248
0.0304794
0.0304343
0.0303889
Residual: 
0.0303442
0.0302994
0.0302549
0.0302107
Residual: 
0.0245758
0.0244006
0.024236
0.0240816
Residual: 
0.0153914
0.0151259
0.0148746
0.014637
Residual: 
0.0352076
0.0325896
0.0305307
0.0288614
Residual: 
0.0701277
0.0665895
0.0642677
0.0625859
Residual: 
0.0302865
0.0302414
0.0301964
0.0301519
Residual: 
0.030107
0.0300628
0.0300187
0.0299747
Residual: 
0.0243874
0.0242134
0.02405
0.0238967
Residual: 
0.0152791
0.0150166
0.0147681
0.0145333
Residual: 
0.0349181
0.0323242
0.0302853
0.0286332
Residual: 
0.0695152
0.0660109
0.0637112
0.0620454
Residual: 
0.030049
0.030004
0.0299596
0.0299153
Residual: 
0.029871
0.0298269
0.0297832
0.0297396
Residual: 
0.0241999
0.0240272
0.023865
0.0237127
Residual: 
0.0151676
0.0149079
0.0146623
0.0144302
Residual: 
0.0346298
0.0320602
0.0300412
0.0284063
Residual: 
0.0689061
0.0654356
0.0631578
0.0615079
Residual: 
0.0298122
0.029768
0.0297237
0.0296797
Residual: 
0.0296358
0.0295919
0.0295486
0.0295054
Residual: 
0.0240134
0.023842
0.0236808
0.0235297
Residual: 
0.0150567
0.0148
0.0145571
0.0143278
Residual: 
0.0343431
0.0317975
0.0297985
0.0281808
Residual: 
0.0683004
0.0648636
0.0626078
0.0609737
Residual: 
0.0295768
0.0295326
0.0294887
0.029445
Residual: 
0.0294015
0.0293583
0.0293151
0.029272
Residual: 
0.023828
0.0236577
0.0234977
0.0233476
Residual: 
0.0149465
0.0146927
0.0144527
0.014226
Residual: 
0.0340577
0.0315362
0.0295572
0.0279566
Residual: 
0.0676981
0.0642948
0.0620608
0.0604426
Residual: 
0.0293419
0.0292981
0.0292546
0.0292111
Residual: 
0.029168
0.0291249
0.0290822
0.0290398
Residual: 
0.0236434
0.0234744
0.0233155
0.0231665
Residual: 
0.0148371
0.0145861
0.0143489
0.0141249
Residual: 
0.0337738
0.0312764
0.0293173
0.0277337
Residual: 
0.0670993
0.0637294
0.0615171
0.0599148
Residual: 
0.0291081
0.0290647
0.0290213
0.0289785
Residual: 
0.0289355
0.0288931
0.0288506
0.0288084
Residual: 
0.0234599
0.023292
0.0231343
0.0229864
Residual: 
0.0147283
0.0144802
0.0142457
0.0140245
Residual: 
0.0334913
0.0310179
0.0290787
0.0275122
Residual: 
0.066504
0.0631673
0.0609768
0.0593903
Residual: 
0.0288751
0.0288321
0.0287894
0.0287467
Residual: 
0.0287042
0.0286618
0.0286199
0.0285777
Residual: 
0.0232773
0.0231106
0.0229541
0.0228071
Residual: 
0.0146202
0.0143749
0.0141432
0.0139247
Residual: 
0.0332102
0.0307608
0.0288414
0.027292
Residual: 
0.0659121
0.0626084
0.0604395
0.0588688
Residual: 
0.0286434
0.0286005
0.0285581
0.0285158
Residual: 
0.0284738
0.0284317
0.02839
0.0283483
Residual: 
0.0230957
0.0229302
0.0227747
0.0226289
Residual: 
0.0145127
0.0142703
0.0140414
0.0138255
Residual: 
0.0329305
0.030505
0.0286055
0.0270731
Residual: 
0.0653237
0.062053
0.0599056
0.0583506
Residual: 
0.0284125
0.0283699
0.0283279
0.0282859
Residual: 
0.0282442
0.0282026
0.0281613
0.0281199
Residual: 
0.022915
0.0227507
0.0225964
0.0224516
Residual: 
0.0144059
0.0141663
0.0139401
0.0137269
Residual: 
0.0326522
0.0302506
0.0283709
0.0268555
Residual: 
0.0647389
0.0615009
0.0593749
0.0578356
Residual: 
0.0281823
0.0281405
0.0280987
0.0280571
Residual: 
0.0280156
0.0279745
0.0279336
0.0278924
Residual: 
0.0227353
0.0225722
0.022419
0.0222752
Residual: 
0.0142999
0.014063
0.0138396
0.013629
Residual: 
0.0323754
0.0299977
0.0281378
0.0266393
Residual: 
0.0641579
0.0609524
0.0588478
0.0573242
Residual: 
0.0279537
0.0279119
0.0278705
0.0278293
Residual: 
0.0277883
0.0277472
0.0277066
0.0276659
Residual: 
0.0225566
0.0223948
0.0222426
0.0220999
Residual: 
0.0141945
0.0139604
0.0137397
0.0135318
Residual: 
0.0321002
0.0297463
0.027906
0.0264245
Residual: 
0.0635805
0.0604074
0.0583241
0.056816
Residual: 
0.0277259
0.0276846
0.0276435
0.0276026
Residual: 
0.0275619
0.0275213
0.027481
0.0274406
Residual: 
0.022379
0.0222183
0.0220673
0.0219256
Residual: 
0.0140898
0.0138585
0.0136404
0.0134352
Residual: 
0.0318264
0.0294963
0.0276757
0.0262111
Residual: 
0.0630069
0.059866
0.0578038
0.0563113
Residual: 
0.027499
0.0274583
0.0274173
0.0273768
Residual: 
0.0273365
0.0272965
0.0272561
0.0272162
Residual: 
0.0222024
0.0220428
0.0218929
0.0217522
Residual: 
0.0139857
0.0137572
0.0135418
0.0133391
Residual: 
0.031554
0.0292476
0.0274467
0.0259989
Residual: 
0.0624369
0.059328
0.0572869
0.0558099
Residual: 
0.0272736
0.0272329
0.0271926
0.0271522
Residual: 
0.0271121
0.0270723
0.0270326
0.0269928
Residual: 
0.0220266
0.0218682
0.0217194
0.0215798
Residual: 
0.0138822
0.0136564
0.0134437
0.0132437
Residual: 
0.031283
0.0290003
0.027219
0.0257881
Residual: 
0.0618706
0.0587935
0.0567734
0.0553118
Residual: 
0.027049
0.0270087
0.0269685
0.0269288
Residual: 
0.0268888
0.0268492
0.0268098
0.0267707
Residual: 
0.021852
0.0216948
0.021547
0.0214084
Residual: 
0.0137795
0.0135564
0.0133464
0.0131489
Residual: 
0.0310137
0.0287546
0.0269928
0.0255787
Residual: 
0.0613082
0.0582628
0.0562635
0.0548174
Residual: 
0.0268256
0.0267858
0.026746
0.0267061
Residual: 
0.0266669
0.0266275
0.0265884
0.0265494
Residual: 
0.0216783
0.0215223
0.0213756
0.021238
Residual: 
0.0136774
0.013457
0.0132496
0.0130547
Residual: 
0.0307458
0.0285102
0.026768
0.0253706
Residual: 
0.0607496
0.0577356
0.0557572
0.0543263
Residual: 
0.0266032
0.0265637
0.0265242
0.0264849
Residual: 
0.0264459
0.0264069
0.0263682
0.0263295
Residual: 
0.0215057
0.0213508
0.0212052
0.0210686
Residual: 
0.0135759
0.0133582
0.0131534
0.0129611
Residual: 
0.0304794
0.0282673
0.0265445
0.0251638
Residual: 
0.0601949
0.0572121
0.0552543
0.0538387
Residual: 
0.026382
0.0263428
0.0263037
0.0262647
Residual: 
0.026226
0.0261876
0.0261491
0.0261107
Residual: 
0.021334
0.0211802
0.0210357
0.0209002
Residual: 
0.013475
0.0132601
0.0130579
0.0128681
Residual: 
0.0302143
0.0280258
0.0263223
0.0249583
Residual: 
0.0596439
0.0566922
0.0547549
0.0533546
Residual: 
0.026162
0.0261232
0.0260843
0.0260457
Residual: 
0.0260072
0.0259689
0.0259307
0.025893
Residual: 
0.0211634
0.0210107
0.0208673
0.0207328
Residual: 
0.0133748
0.0131625
0.0129629
0.0127757
Residual: 
0.0299509
0.0277858
0.0261017
0.0247542
Residual: 
0.059097
0.0561761
0.0542593
0.052874
Residual: 
0.025943
0.0259045
0.025866
0.0258279
Residual: 
0.0257898
0.0257517
0.0257139
0.0256764
Residual: 
0.0209938
0.0208423
0.0206999
0.0205663
Residual: 
0.0132753
0.0130657
0.0128686
0.0126839
Residual: 
0.0296891
0.0275472
0.0258824
0.0245515
Residual: 
0.0585539
0.0556637
0.0537672
0.0523971
Residual: 
0.0257255
0.0256871
0.0256489
0.0256111
Residual: 
0.0255732
0.0255357
0.0254982
0.0254609
Residual: 
0.0208252
0.0206748
0.0205335
0.020401
Residual: 
0.0131764
0.0129694
0.0127749
0.0125927
Residual: 
0.0294287
0.0273101
0.0256645
0.0243501
Residual: 
0.058015
0.0551551
0.0532789
0.0519237
Residual: 
0.025509
0.025471
0.0254332
0.0253958
Residual: 
0.0253581
0.0253208
0.0252836
0.0252466
Residual: 
0.0206576
0.0205083
0.0203681
0.0202365
Residual: 
0.0130781
0.0128737
0.0126818
0.012502
Residual: 
0.0291699
0.0270745
0.0254481
0.0241501
Residual: 
0.0574799
0.0546503
0.0527941
0.0514539
Residual: 
0.0252937
0.0252562
0.0252186
0.0251813
Residual: 
0.025144
0.0251071
0.0250702
0.0250334
Residual: 
0.0204911
0.0203429
0.0202037
0.0200732
Residual: 
0.0129804
0.0127786
0.0125892
0.0124119
Residual: 
0.0289126
0.0268403
0.025233
0.0239514
Residual: 
0.056949
0.0541494
0.0523132
0.0509878
Residual: 
0.0250796
0.0250421
0.0250053
0.0249682
Residual: 
0.0249314
0.0248945
0.0248582
0.0248215
Residual: 
0.0203256
0.0201786
0.0200404
0.0199108
Residual: 
0.0128834
0.0126842
0.0124973
0.0123225
Residual: 
0.0286568
0.0266076
0.0250193
0.023754
Residual: 
0.0564219
0.0536521
0.0518358
0.0505252
Residual: 
0.0248667
0.0248297
0.0247931
0.0247563
Residual: 
0.0247196
0.0246832
0.024647
0.024611
Residual: 
0.0201611
0.0200152
0.0198781
0.0197495
Residual: 
0.0127869
0.0125903
0.012406
0.0122335
Residual: 
0.0284026
0.0263763
0.024807
0.023558
Residual: 
0.0558991
0.0531588
0.0513622
0.0500663
Residual: 
0.0246552
0.0246185
0.0245818
0.0245456
Residual: 
0.0245093
0.0244734
0.0244372
0.0244016
Residual: 
0.0199977
0.0198528
0.0197168
0.0195891
Residual: 
0.0126912
0.0124971
0.0123152
0.0121452
Residual: 
0.0281499
0.0261466
0.0245962
0.0233633
Residual: 
0.0553802
0.0526694
0.0508924
0.0496111
Residual: 
0.0244448
0.0244085
0.0243721
0.0243361
Residual: 
0.0243003
0.0242646
0.0242289
0.0241935
Residual: 
0.0198353
0.0196916
0.0195565
0.0194299
Residual: 
0.012596
0.0124044
0.012225
0.0120574
Residual: 
0.0278988
0.0259183
0.0243867
0.02317
Residual: 
0.0548656
0.0521839
0.0504264
0.0491597
Residual: 
0.0242358
0.0241997
0.0241639
0.0241279
Residual: 
0.0240923
0.0240569
0.0240216
0.0239865
Residual: 
0.0196739
0.0195312
0.0193972
0.0192716
Residual: 
0.0125014
0.0123123
0.0121354
0.0119702
Residual: 
0.0276492
0.0256915
0.0241787
0.022978
Residual: 
0.054355
0.0517022
0.049964
0.0487118
Residual: 
0.024028
0.0239922
0.0239566
0.0239211
Residual: 
0.0238858
0.0238506
0.0238157
0.0237808
Residual: 
0.0195137
0.0193721
0.0192391
0.0191144
Residual: 
0.0124074
0.0122209
0.0120464
0.0118835
Residual: 
0.0274012
0.0254661
0.023972
0.0227873
Residual: 
0.0538487
0.0512246
0.0495056
0.0482677
Residual: 
0.0238215
0.023786
0.0237508
0.0237155
Residual: 
0.0236804
0.0236457
0.023611
0.0235765
Residual: 
0.0193543
0.0192138
0.0190819
0.0189581
Residual: 
0.012314
0.0121299
0.0119578
0.0117973
Residual: 
0.0271548
0.0252422
0.0237667
0.0225979
Residual: 
0.0533465
0.0507509
0.049051
0.0478274
Residual: 
0.0236163
0.0235811
0.0235461
0.0235112
Residual: 
0.0234765
0.0234418
0.0234076
0.0233732
Residual: 
0.0191961
0.0190566
0.0189257
0.0188029
Residual: 
0.0122212
0.0120396
0.0118699
0.0117117
Residual: 
0.0269099
0.0250198
0.0235628
0.0224098
Residual: 
0.0528485
0.0502811
0.0486002
0.0473908
Residual: 
0.0234123
0.0233775
0.0233427
0.0233081
Residual: 
0.0232738
0.0232396
0.0232052
0.0231716
Residual: 
0.0190389
0.0189005
0.0187706
0.0186487
Residual: 
0.012129
0.0119498
0.0117825
0.0116267
Residual: 
0.0266666
0.0247989
0.0233604
0.0222231
Residual: 
0.0523547
0.0498153
0.0481533
0.046958
Residual: 
0.0232097
0.023175
0.0231407
0.0231063
Residual: 
0.0230724
0.0230385
0.0230046
0.022971
Residual: 
0.0188827
0.0187454
0.0186165
0.0184956
Residual: 
0.0120373
0.0118606
0.0116957
0.0115421
Residual: 
0.0264249
0.0245795
0.0231593
0.0220377
Residual: 
0.0518651
0.0493535
0.0477102
0.046529
Residual: 
0.0230085
0.0229741
0.02294
0.0229061
Residual: 
0.0228723
0.0228385
0.022805
0.0227718
Residual: 
0.0187276
0.0185914
0.0184635
0.0183435
Residual: 
0.0119463
0.011772
0.0116094
0.0114582
Residual: 
0.0261848
0.0243615
0.0229596
0.0218536
Residual: 
0.0513799
0.0488959
0.047271
0.0461038
Residual: 
0.0228087
0.0227746
0.0227407
0.0227071
Residual: 
0.0226734
0.0226403
0.022607
0.0225738
Residual: 
0.0185735
0.0184384
0.0183114
0.0181924
Residual: 
0.0118558
0.0116839
0.0115236
0.0113746
Residual: 
0.0259462
0.0241451
0.0227613
0.0216708
Residual: 
0.0508988
0.0484421
0.0468357
0.0456823
Residual: 
0.02261
0.0225763
0.022543
0.0225095
Residual: 
0.0224761
0.022443
0.0224102
0.0223774
Residual: 
0.0184205
0.0182864
0.0181605
0.0180424
Residual: 
0.011766
0.0115964
0.0114384
0.0112917
Residual: 
0.0257093
0.0239301
0.0225644
0.0214893
Residual: 
0.050422
0.0479924
0.0464043
0.0452647
Residual: 
0.0224129
0.0223794
0.0223462
0.0223129
Residual: 
0.0222804
0.0222472
0.0222147
0.0221821
Residual: 
0.0182685
0.0181355
0.0180106
0.0178934
Residual: 
0.0116766
0.0115094
0.0113538
0.0112092
Residual: 
0.0254739
0.0237166
0.0223688
0.0213091
Residual: 
0.0499496
0.0475469
0.0459769
0.044851
Residual: 
0.022217
0.0221838
0.0221509
0.0221181
Residual: 
0.0220856
0.0220529
0.0220205
0.0219882
Residual: 
0.0181177
0.0179857
0.0178617
0.0177455
Residual: 
0.0115879
0.0114231
0.0112697
0.0111274
Residual: 
0.0252402
0.0235047
0.0221748
0.0211303
Residual: 
0.0494816
0.0471055
0.0455535
0.0444412
Residual: 
0.0220224
0.0219895
0.0219569
0.0219245
Residual: 
0.0218922
0.0218598
0.0218277
0.0217959
Residual: 
0.0179678
0.0178368
0.0177139
0.0175986
Residual: 
0.0114997
0.0113372
0.011186
0.0110459
Residual: 
0.0250081
0.0232942
0.0219821
0.0209527
Residual: 
0.0490177
0.046668
0.0451339
0.044035
Residual: 
0.0218294
0.0217968
0.0217644
0.0217324
Residual: 
0.0217001
0.0216683
0.0216364
0.0216045
Residual: 
0.017819
0.0176891
0.0175671
0.0174527
Residual: 
0.0114121
0.0112519
0.011103
0.010965
Residual: 
0.0247776
0.0230853
0.0217909
0.0207765
Residual: 
0.0485583
0.0462348
0.0447184
0.043633
Residual: 
0.0216379
0.0216054
0.0215734
0.0215413
Residual: 
0.0215095
0.0214778
0.0214463
0.021415
Residual: 
0.0176713
0.0175424
0.0174213
0.0173079
Residual: 
0.0113251
0.0111671
0.0110204
0.0108846
Residual: 
0.0245487
0.0228778
0.0216009
0.0206015
Residual: 
0.0481032
0.0458055
0.0443068
0.0432346
Residual: 
0.0214473
0.0214156
0.0213837
0.0213519
Residual: 
0.0213203
0.0212889
0.0212577
0.0212264
Residual: 
0.0175246
0.0173967
0.0172767
0.0171641
Residual: 
0.0112386
0.0110829
0.0109383
0.0108047
Residual: 
0.0243214
0.0226718
0.0214124
0.0204278
Residual: 
0.0476525
0.0453806
0.0438992
0.0428403
Residual: 
0.0212586
0.0212267
0.0211953
0.0211639
Residual: 
0.0211326
0.0211016
0.0210705
0.0210397
Residual: 
0.0173789
0.0172521
0.017133
0.0170214
Residual: 
0.0111526
0.0109992
0.0108568
0.0107252
Residual: 
0.0240957
0.0224673
0.0212252
0.0202553
Residual: 
0.0472061
0.0449596
0.0434956
0.0424498
Residual: 
0.0210708
0.0210397
0.0210085
0.0209774
Residual: 
0.0209463
0.0209153
0.0208845
0.0208541
Residual: 
0.0172343
0.0171085
0.0169904
0.0168797
Residual: 
0.0110672
0.0109159
0.0107757
0.0106462
Residual: 
0.0238716
0.0222642
0.0210394
0.0200842
Residual: 
0.0467641
0.0445428
0.043096
0.0420632
Residual: 
0.020885
0.0208537
0.0208229
0.0207921
Residual: 
0.0207613
0.0207307
0.0207001
0.0206697
Residual: 
0.0170908
0.016966
0.0168488
0.0167391
Residual: 
0.0109823
0.0108333
0.0106952
0.0105678
Residual: 
0.0236492
0.0220627
0.0208551
0.0199143
Residual: 
0.0463266
0.0441303
0.0427004
0.0416806
Residual: 
0.0207003
0.0206694
0.0206387
0.0206081
Residual: 
0.0205777
0.0205472
0.0205172
0.0204869
Residual: 
0.0169483
0.0168245
0.0167083
0.0165995
Residual: 
0.010898
0.0107511
0.0106152
0.0104898
Residual: 
0.0234284
0.0218628
0.0206721
0.0197457
Residual: 
0.0458934
0.0437218
0.0423088
0.0413018
Residual: 
0.0205171
0.0204866
0.020456
0.0204256
Residual: 
0.0203955
0.0203654
0.0203356
0.0203056
Residual: 
0.0168069
0.0166841
0.0165688
0.0164609
Residual: 
0.0108142
0.0106695
0.0105356
0.0104123
Residual: 
0.0232092
0.0216642
0.0204904
0.0195783
Residual: 
0.0454645
0.0433174
0.0419212
0.0409269
Residual: 
0.0203352
0.0203049
0.0202748
0.0202448
Residual: 
0.0202149
0.0201851
0.0201553
0.0201258
Residual: 
0.0166665
0.0165447
0.0164304
0.0163233
Residual: 
0.0107309
0.0105883
0.0104565
0.0103352
Residual: 
0.0229915
0.0214671
0.0203101
0.0194122
Residual: 
0.0450401
0.0429172
0.0415376
0.0405559
Residual: 
0.020155
0.020125
0.020095
0.0200653
Residual: 
0.0200355
0.0200059
0.0199767
0.0199472
Residual: 
0.0165271
0.0164063
0.016293
0.0161868
Residual: 
0.0106481
0.0105077
0.010378
0.0102586
Residual: 
0.0227755
0.0212715
0.0201311
0.0192473
Residual: 
0.04462
0.0425211
0.0411579
0.0401888
Residual: 
0.0199762
0.0199463
0.0199166
0.0198871
Residual: 
0.0198577
0.0198283
0.0197992
0.0197701
Residual: 
0.0163888
0.016269
0.0161566
0.0160514
Residual: 
0.0105659
0.0104276
0.0102999
0.0101825
Residual: 
0.0225612
0.0210775
0.0199536
0.0190837
Residual: 
0.0442044
0.0421293
0.0407824
0.0398257
Residual: 
0.0197989
0.019769
0.0197398
0.0197103
Residual: 
0.0196812
0.0196521
0.0196233
0.0195945
Residual: 
0.0162516
0.0161328
0.0160213
0.015917
Residual: 
0.0104843
0.010348
0.0102223
0.0101069
Residual: 
0.0223486
0.0208849
0.0197774
0.0189214
Residual: 
0.0437931
0.0417416
0.0404108
0.0394665
Residual: 
0.0196227
0.0195934
0.0195642
0.0195353
Residual: 
0.0195063
0.0194776
0.019449
0.0194202
Residual: 
0.0161153
0.0159975
0.0158871
0.0157836
Residual: 
0.0104031
0.0102688
0.0101451
0.0100316
Residual: 
0.0221375
0.0206938
0.0196026
0.0187603
Residual: 
0.0433862
0.041358
0.0400432
0.0391111
Residual: 
0.0194481
0.0194191
0.0193903
0.0193614
Residual: 
0.0193329
0.0193042
0.0192758
0.0192476
Residual: 
0.0159801
0.0158633
0.0157538
0.0156512
Residual: 
0.0103224
0.0101902
0.0100684
0.00995683
Residual: 
0.021928
0.0205042
0.0194291
0.0186003
Residual: 
0.0429838
0.0409786
0.0396797
0.0387597
Residual: 
0.0192751
0.0192463
0.0192177
0.0191892
Residual: 
0.0191607
0.0191325
0.0191043
0.0190763
Residual: 
0.015846
0.0157302
0.0156216
0.0155199
Residual: 
0.0102422
0.010112
0.00999222
0.00988252
Residual: 
0.0217202
0.020316
0.019257
0.0184417
Residual: 
0.0425858
0.0406034
0.0393202
0.0384122
Residual: 
0.0191034
0.019075
0.0190466
0.0190185
Residual: 
0.0189901
0.0189621
0.0189343
0.0189064
Residual: 
0.015713
0.0155981
0.0154905
0.0153897
Residual: 
0.0101626
0.0100344
0.00991652
0.00980868
Residual: 
0.0215141
0.0201295
0.0190863
0.0182843
Residual: 
0.0421921
0.0402323
0.0389647
0.0380687
Residual: 
0.0189332
0.0189052
0.0188769
0.0188489
Residual: 
0.0188211
0.0187933
0.0187656
0.018738
Residual: 
0.0155809
0.0154671
0.0153603
0.0152604
Residual: 
0.0100834
0.00995721
0.00984123
0.00973523
Residual: 
0.0213096
0.0199443
0.0189168
0.0181281
Residual: 
0.0418028
0.0398654
0.0386132
0.037729
Residual: 
0.0187647
0.0187367
0.0187087
0.018681
Residual: 
0.0186532
0.0186258
0.0185981
0.0185709
Residual: 
0.0154499
0.015337
0.0152312
0.0151322
Residual: 
0.0100048
0.00988051
0.0097664
0.00966222
Residual: 
0.0211067
0.0197606
0.0187487
0.017973
Residual: 
0.0414178
0.0395025
0.0382656
0.0373931
Residual: 
0.0185974
0.0185698
0.0185421
0.0185145
Residual: 
0.0184871
0.0184597
0.0184323
0.0184056
Residual: 
0.01532
0.0152081
0.0151032
0.0150051
Residual: 
0.00992666
0.00980429
0.00969204
0.00958966
Residual: 
0.0209054
0.0195784
0.018582
0.0178192
Residual: 
0.0410374
0.0391439
0.0379221
0.0370612
Residual: 
0.0184317
0.0184042
0.0183767
0.0183494
Residual: 
0.0183223
0.0182952
0.0182683
0.0182417
Residual: 
0.015191
0.0150801
0.0149761
0.0148789
Residual: 
0.00984896
0.00972849
0.00961808
0.00951747
Residual: 
0.0207057
0.0193976
0.0184165
0.0176666
Residual: 
0.0406612
0.0387893
0.0375825
0.0367332
Residual: 
0.0182675
0.0182405
0.018213
0.018186
Residual: 
0.0181589
0.0181322
0.0181055
0.0180788
Residual: 
0.015063
0.0149531
0.0148501
0.0147537
Residual: 
0.00977176
0.00965317
0.00954458
0.00944572
Residual: 
0.0205077
0.0192184
0.0182524
0.0175151
Residual: 
0.0402894
0.0384389
0.0372469
0.036409
Residual: 
0.0181047
0.0180777
0.0180506
0.0180241
Residual: 
0.0179971
0.0179704
0.0179441
0.0179178
Residual: 
0.0149362
0.0148272
0.0147251
0.0146296
Residual: 
0.0096951
0.00957837
0.00947157
0.00937444
Residual: 
0.0203114
0.0190406
0.0180896
0.0173649
Residual: 
0.0399219
0.0380926
0.0369153
0.0360887
Residual: 
0.0179435
0.0179167
0.01789
0.0178633
Residual: 
0.0178367
0.0178106
0.0177843
0.0177582
Residual: 
0.0148103
0.0147023
0.0146011
0.0145065
Residual: 
0.0096189
0.009504
0.00939897
0.00930355
Residual: 
0.0201166
0.0188643
0.0179282
0.0172159
Residual: 
0.0395588
0.0377504
0.0365876
0.0357722
Residual: 
0.0177836
0.017757
0.0177305
0.0177043
Residual: 
0.0176779
0.0176519
0.0176256
0.0175998
Residual: 
0.0146855
0.0145784
0.0144782
0.0143844
Residual: 
0.00954316
0.00943008
0.0093268
0.00923307
Residual: 
0.0199235
0.0186894
0.017768
0.017068
Residual: 
0.0391999
0.0374121
0.0362638
0.0354595
Residual: 
0.0176254
0.017599
0.0175726
0.0175465
Residual: 
0.0175205
0.0174946
0.0174688
0.0174433
Residual: 
0.0145616
0.0144555
0.0143562
0.0142633
Residual: 
0.00946789
0.0093566
0.00925504
0.00916298
Residual: 
0.019732
0.018516
0.0176092
0.0169213
Residual: 
0.0388454
0.037078
0.035944
0.0351507
Residual: 
0.0174684
0.0174421
0.0174162
0.0173905
Residual: 
0.0173646
0.0173388
0.0173132
0.0172878
Residual: 
0.0144388
0.0143337
0.0142353
0.0141433
Residual: 
0.00939316
0.00928363
0.00918378
0.00909336
Residual: 
0.0195422
0.0183441
0.0174517
0.0167758
Residual: 
0.0384952
0.0367481
0.0356281
0.0348457
Residual: 
0.0173132
0.0172871
0.0172614
0.0172355
Residual: 
0.01721
0.0171847
0.0171592
0.0171339
Residual: 
0.014317
0.0142128
0.0141153
0.0140242
Residual: 
0.00931883
0.00921105
0.00911289
0.00902408
Residual: 
0.0193539
0.0181736
0.0172955
0.0166314
Residual: 
0.0381493
0.0364222
0.0353161
0.0345445
Residual: 
0.0171591
0.0171334
0.0171079
0.0170825
Residual: 
0.0170571
0.017032
0.0170067
0.0169818
Residual: 
0.0141962
0.014093
0.0139964
0.0139062
Residual: 
0.00924502
0.00913896
0.00904246
0.00895526
Residual: 
0.0191673
0.0180046
0.0171406
0.0164882
Residual: 
0.0378076
0.0361002
0.0350079
0.034247
Residual: 
0.0170066
0.0169811
0.0169559
0.0169308
Residual: 
0.0169055
0.0168803
0.0168558
0.0168306
Residual: 
0.0140764
0.0139742
0.0138785
0.0137891
Residual: 
0.0091716
0.00906725
0.00897238
0.00888676
Residual: 
0.0189823
0.0178369
0.0169869
0.0163461
Residual: 
0.0374701
0.0357822
0.0347037
0.0339533
Residual: 
0.0168556
0.0168305
0.0168053
0.0167804
Residual: 
0.0167553
0.0167307
0.0167058
0.0166812
Residual: 
0.0139576
0.0138564
0.0137616
0.013673
Residual: 
0.00909874
0.00899606
0.00890281
0.00881874
Residual: 
0.0187989
0.0176708
0.0168346
0.0162052
Residual: 
0.0371368
0.0354682
0.0344032
0.0336633
Residual: 
0.0167062
0.0166812
0.0166563
0.0166315
Residual: 
0.0166069
0.0165821
0.0165577
0.016533
Residual: 
0.0138399
0.0137395
0.0136457
0.013558
Residual: 
0.00902628
0.00892526
0.00883361
0.00875107
Residual: 
0.0186172
0.0175061
0.0166835
0.0160655
Residual: 
0.0368078
0.0351583
0.0341066
0.0333771
Residual: 
0.0165581
0.0165334
0.0165085
0.016484
Residual: 
0.0164595
0.0164352
0.0164111
0.0163867
Residual: 
0.0137231
0.0136237
0.0135307
0.0134439
Residual: 
0.0089543
0.00885491
0.00876483
0.0086838
Residual: 
0.0184371
0.0173429
0.0165338
0.0159269
Residual: 
0.036483
0.0348522
0.0338138
0.0330945
Residual: 
0.0164117
0.0163872
0.0163627
0.0163383
Residual: 
0.0163139
0.0162896
0.0162655
0.0162417
Residual: 
0.0136073
0.0135088
0.0134168
0.0133308
Residual: 
0.00888277
0.008785
0.00869647
0.00861693
Residual: 
0.0182586
0.0171811
0.0163853
0.0157894
Residual: 
0.0361622
0.0345501
0.0335247
0.0328156
Residual: 
0.0162666
0.0162421
0.0162178
0.0161936
Residual: 
0.0161696
0.0161458
0.0161217
0.0160981
Residual: 
0.0134924
0.013395
0.0133038
0.0132187
Residual: 
0.00881168
0.00871549
0.00862849
0.00855041
Residual: 
0.0180817
0.0170207
0.0162381
0.015653
Residual: 
0.0358457
0.0342519
0.0332395
0.0325404
Residual: 
0.0161229
0.0160988
0.0160747
0.0160505
Residual: 
0.016027
0.0160029
0.0159794
0.0159558
Residual: 
0.0133786
0.0132821
0.0131918
0.0131075
Residual: 
0.00874105
0.00864643
0.00856093
0.0084843
Residual: 
0.0179064
0.0168617
0.0160921
0.0155178
Residual: 
0.0355331
0.0339575
0.0329579
0.0322688
Residual: 
0.0159807
0.0159568
0.015933
0.0159091
Residual: 
0.0158855
0.0158619
0.0158385
0.0158151
Residual: 
0.0132657
0.0131701
0.0130808
0.0129974
Residual: 
0.00867083
0.00857776
0.00849375
0.00841854
Residual: 
0.0177327
0.0167041
0.0159474
0.0153836
Residual: 
0.0352248
0.0336671
0.03268
0.0320008
Residual: 
0.01584
0.0158162
0.0157925
0.015769
Residual: 
0.0157456
0.0157221
0.0156988
0.0156757
Residual: 
0.0131539
0.0130592
0.0129707
0.0128882
Residual: 
0.00860111
0.00850956
0.00842701
0.0083532
Residual: 
0.0175606
0.016548
0.015804
0.0152506
Residual: 
0.0349204
0.0333803
0.0324058
0.0317363
Residual: 
0.0157008
0.0156772
0.0156537
0.0156304
Residual: 
0.0156069
0.015584
0.0155607
0.015538
Residual: 
0.0130429
0.0129492
0.0128616
0.0127799
Residual: 
0.00853179
0.00844175
0.00836063
0.0082882
Residual: 
0.0173902
0.0163934
0.0156618
0.0151187
Residual: 
0.0346201
0.0330975
0.0321354
0.0314754
Residual: 
0.0155629
0.0155395
0.0155161
0.0154932
Residual: 
0.0154701
0.0154472
0.0154242
0.0154015
Residual: 
0.012933
0.0128402
0.0127535
0.0126727
Residual: 
0.00846295
0.00837438
0.00829469
0.00822362
Residual: 
0.0172213
0.0162401
0.0155209
0.0149879
Residual: 
0.0343238
0.0328184
0.0318685
0.0312181
Residual: 
0.0154265
0.0154034
0.0153803
0.0153574
Residual: 
0.0153344
0.0153116
0.015289
0.0152665
Residual: 
0.012824
0.0127322
0.0126463
0.0125663
Residual: 
0.0083945
0.00830739
0.00822909
0.00815935
Residual: 
0.017054
0.0160881
0.0153812
0.0148581
Residual: 
0.0340314
0.0325431
0.0316052
0.0309641
Residual: 
0.0152914
0.0152686
0.0152457
0.015223
Residual: 
0.0152002
0.0151776
0.0151552
0.0151329
Residual: 
0.012716
0.0126251
0.0125402
0.012461
Residual: 
0.00832654
0.00824086
0.00816394
0.00809551
Residual: 
0.0168883
0.0159377
0.0152427
0.0147295
Residual: 
0.033743
0.0322715
0.0313456
0.0307138
Residual: 
0.015158
0.0151353
0.0151125
0.01509
Residual: 
0.0150678
0.0150452
0.0150229
0.0150008
Residual: 
0.0126089
0.0125189
0.0124349
0.0123566
Residual: 
0.00825897
0.00817471
0.00809914
0.008032
Residual: 
0.0167242
0.0157886
0.0151055
0.0146019
Residual: 
0.0334585
0.0320036
0.0310894
0.0304668
Residual: 
0.0150259
0.0150033
0.0149809
0.0149584
Residual: 
0.0149362
0.014914
0.0148917
0.0148697
Residual: 
0.0125028
0.0124137
0.0123306
0.0122531
Residual: 
0.00819185
0.00810898
0.00803473
0.00796887
Residual: 
0.0165617
0.0156409
0.0149695
0.0144755
Residual: 
0.0331778
0.0317393
0.0308367
0.0302232
Residual: 
0.0148953
0.0148729
0.0148507
0.0148282
Residual: 
0.0148063
0.0147842
0.0147622
0.0147404
Residual: 
0.0123976
0.0123095
0.0122272
0.0121506
Residual: 
0.00812518
0.00804367
0.00797074
0.00790613
Residual: 
0.0164007
0.0154946
0.0148348
0.0143501
Residual: 
0.032901
0.0314786
0.0305875
0.029983
Residual: 
0.0147659
0.0147437
0.0147218
0.0146996
Residual: 
0.0146777
0.0146559
0.014634
0.0146126
Residual: 
0.0122933
0.0122061
0.0121247
0.0120489
Residual: 
0.00805886
0.0079787
0.00790706
0.00784367
Residual: 
0.0162413
0.0153495
0.0147011
0.0142257
Residual: 
0.032628
0.0312215
0.0303417
0.0297461
Residual: 
0.0146381
0.0146162
0.014594
0.0145724
Residual: 
0.0145507
0.0145289
0.0145073
0.014486
Residual: 
0.01219
0.0121037
0.0120232
0.0119482
Residual: 
0.00799303
0.0079142
0.00784382
0.00778165
Residual: 
0.0160835
0.0152061
0.0145689
0.0141025
Residual: 
0.0323588
0.0309681
0.0300995
0.0295126
Residual: 
0.0145116
0.0144899
0.0144681
0.0144465
Residual: 
0.014425
0.0144034
0.0143821
0.0143608
Residual: 
0.0120876
0.0120022
0.0119225
0.0118484
Residual: 
0.00792756
0.00785004
0.00778091
0.00771991
Residual: 
0.0159272
0.0150638
0.0144376
0.0139802
Residual: 
0.0320932
0.030718
0.0298605
0.0292822
Residual: 
0.0143866
0.0143649
0.0143434
0.014322
Residual: 
0.0143006
0.0142793
0.0142579
0.0142369
Residual: 
0.0119861
0.0119016
0.0118229
0.0117496
Residual: 
0.00786256
0.00778632
0.00771842
0.00765859
Residual: 
0.0157725
0.014923
0.0143077
0.013859
Residual: 
0.0318314
0.0304714
0.0296249
0.0290551
Residual: 
0.014263
0.0142415
0.01422
0.0141986
Residual: 
0.0141774
0.0141565
0.0141355
0.0141145
Residual: 
0.0118855
0.011802
0.0117241
0.0116516
Residual: 
0.00779799
0.00772301
0.00765631
0.00759763
Residual: 
0.0156194
0.0147836
0.014179
0.013739
Residual: 
0.0315732
0.0302284
0.0293926
0.0288313
Residual: 
0.0141406
0.0141192
0.0140981
0.0140771
Residual: 
0.0140558
0.014035
0.0140142
0.0139935
Residual: 
0.0117859
0.0117032
0.0116262
0.0115546
Residual: 
0.00773382
0.00766009
0.00759457
0.00753701
Residual: 
0.0154678
0.0146455
0.0140515
0.0136199
Residual: 
0.0313186
0.0299886
0.0291635
0.0286105
Residual: 
0.0140195
0.0139986
0.0139774
0.0139567
Residual: 
0.0139357
0.0139149
0.0138944
0.0138736
Residual: 
0.0116871
0.0116054
0.0115292
0.0114584
Residual: 
0.00767009
0.00759757
0.00753321
0.00747675
Residual: 
0.0153178
0.0145087
0.0139251
0.0135019
Residual: 
0.0310677
0.0297523
0.0289377
0.0283929
Residual: 
0.0139003
0.0138792
0.0138581
0.0138375
Residual: 
0.0138169
0.0137963
0.0137759
0.0137553
Residual: 
0.0115892
0.0115084
0.0114331
0.0113631
Residual: 
0.00760671
0.00753539
0.00747218
0.0074168
Residual: 
0.0151692
0.0143733
0.0137999
0.0133849
Residual: 
0.0308202
0.0295193
0.0287151
0.0281783
Residual: 
0.0137818
0.0137611
0.0137406
0.0137199
Residual: 
0.0136994
0.0136789
0.0136586
0.0136383
Residual: 
0.0114923
0.0114124
0.0113379
0.0112687
Residual: 
0.0075438
0.00747367
0.00741157
0.00735726
Residual: 
0.0150223
0.0142393
0.0136759
0.013269
Residual: 
0.0305762
0.0292896
0.0284956
0.0279668
Residual: 
0.0136648
0.0136445
0.013624
0.0136034
Residual: 
0.0135832
0.0135629
0.0135426
0.0135227
Residual: 
0.0113962
0.0113172
0.0112436
0.0111752
Residual: 
0.00748128
0.0074123
0.0073513
0.00729803
Residual: 
0.0148768
0.0141066
0.0135531
0.0131541
Residual: 
0.0303357
0.0290632
0.0282792
0.0277584
Residual: 
0.0135495
0.013529
0.0135087
0.0134883
Residual: 
0.0134683
0.013448
0.0134281
0.0134083
Residual: 
0.011301
0.0112229
0.0111501
0.0110826
Residual: 
0.00741915
0.00735131
0.0072914
0.00723915
Residual: 
0.0147328
0.0139751
0.0134314
0.0130401
Residual: 
0.0300986
0.0288399
0.0280659
0.0275528
Residual: 
0.0134353
0.0134151
0.0133948
0.0133748
Residual: 
0.0133548
0.0133348
0.0133149
0.0132953
Residual: 
0.0112066
0.0111294
0.0110575
0.0109908
Residual: 
0.00735744
0.00729072
0.00723187
0.00718062
Residual: 
0.0145905
0.0138451
0.013311
0.0129273
Residual: 
0.0298647
0.0286198
0.0278556
0.0273502
Residual: 
0.0133224
0.0133024
0.0132823
0.0132623
Residual: 
0.0132425
0.0132226
0.0132031
0.0131834
Residual: 
0.0111132
0.0110368
0.0109658
0.0108999
Residual: 
0.00729614
0.00723051
0.0071727
0.00712244
Residual: 
0.0144495
0.0137163
0.0131916
0.0128154
Residual: 
0.0296343
0.0284028
0.0276483
0.0271505
Residual: 
0.0132108
0.0131908
0.0131711
0.0131512
Residual: 
0.0131316
0.0131119
0.0130925
0.013073
Residual: 
0.0110206
0.0109451
0.010875
0.0108098
Residual: 
0.00723527
0.00717072
0.00711393
0.00706464
Residual: 
0.0143101
0.0135889
0.0130734
0.0127045
Residual: 
0.0294072
0.0281889
0.0274439
0.0269536
Residual: 
0.0131005
0.0130809
0.0130611
0.0130414
Residual: 
0.0130219
0.0130024
0.0129832
0.0129638
Residual: 
0.0109288
0.0108542
0.0107849
0.0107205
Residual: 
0.00717472
0.00711123
0.00705544
0.00700709
Residual: 
0.0141722
0.0134627
0.0129563
0.0125946
Residual: 
0.0291832
0.027978
0.0272424
0.0267594
Residual: 
0.0129917
0.012972
0.0129525
0.0129329
Residual: 
0.0129136
0.0128944
0.0128751
0.0128558
Residual: 
0.0108379
0.0107642
0.0106957
0.0106322
Residual: 
0.00711462
0.00705217
0.00699736
0.00694994
Residual: 
0.0140357
0.0133378
0.0128403
0.0124857
Residual: 
0.0289624
0.0277702
0.0270438
0.0265681
Residual: 
0.0128838
0.0128644
0.012845
0.0128258
