   0.0980266
    0.195103
    0.290296
    0.382699
    0.471421
    0.555593
    0.634415
    0.707136
    0.773037
    0.831498
    0.881949
    0.923909
    0.956969
    0.980819
    0.995208
     1.00003
    0.995207
    0.980816
    0.956964
    0.923902
     0.88194
    0.831488
    0.773026
    0.707124
    0.634403
    0.555582
    0.471407
    0.382683
     0.29028
    0.195088
   0.0980189
   -0.708395
    -1.41215
    -2.10441
    -2.77838
    -3.42745
    -4.04524
    -4.62563
     -5.1629
     -5.6517
    -6.08717
    -6.46492
    -6.78116
    -7.03266
    -7.21683
    -7.33171
    -7.37603
    -7.34918
    -7.25128
    -7.08308
    -6.84608
     -6.5424
    -6.17485
    -5.74685
    -5.26243
    -4.72612
    -4.14293
    -3.51832
    -2.85895
    -2.17127
    -1.46102
    -0.73496
   0.0948526
    0.188813
    0.280974
    0.370452
    0.456384
     0.53794
    0.614333
    0.684828
    0.748742
    0.805458
    0.854428
    0.895179
    0.927315
    0.950526
    0.964585
    0.969356
    0.964789
    0.950928
    0.927903
    0.895935
    0.855329
    0.806476
    0.749843
    0.685975
    0.615485
    0.539062
    0.457442
    0.371398
    0.281755
    0.189379
   0.0951566
   -0.689977
    -1.37552
    -2.04994
    -2.70662
    -3.33908
    -3.94112
    -4.50675
    -5.03041
    -5.50686
    -5.93137
    -6.29965
    -6.60802
    -6.85328
    -7.03295
    -7.14506
    -7.18841
    -7.16236
    -7.06703
    -6.90312
    -6.67209
    -6.37597
    -6.01748
    -5.59994
      -5.128
    -4.60623
    -4.03872
    -3.43072
    -2.78837
    -2.11783
    -1.42515
   -0.716927
   0.0916849
    0.182539
    0.271685
    0.358262
    0.441433
    0.520394
    0.594381
    0.662678
    0.724622
    0.779616
    0.827123
    0.866682
    0.897909
    0.920498
    0.934228
    0.938961
    0.934649
    0.921329
    0.899124
    0.868247
    0.828989
    0.781726
     0.72691
    0.665065
    0.596783
    0.522744
    0.443663
    0.360266
    0.273349
    0.183754
   0.0923385
   -0.672549
    -1.34085
    -1.99836
     -2.6386
    -3.25527
    -3.84228
    -4.39382
    -4.90445
    -5.36906
    -5.78305
    -6.14222
    -6.44298
    -6.68222
     -6.8575
    -6.96691
    -7.00928
    -6.98396
     -6.8911
    -6.73138
    -6.50623
     -6.2176
    -5.86806
    -5.46074
    -5.00082
    -4.49288
     -3.9402
    -3.34786
    -2.72156
    -2.06721
    -1.39114
   -0.699822
   0.0885727
    0.176367
    0.262534
    0.346241
    0.426676
    0.503062
    0.574656
    0.640766
    0.700748
    0.754018
    0.800058
    0.838417
     0.86872
    0.890667
     0.90404
    0.908702
    0.904599
     0.89176
    0.870299
    0.840404
    0.802346
      0.7565
    0.703296
    0.643206
    0.576785
    0.504817
    0.428014
    0.347185
    0.263159
    0.176802
   0.0890211
    -0.65647
    -1.30874
    -1.95037
     -2.5751
    -3.17675
    -3.74943
    -4.28747
    -4.78558
    -5.23878
    -5.64259
    -5.99294
     -6.2863
    -6.51964
    -6.69055
    -6.79716
    -6.83833
    -6.81344
    -6.72258
    -6.56643
    -6.34714
    -6.06675
    -5.72703
    -5.33096
    -4.88292
    -4.38722
    -3.84774
     -3.2695
    -2.65802
    -2.01909
    -1.35886
    -0.68365
    0.085501
    0.170276
      0.2535
     0.33437
    0.412099
    0.485935
    0.555158
    0.619095
    0.677122
    0.728673
    0.773241
    0.810389
    0.839748
    0.861025
    0.874004
    0.878545
     0.87459
    0.862158
    0.841351
    0.812333
    0.775356
      0.7308
    0.679075
     0.62061
    0.555936
     0.48596
     0.41141
    0.333199
    0.252198
    0.169293
   0.0854182
   -0.641428
    -1.27869
    -1.90547
     -2.5157
    -3.10334
    -3.66269
    -4.18817
    -4.67467
     -5.1173
    -5.51174
    -5.85398
    -6.14061
    -6.36864
    -6.53573
    -6.64003
    -6.68047
     -6.6564
    -6.56782
    -6.41531
     -6.2016
    -5.92885
    -5.59807
     -5.2122
     -4.7749
    -4.29024
    -3.76273
    -3.19733
    -2.59939
     -1.9746
    -1.32895
    -0.66864
   0.0824472
    0.164221
    0.244521
    0.322573
    0.397612
     0.46891
    0.535768
    0.597532
    0.653594
    0.703399
    0.746452
    0.782317
    0.810627
    0.831073
    0.843424
     0.84752
    0.843275
    0.830772
    0.810096
    0.781476
    0.745166
     0.70159
    0.651176
     0.59442
    0.531904
    0.464439
    0.392788
    0.317814
    0.240396
    0.161361
   0.0816068
   -0.627108
    -1.25016
    -1.86294
    -2.45957
    -3.03413
    -3.58106
    -4.09489
    -4.57062
    -5.00345
    -5.38918
    -5.72389
    -6.00426
    -6.22734
     -6.3909
    -6.49313
    -6.53348
    -6.51147
    -6.42651
    -6.27911
    -6.07115
    -5.80458
    -5.48104
    -5.10347
     -4.6754
    -4.20085
    -3.68427
    -3.13056
    -2.54498
    -1.93316
    -1.30098
   -0.654536
   0.0793953
    0.158171
    0.235549
    0.310781
    0.383124
    0.451871
     0.51634
    0.575895
    0.629939
    0.677928
    0.719369
     0.75383
    0.780939
    0.800366
    0.811868
    0.815267
    0.810456
    0.797598
     0.77678
    0.748317
     0.71249
    0.669782
    0.620662
      0.5657
    0.505529
    0.440847
    0.372425
     0.30105
    0.227582
    0.152775
   0.0774757
   -0.613882
    -1.22377
    -1.82358
    -2.40762
    -2.97008
    -3.50554
    -4.00866
    -4.47452
     -4.8984
    -5.27625
    -5.60421
    -5.87901
    -6.09776
    -6.25821
    -6.35856
    -6.39871
    -6.37831
    -6.29626
    -6.15309
    -5.94996
    -5.68862
     -5.3714
    -5.00119
    -4.58146
    -4.11614
    -3.60965
    -3.06684
     -2.4929
    -1.89337
    -1.27404
   -0.640921
   0.0763367
    0.152102
    0.226537
    0.298908
    0.368487
    0.434576
    0.496502
    0.553623
    0.605337
    0.651089
    0.690367
    0.722762
    0.747879
    0.765633
     0.77582
    0.778247
    0.772856
    0.759788
    0.739181
    0.711334
    0.676571
    0.635346
    0.588155
    0.535551
    0.478167
    0.416657
    0.351763
    0.284227
    0.214857
    0.144302
   0.0733207
   -0.601272
    -1.19864
    -1.78615
    -2.35826
    -2.90928
    -3.43395
    -3.92703
    -4.38371
    -4.79939
    -5.17005
    -5.49192
    -5.76209
    -5.97777
    -6.13634
    -6.23599
    -6.27604
    -6.25598
    -6.17527
    -6.03448
    -5.83478
    -5.57793
    -5.26626
    -4.90266
    -4.49056
    -4.03385
    -3.53692
    -3.00452
    -2.44181
    -1.85422
    -1.24747
   -0.627451
   0.0731522
    0.145782
    0.217142
    0.286506
    0.353151
    0.416386
    0.475536
    0.529951
    0.579022
    0.622187
    0.658923
     0.68886
    0.711611
    0.727364
    0.735991
      0.7373
    0.731291
    0.718086
    0.697867
    0.670897
    0.637527
    0.598159
    0.553293
    0.503439
    0.449216
    0.391222
    0.330162
    0.266729
    0.201677
    0.135553
    0.069035
   -0.589655
    -1.17545
    -1.75153
    -2.31256
    -2.85294
    -3.36753
    -3.85116
    -4.29916
      -4.707
    -5.07066
    -5.38643
     -5.6517
    -5.86384
    -6.01991
    -6.11816
    -6.15739
    -6.13701
    -6.05704
    -5.91806
    -5.72128
    -5.46846
    -5.16193
    -4.80458
     -4.3998
    -3.95147
     -3.4639
    -2.94181
    -2.39027
    -1.81464
    -1.22055
   -0.613783
   0.0695423
    0.138577
    0.206339
    0.272102
    0.335125
    0.394757
    0.450313
     0.50131
    0.547174
    0.587389
    0.621491
    0.649189
    0.670188
     0.68452
    0.692102
    0.692826
    0.686734
    0.673936
    0.654637
    0.629072
    0.597593
    0.560593
    0.518558
    0.471923
    0.421268
    0.367112
    0.310094
    0.250793
    0.189863
     0.12777
   0.0650792
   -0.578297
    -1.15288
    -1.71807
    -2.26855
    -2.79886
    -3.30392
    -3.77869
    -4.21854
    -4.61903
    -4.97608
    -5.28604
    -5.54601
    -5.75335
    -5.90551
    -6.00083
    -6.03817
      -6.017
    -5.93735
    -5.79986
    -5.60573
    -5.35676
    -5.05525
    -4.70409
    -4.30664
    -3.86674
    -3.38866
    -2.87707
    -2.33696
    -1.77365
    -1.19264
   -0.599629
   0.0652772
    0.130078
    0.193612
    0.255155
     0.31395
    0.369403
    0.420841
    0.467975
    0.510293
    0.547347
    0.578745
    0.604279
    0.623732
    0.636944
    0.643848
    0.644402
    0.638679
    0.626764
    0.608871
    0.585198
    0.556085
    0.521906
    0.483123
    0.440082
     0.39331
    0.343233
    0.290415
    0.235311
    0.178478
    0.120313
   0.0612933
   -0.567289
     -1.1309
    -1.68528
    -2.22515
    -2.74519
    -3.24038
    -3.70582
    -4.13693
    -4.52941
    -4.87917
    -5.18263
    -5.43669
     -5.6387
    -5.78653
    -5.87857
    -5.91377
    -5.89164
    -5.81226
    -5.67628
    -5.48493
    -5.23998
    -4.94377
    -4.59913
     -4.2094
    -3.77836
    -3.31024
    -2.80964
    -2.28149
    -1.73101
    -1.16361
   -0.584909
    0.059212
    0.118279
    0.176419
    0.232946
    0.287153
    0.338249
    0.385582
    0.429017
     0.46811
    0.502442
    0.531685
    0.555602
    0.574009
    0.586717
    0.593669
    0.594816
    0.590237
    0.579969
    0.564206
    0.543097
    0.516941
     0.48603
    0.450755
    0.411423
    0.368475
    0.322282
    0.273311
    0.221961
    0.168693
    0.113873
   0.0579133
   -0.556444
    -1.10907
    -1.65247
     -2.1814
    -2.69064
    -3.17527
    -3.63049
    -4.05182
    -4.43504
    -4.77625
    -5.07199
    -5.31924
    -5.51546
    -5.65861
    -5.74717
    -5.78015
    -5.75711
    -5.67816
    -5.54398
     -5.3558
    -5.11541
    -4.82509
    -4.48765
    -4.10638
      -3.685
    -3.22766
    -2.73886
    -2.22345
    -1.68653
    -1.13341
   -0.569573
   0.0519504
    0.104191
    0.155993
    0.206743
    0.255796
    0.302152
    0.345174
    0.384865
    0.420836
    0.452677
    0.480104
    0.502831
    0.520691
    0.533456
    0.541067
    0.543449
    0.540664
    0.532679
    0.519649
    0.501651
    0.478924
    0.451657
    0.420155
    0.384684
    0.345596
    0.303214
    0.257917
    0.210063
    0.160038
    0.108198
   0.0549135
   -0.544532
    -1.08505
    -1.61632
    -2.13314
    -2.63045
    -3.10341
    -3.54739
    -3.95798
    -4.33112
    -4.66308
    -4.95051
    -5.19052
    -5.38065
    -5.51898
    -5.60403
     -5.6349
    -5.61119
    -5.53305
    -5.40118
    -5.21679
    -4.98166
    -4.69804
    -4.36869
    -3.99681
    -3.58606
    -3.14045
    -2.66439
    -2.16257
       -1.64
    -1.10187
    -0.55357
   0.0440264
   0.0888448
    0.133819
     0.17831
    0.221734
    0.263284
    0.302421
    0.338882
    0.372302
    0.402255
    0.428458
    0.450585
    0.468448
    0.481794
    0.490525
    0.494518
     0.49377
    0.488224
    0.477959
    0.463018
    0.443559
    0.419721
    0.391733
    0.359814
    0.324245
    0.285313
    0.243339
    0.198692
    0.151728
     0.10273
   0.0520552
   -0.531247
    -1.05817
    -1.57569
    -2.07882
    -2.56266
    -3.02254
    -3.45397
    -3.85272
    -4.21486
    -4.53682
    -4.81537
    -5.04774
    -5.23157
    -5.36501
    -5.44667
    -5.47568
    -5.45171
    -5.37493
    -5.24603
    -5.06624
    -4.83729
    -4.56141
    -4.24131
    -3.88009
    -3.48134
    -3.04882
    -2.58681
    -2.09967
    -1.59217
    -1.06951
   -0.536927
   0.0357197
    0.072764
    0.110614
    0.148627
    0.186297
    0.223047
    0.258436
     0.29191
      0.3231
    0.351538
    0.376921
    0.398863
    0.417134
    0.431441
    0.441631
    0.447515
     0.44902
    0.446055
    0.438626
     0.42674
     0.41048
    0.389947
    0.365296
    0.336716
    0.304427
     0.26869
    0.229786
    0.188103
    0.143978
   0.0976179
   0.0493691
   -0.516093
     -1.0276
    -1.52965
    -2.01747
    -2.48637
    -2.93182
    -3.34952
    -3.73539
    -4.08567
     -4.3969
    -4.66601
    -4.89031
    -5.06755
    -5.19595
     -5.2742
    -5.30146
    -5.27745
    -5.20234
    -5.07685
    -4.90217
    -4.68001
    -4.41253
    -4.10239
    -3.75264
    -3.36676
    -2.94835
    -2.50152
    -2.03035
    -1.53939
    -1.03381
    -0.51861
   0.0287394
   0.0591294
   0.0908007
    0.123169
    0.155821
    0.188203
    0.219907
    0.250383
    0.279245
    0.306012
    0.330341
    0.351825
     0.37018
    0.385086
    0.396328
    0.403684
    0.407016
    0.406198
    0.401176
    0.391911
    0.378428
    0.360805
    0.339151
     0.31362
    0.284399
    0.251714
    0.215824
    0.177056
    0.135728
   0.0921135
   0.0465721
   -0.498685
   -0.992684
    -1.47739
    -1.94822
    -2.40069
    -2.83045
    -3.23335
    -3.60546
    -3.94316
    -4.24311
    -4.50235
    -4.71828
    -4.88876
    -5.01205
    -5.08692
    -5.11258
    -5.08878
    -5.01573
    -4.89414
    -4.72511
     -4.5103
     -4.2518
    -3.95215
    -3.61436
    -3.24179
    -2.83801
      -2.407
    -1.95289
    -1.48014
   -0.993635
   -0.498195
   0.0229778
   0.0478316
   0.0743207
    0.101905
     0.13025
    0.158814
    0.187216
    0.214932
    0.241574
    0.266663
    0.289827
    0.310655
    0.328817
    0.343979
    0.355878
    0.364266
    0.368956
    0.369799
    0.366692
     0.35956
    0.348386
    0.333235
     0.31418
    0.291353
    0.264912
    0.235049
    0.202002
    0.166034
    0.127437
   0.0865524
     0.04374
   -0.478946
    -0.95334
    -1.41888
    -1.87116
    -2.30587
    -2.71878
    -3.10589
    -3.46339
    -3.78777
     -4.0758
    -4.32463
    -4.53175
    -4.69509
    -4.81294
    -4.88413
    -4.90792
    -4.88411
    -4.81296
    -4.69524
    -4.53198
    -4.32484
    -4.07583
    -3.78743
    -3.46259
    -3.10455
    -2.71682
    -2.30323
    -1.86794
    -1.41524
   -0.949705
   -0.475935
   0.0190708
   0.0399499
   0.0624872
   0.0862685
    0.111016
    0.136275
    0.161697
    0.186822
    0.211273
    0.234617
    0.256486
    0.276495
    0.294319
    0.309617
    0.322124
    0.331583
    0.337807
    0.340653
    0.340033
    0.335875
    0.328184
    0.316206
    0.299833
    0.279511
    0.255291
    0.227437
    0.196089
    0.161544
    0.124007
   0.0840865
   0.0421323
   -0.455714
   -0.908107
    -1.35331
    -1.78616
    -2.20256
     -2.5981
    -2.96893
    -3.31131
    -3.62189
    -3.89757
    -4.13569
    -4.33377
    -4.48986
    -4.60207
    -4.66923
     -4.6907
    -4.66626
    -4.59642
    -4.48193
    -4.32405
    -4.12436
    -3.88498
    -3.60828
    -3.29718
    -2.95476
    -2.58445
    -2.18992
    -1.77515
    -1.34425
   -0.901652
    -0.45175
   0.0168367
   0.0352808
     0.05524
   0.0764105
   0.0985663
    0.121346
    0.144442
    0.167473
    0.190096
    0.211943
    0.232675
    0.251962
    0.269504
    0.284977
    0.298135
    0.308726
    0.316571
    0.321535
     0.32353
    0.322462
    0.318302
    0.309405
    0.295425
    0.277112
    0.254411
    0.227665
    0.196936
    0.162583
    0.124761
   0.0843979
   0.0418876
   -0.432901
   -0.863474
    -1.28812
    -1.70094
      -2.098
    -2.47477
    -2.82758
    -3.15281
    -3.44734
    -3.70827
    -3.93317
    -4.11978
    -4.26635
    -4.37097
    -4.43257
    -4.45069
    -4.42511
    -4.35662
    -4.24589
    -4.09435
    -3.90348
    -3.67542
    -3.41237
    -3.11713
    -2.79257
    -2.44195
     -2.0687
    -1.67656
    -1.26936
   -0.851333
   -0.426601
   0.0162644
   0.0339968
   0.0531435
   0.0734748
   0.0948445
    0.116978
    0.139669
    0.162426
    0.184958
    0.206743
    0.227421
    0.246794
    0.264547
    0.280421
    0.294137
    0.305351
    0.313798
    0.319325
    0.321714
    0.320809
    0.316403
    0.307509
     0.29381
    0.275713
    0.253174
    0.226492
    0.195773
    0.161421
    0.123689
   0.0835298
   0.0414568
    -0.41429
   -0.825537
    -1.23021
    -1.62285
    -1.99971
    -2.35655
    -2.68988
    -2.99619
     -3.2725
    -3.51621
    -3.72507
    -3.89732
    -4.03141
    -4.12607
    -4.18043
    -4.19424
    -4.16742
    -4.10065
    -3.99463
    -3.85065
    -3.67013
    -3.45501
    -3.20738
    -2.92975
    -2.62482
    -2.29556
    -1.94517
    -1.57703
    -1.19469
    -0.80186
   -0.402327
   0.0177922
   0.0368719
    0.057222
   0.0786752
    0.101151
    0.124441
     0.14842
    0.172444
    0.196241
    0.219093
    0.240584
    0.260629
    0.278875
    0.295113
    0.309015
    0.320135
    0.328117
    0.332809
      0.3339
    0.331243
    0.324561
    0.313697
     0.29847
    0.278987
    0.255251
    0.227524
    0.195967
    0.161016
    0.122995
   0.0828326
   0.0410973
   -0.394446
    -0.78523
     -1.1689
    -1.54051
    -1.89657
     -2.2332
    -2.54717
    -2.83517
    -3.09438
    -3.32253
    -3.51745
     -3.6778
    -3.80213
     -3.8896
    -3.93947
    -3.95155
    -3.92581
    -3.86274
    -3.76299
    -3.62767
    -3.45813
    -3.25606
    -3.02344
    -2.76252
    -2.47583
     -2.1661
    -1.83632
    -1.48959
    -1.12927
   -0.758615
   -0.381166
   0.0232778
   0.0472113
   0.0718877
   0.0969021
    0.122112
    0.147522
    0.172933
    0.197967
    0.222305
    0.245394
    0.266814
     0.28643
    0.303873
    0.318939
    0.331278
    0.340567
    0.346463
    0.348833
    0.347407
     0.34211
    0.332763
    0.319353
    0.301817
    0.280304
    0.254903
    0.225907
    0.193562
    0.158311
     0.12056
   0.0810636
    0.040405
   -0.374241
   -0.743941
    -1.10563
    -1.45531
    -1.78971
    -2.10563
    -2.40014
    -2.67048
    -2.91413
      -3.129
    -3.31312
    -3.46508
    -3.58353
    -3.66755
     -3.7164
    -3.72978
    -3.70762
     -3.6502
    -3.55814
    -3.43233
    -3.27402
    -3.08469
    -2.86618
    -2.62053
    -2.35011
    -2.05743
    -1.74531
     -1.4167
    -1.07475
   -0.722511
   -0.363293
   0.0312457
    0.062345
   0.0933952
    0.123679
    0.152945
    0.181401
     0.20878
    0.235007
    0.259758
    0.282699
    0.303445
    0.321844
    0.337536
    0.350363
    0.359997
    0.366293
    0.368973
    0.367961
    0.363066
    0.354305
    0.341597
    0.325044
    0.304695
     0.28076
     0.25343
    0.223034
    0.189906
    0.154481
    0.117226
   0.0786828
   0.0394141
   -0.354137
   -0.703268
    -1.04404
     -1.3734
    -1.68828
    -1.98606
    -2.26399
     -2.5197
    -2.75083
    -2.95538
    -3.13147
    -3.27753
    -3.39222
     -3.4745
     -3.5236
    -3.53905
    -3.52072
    -3.46874
    -3.38363
    -3.26613
    -3.11741
    -2.93881
    -2.73207
    -2.49908
    -2.24212
    -1.96358
    -1.66619
    -1.35287
    -1.02666
   -0.690451
   -0.347341
   0.0410115
   0.0800384
    0.116801
    0.151697
    0.184436
    0.215379
    0.244289
    0.271176
    0.295773
    0.317894
    0.337238
    0.353699
       0.367
    0.377046
    0.383601
    0.386599
    0.385872
    0.381412
    0.373144
    0.361147
    0.345458
    0.326242
    0.303662
    0.277983
    0.249501
    0.218541
    0.185504
    0.150621
    0.114292
   0.0768158
   0.0385851
   -0.331929
   -0.659894
   -0.980885
    -1.29204
     -1.5905
    -1.87367
    -2.13891
    -2.38382
    -2.60609
    -2.80362
    -2.97452
    -3.11711
    -3.22998
    -3.31195
    -3.36219
    -3.38008
     -3.3654
    -3.31815
    -3.23877
    -3.12791
    -2.98666
    -2.81635
    -2.61869
    -2.39546
    -2.14883
    -1.88112
    -1.59495
    -1.29393
   -0.981175
   -0.659522
   -0.332065
   0.0506202
   0.0973429
    0.139449
    0.178493
    0.214175
    0.247032
    0.276875
    0.303803
    0.327619
    0.348299
    0.365641
    0.379612
    0.390038
    0.396903
    0.400083
    0.399596
    0.395389
    0.387529
     0.37606
    0.361116
     0.34285
    0.321476
     0.29726
    0.270504
    0.241589
    0.210814
     0.17861
    0.144963
    0.110171
   0.0742641
   0.0374592
    -0.31249
    -0.62213
   -0.926247
     -1.2221
    -1.50695
    -1.77815
    -2.03308
    -2.26926
    -2.48437
    -2.67619
    -2.84279
    -2.98235
    -3.09342
    -3.17467
    -3.22524
    -3.24438
    -3.23185
    -3.18754
    -3.11185
    -3.00541
    -2.86933
    -2.70507
    -2.51437
    -2.29905
    -2.06123
    -1.80317
    -1.52729
    -1.23781
   -0.937799
   -0.629982
   -0.317449
   0.0558859
    0.107112
    0.152636
    0.194299
     0.23176
    0.265646
    0.295812
    0.322405
    0.345313
    0.364574
    0.380095
    0.391906
    0.399954
    0.404297
    0.404943
    0.401992
    0.395536
    0.385725
    0.372754
    0.356775
    0.338069
    0.316647
    0.292788
    0.266673
    0.238594
    0.208731
    0.177334
    0.144372
    0.109938
   0.0741845
   0.0371907
   -0.294729
     -0.5884
   -0.878694
    -1.16226
    -1.43643
    -1.69826
    -1.94513
    -2.17439
    -2.38367
    -2.57065
    -2.73334
    -2.86981
    -2.97856
     -3.0582
    -3.10782
    -3.12668
    -3.11449
    -3.07106
    -2.99671
      -2.892
    -2.75793
    -2.59685
    -2.41061
    -2.20147
    -1.97177
    -1.72362
    -1.45957
    -1.18286
   -0.896389
   -0.602389
   -0.303725
   0.0582702
    0.111376
    0.158028
    0.200354
    0.237963
    0.271551
    0.301004
    0.326495
    0.347982
    0.365543
    0.379182
    0.388982
    0.395003
    0.397372
    0.396225
    0.391738
     0.38414
    0.373652
    0.360603
    0.345123
    0.327579
    0.307706
    0.285722
    0.261608
    0.235494
     0.20738
    0.177297
    0.145207
    0.111028
   0.0751051
   0.0374534
    -0.27971
   -0.559913
   -0.838579
    -1.11169
    -1.37661
    -1.63008
    -1.86944
    -2.09191
    -2.29507
    -2.47653
    -2.63431
     -2.7664
    -2.87133
    -2.94773
    -2.99476
    -3.01188
    -2.99886
    -2.95559
    -2.88233
    -2.77962
    -2.64823
    -2.49119
     -2.3103
    -2.10808
    -1.88692
    -1.64876
    -1.39626
    -1.13171
   -0.857965
   -0.576821
   -0.291007
   0.0557709
    0.106898
     0.15201
    0.192934
    0.229257
    0.261578
    0.289813
    0.314081
    0.334408
      0.3509
    0.363671
    0.372848
    0.378635
    0.381123
     0.38058
    0.377012
    0.370682
    0.361716
     0.35039
     0.33678
    0.321118
    0.303244
    0.283233
    0.261008
    0.236535
    0.209705
    0.180384
    0.148497
    0.113852
   0.0770529
   0.0381424
   -0.267569
   -0.536772
   -0.805793
    -1.06994
    -1.32658
    -1.57218
    -1.80403
    -2.01924
    -2.21539
     -2.3901
    -2.54136
    -2.66717
      -2.766
    -2.83657
    -2.87801
    -2.89081
    -2.87497
    -2.83093
    -2.75926
    -2.66039
    -2.53528
    -2.38589
    -2.21388
    -2.02122
    -1.81007
    -1.58237
     -1.3406
    -1.08698
   -0.824218
   -0.554161
   -0.279446
   0.0500603
   0.0962743
    0.137295
    0.174683
    0.208018
    0.237797
    0.263961
    0.286557
    0.305666
    0.321404
    0.333975
    0.343527
     0.35037
    0.354512
    0.356288
    0.355457
    0.352231
    0.346554
    0.338562
    0.328216
    0.315563
    0.300535
    0.283069
    0.263046
    0.240294
    0.214632
    0.185798
    0.153724
    0.118147
   0.0799733
    0.039306
   -0.256577
   -0.515548
   -0.775201
    -1.03014
    -1.27777
    -1.51431
    -1.73713
    -1.94334
    -2.13069
      -2.297
    -2.44045
    -2.55918
     -2.6517
    -2.71685
    -2.75363
    -2.76337
    -2.74611
    -2.70267
    -2.63375
    -2.53966
     -2.4215
    -2.28025
    -2.11744
    -1.93458
    -1.73363
    -1.51652
    -1.28555
    -1.04289
   -0.791061
   -0.531961
   -0.268139
    0.041067
   0.0799208
    0.115469
    0.148508
    0.178696
     0.20621
    0.231025
    0.253009
    0.272261
    0.288854
    0.302988
     0.31463
     0.32401
    0.331003
    0.335789
     0.33822
    0.338363
    0.336145
    0.331551
    0.324452
    0.314735
    0.302219
    0.286684
    0.268023
    0.245954
    0.220429
    0.191165
    0.158254
    0.121527
   0.0820924
   0.0402362
   -0.248508
    -0.49887
   -0.749319
    -0.99442
    -1.23155
    -1.45696
    -1.66801
    -1.86207
    -2.03693
    -2.19166
    -2.32477
    -2.43512
    -2.52164
    -2.58319
    -2.61906
    -2.62961
    -2.61481
    -2.57504
    -2.51085
    -2.42262
    -2.31135
    -2.17797
    -2.02388
     -1.8505
    -1.65959
    -1.45296
     -1.2327
    -1.00081
   -0.759609
    -0.51093
   -0.257156
    0.030341
   0.0603412
   0.0892619
    0.117173
    0.143822
    0.169056
    0.192865
    0.214894
    0.235221
    0.253806
    0.270779
    0.285838
    0.299052
     0.31009
    0.318923
    0.325471
    0.329639
    0.331339
      0.3304
    0.326613
    0.319705
    0.309387
    0.295294
    0.277365
    0.255251
    0.229095
    0.198656
     0.16424
    0.125811
   0.0846983
   0.0413637
   -0.238868
   -0.478929
   -0.718406
   -0.952012
    -1.17729
    -1.39069
    -1.58967
    -1.77187
    -1.93504
    -2.07927
     -2.2032
    -2.30622
    -2.38755
    -2.44601
    -2.48118
    -2.49253
    -2.48004
    -2.44371
      -2.384
    -2.30143
    -2.19688
    -2.07128
    -1.92591
    -1.76204
    -1.58132
     -1.3854
    -1.17623
   -0.955631
   -0.725706
   -0.488233
    -0.24536
   0.0226118
   0.0460422
   0.0699397
   0.0941438
    0.118511
    0.142563
    0.166216
     0.18891
     0.21055
       0.231
    0.250175
    0.267817
    0.283782
    0.297738
    0.309461
    0.318707
    0.325184
    0.328789
    0.329195
    0.326336
    0.319862
    0.309631
      0.2953
     0.27688
     0.25414
    0.227301
    0.196325
    0.161643
    0.123487
   0.0830258
   0.0409032
   -0.228874
   -0.456879
   -0.681968
   -0.900953
    -1.11173
    -1.31175
    -1.49896
    -1.67113
    -1.82642
    -1.96397
    -2.08248
    -2.18099
    -2.25867
    -2.31459
    -2.34834
     -2.3595
    -2.34808
    -2.31411
    -2.25801
     -2.1803
    -2.08181
    -1.96338
    -1.82618
    -1.67128
    -1.50011
    -1.31438
    -1.11582
   -0.906364
   -0.687937
   -0.462552
   -0.232251
   0.0169814
   0.0358328
   0.0565476
   0.0787286
     0.10233
    0.126523
    0.151122
    0.175331
    0.198847
    0.221419
    0.242734
      0.2626
    0.280674
    0.296652
    0.310131
    0.320715
    0.327935
    0.331715
    0.331624
    0.327824
     0.31998
    0.308188
    0.292223
    0.272237
    0.248173
    0.220355
    0.188959
    0.154517
    0.117483
   0.0787793
   0.0391338
   -0.218386
   -0.434245
   -0.645313
   -0.850328
    -1.04737
    -1.23467
    -1.41056
    -1.57288
    -1.72016
    -1.85069
    -1.96328
    -2.05669
    -2.13009
    -2.18279
    -2.21441
    -2.22466
    -2.21356
    -2.18118
    -2.12794
    -2.05438
    -1.96129
    -1.84949
    -1.72009
      -1.574
    -1.41249
    -1.23734
    -1.05006
   -0.852648
   -0.646802
   -0.434667
   -0.218088
   0.0181832
    0.037449
   0.0578248
   0.0793734
    0.101958
    0.125186
    0.148749
    0.172147
    0.194963
    0.216886
    0.237479
    0.256532
    0.273605
    0.288486
    0.300734
    0.310052
    0.316016
    0.318522
    0.317249
     0.31229
    0.303468
    0.290903
    0.274568
    0.254677
    0.231378
    0.204984
     0.17582
    0.144079
    0.110176
   0.0743563
   0.0370906
   -0.205214
   -0.408747
    -0.60867
   -0.802923
   -0.989641
    -1.16683
     -1.3328
    -1.48572
    -1.62416
    -1.74665
    -1.85208
    -1.93931
    -2.00755
    -2.05619
    -2.08483
    -2.09325
    -2.08144
    -2.04951
    -1.99781
    -1.92697
    -1.83773
    -1.73103
    -1.60791
    -1.46952
    -1.31712
    -1.15246
   -0.977033
   -0.792776
   -0.601347
   -0.404279
   -0.203236
     0.02334
   0.0463964
   0.0690264
   0.0916751
    0.114102
    0.136421
    0.158289
    0.179619
    0.199995
     0.21915
    0.236616
    0.252263
     0.26565
    0.276764
    0.285235
    0.290977
    0.293706
     0.29336
    0.289778
    0.282995
    0.272997
    0.259909
    0.243874
    0.225124
    0.203956
    0.180588
    0.155392
    0.128104
   0.0989878
    0.067527
   0.0339124
    -0.19262
   -0.384319
   -0.573422
   -0.757115
   -0.933634
    -1.10083
    -1.25704
    -1.40077
    -1.53063
    -1.64541
    -1.74404
     -1.8255
    -1.88904
     -1.9341
    -1.96029
    -1.96741
    -1.95543
    -1.92448
    -1.87485
    -1.80722
    -1.72225
    -1.62098
    -1.50436
    -1.37372
    -1.23026
    -1.07568
     -0.9114
   -0.739287
   -0.560963
   -0.377408
   -0.190177
   0.0265888
   0.0514605
   0.0741613
   0.0959587
    0.116618
    0.136553
    0.155543
    0.173628
    0.190541
    0.206117
    0.220054
    0.232231
    0.242382
    0.250458
    0.256263
    0.259726
    0.260726
    0.259214
     0.25516
     0.24854
    0.239408
    0.227715
    0.213563
    0.197055
    0.178377
    0.157858
    0.135717
    0.111817
   0.0862842
   0.0588872
   0.0297951
   -0.183279
   -0.364926
   -0.543193
   -0.715995
   -0.881672
    -1.03844
    -1.18478
    -1.31932
    -1.44077
    -1.54803
    -1.64007
    -1.71602
    -1.77516
    -1.81696
    -1.84105
    -1.84727
    -1.83556
    -1.80608
    -1.75912
    -1.69531
    -1.61528
    -1.52011
    -1.41076
    -1.28844
    -1.15436
    -1.00991
   -0.856492
   -0.695491
   -0.528409
   -0.356063
    -0.17989
    0.028543
   0.0537998
   0.0750391
   0.0944171
    0.111761
    0.127828
    0.142561
    0.156156
    0.168542
    0.179698
    0.189533
    0.197962
    0.204909
    0.210284
    0.214047
    0.216112
    0.216488
    0.215095
    0.211986
    0.207018
    0.200237
    0.191335
    0.180295
    0.167018
     0.15154
    0.134308
    0.115433
   0.0949881
   0.0730648
   0.0498216
   0.0254422
   -0.174071
   -0.345912
   -0.513762
   -0.676278
   -0.831904
   -0.979214
     -1.1168
    -1.24341
    -1.35783
    -1.45903
    -1.54601
      -1.618
    -1.67428
    -1.71437
    -1.73787
    -1.74464
    -1.73459
    -1.70791
    -1.66478
    -1.60574
     -1.5313
    -1.44247
    -1.34014
    -1.22535
    -1.09925
   -0.962975
   -0.817909
   -0.665076
   -0.505973
   -0.341406
   -0.172859
   0.0234696
   0.0445312
    0.062523
   0.0787433
   0.0931171
    0.106131
    0.117844
    0.128393
    0.137828
    0.146146
    0.153362
    0.159407
    0.164267
    0.167823
    0.170027
    0.170842
    0.170222
    0.168415
     0.16547
    0.161276
     0.15585
    0.148869
    0.140282
    0.130016
    0.118098
    0.104806
   0.0902561
   0.0744819
   0.0575988
   0.0395837
    0.020559
   -0.163688
   -0.325119
    -0.48255
   -0.635096
   -0.781299
   -0.919969
     -1.0498
    -1.16962
    -1.27828
    -1.37478
    -1.45817
    -1.52765
    -1.58251
    -1.62225
    -1.64648
    -1.65515
     -1.6482
    -1.62589
    -1.58844
    -1.53596
    -1.46888
    -1.38767
    -1.29305
    -1.18575
    -1.06673
   -0.936929
   -0.797536
   -0.649648
   -0.494627
   -0.333741
   -0.168495
   0.0150355
    0.029063
   0.0416681
   0.0532817
   0.0638775
   0.0735736
   0.0824497
   0.0904778
   0.0977349
    0.104141
    0.109732
    0.114385
    0.118078
    0.120611
    0.121882
     0.12188
    0.120497
    0.118327
    0.115447
    0.111825
    0.107504
    0.102213
   0.0959371
   0.0886847
   0.0805025
   0.0714928
   0.0617614
   0.0512619
   0.0400915
    0.027991
   0.0149978
   -0.154167
   -0.306139
   -0.454252
   -0.598058
   -0.736156
    -0.86754
   -0.990939
    -1.10523
    -1.20931
    -1.30217
    -1.38291
    -1.45069
    -1.50479
    -1.54463
    -1.56974
    -1.58012
    -1.57567
    -1.55669
    -1.52345
    -1.47571
    -1.41392
    -1.33818
    -1.24915
     -1.1474
    -1.03381
   -0.909221
   -0.774697
   -0.631436
   -0.480664
   -0.324045
   -0.163019
  0.00771024
   0.0154641
   0.0230694
   0.0302534
   0.0369435
   0.0430132
   0.0484254
   0.0530451
   0.0568118
     0.05984
   0.0620986
   0.0641598
   0.0661429
   0.0675421
   0.0683462
   0.0683866
   0.0676355
   0.0664375
   0.0648782
   0.0629684
   0.0607638
   0.0580929
   0.0549596
   0.0513341
   0.0472345
   0.0426518
   0.0376078
   0.0319455
   0.0256358
   0.0183799
   0.0100788
   -0.143442
   -0.285731
   -0.425406
   -0.561667
   -0.693183
   -0.818749
   -0.937111
    -1.04699
    -1.14729
    -1.23716
    -1.31576
    -1.38241
    -1.43644
      -1.477
    -1.50359
    -1.51584
    -1.51356
    -1.49678
    -1.46563
    -1.42008
    -1.36052
    -1.28728
    -1.20097
    -1.10235
   -0.992274
   -0.871727
   -0.741754
   -0.603682
   -0.458748
   -0.308677
   -0.154916
   0.0004282
  0.00199893
  0.00469439
   0.0075031
   0.0102749
   0.0126207
   0.0143725
   0.0152908
   0.0151944
    0.014438
   0.0129812
   0.0121765
   0.0123398
   0.0126821
   0.0132882
    0.013814
   0.0142794
   0.0147136
     0.01516
   0.0156274
   0.0161437
   0.0166076
   0.0170124
   0.0172603
   0.0173235
   0.0170763
   0.0164556
   0.0152042
   0.0131898
   0.0101204
  0.00581669
   -0.134541
   -0.268727
   -0.401215
   -0.530815
   -0.656244
   -0.776103
   -0.889152
   -0.993957
    -1.08942
    -1.17482
    -1.24939
    -1.31264
    -1.36401
     -1.4025
    -1.42772
    -1.43912
    -1.43656
    -1.41993
    -1.38933
    -1.34502
     -1.2873
    -1.21674
    -1.13389
    -1.03964
   -0.934745
    -0.82024
   -0.697076
   -0.566605
   -0.429977
   -0.288879
   -0.144686
  -0.0058139
  -0.0104917
  -0.0141178
   -0.017364
  -0.0204271
  -0.0227353
  -0.0242179
  -0.0257961
  -0.0275253
  -0.0293601
   -0.031243
  -0.0323647
  -0.0324815
  -0.0319957
  -0.0308502
  -0.0292729
  -0.0272689
  -0.0248848
  -0.0221277
  -0.0190823
  -0.0157857
  -0.0123895
 -0.00898217
 -0.00568816
 -0.00263266
 9.37406e-05
  0.00234443
  0.00386801
  0.00447352
  0.00408129
  0.00254349
   -0.128524
   -0.256697
   -0.383221
   -0.506775
    -0.62613
   -0.739932
   -0.846959
   -0.945828
    -1.03548
    -1.11508
    -1.18384
    -1.24123
    -1.28671
    -1.31969
    -1.33986
    -1.34705
     -1.3412
    -1.32246
    -1.29101
    -1.24722
    -1.19148
    -1.12439
    -1.04649
    -0.95846
   -0.860997
   -0.755009
   -0.641365
   -0.521223
   -0.395616
   -0.265881
   -0.133219
  -0.0118303
  -0.0226713
  -0.0326742
  -0.0420676
  -0.0509705
   -0.057699
  -0.0618538
  -0.0650323
  -0.0671954
  -0.0686988
  -0.0694995
  -0.0694839
  -0.0685779
  -0.0668254
  -0.0642133
  -0.0608476
  -0.0567539
  -0.0520441
  -0.0467759
  -0.0411373
  -0.0352444
  -0.0293138
  -0.0235232
  -0.0180182
  -0.0130055
 -0.00850891
 -0.00472151
  -0.0018434
-7.61962e-05
 0.000762557
 0.000595296
   -0.122264
   -0.243888
   -0.363529
   -0.479745
     -0.5914
   -0.697267
   -0.796257
   -0.887174
   -0.969142
    -1.04133
    -1.10307
    -1.15386
    -1.19323
      -1.221
     -1.2369
    -1.24107
    -1.23347
    -1.21438
    -1.18395
     -1.1426
    -1.09066
    -1.02868
   -0.957192
   -0.876596
   -0.787527
   -0.690754
   -0.587067
   -0.477441
   -0.362798
   -0.244119
   -0.122454
  -0.0178121
  -0.0334009
   -0.046519
  -0.0582034
  -0.0683746
  -0.0763048
  -0.0817357
  -0.0856071
   -0.087958
  -0.0890866
  -0.0890488
  -0.0879207
  -0.0857451
  -0.0826567
  -0.0787399
  -0.0741258
  -0.0689463
  -0.0632926
  -0.0573276
  -0.0511506
  -0.0449465
  -0.0388238
   -0.032976
  -0.0273463
  -0.0220697
  -0.0172029
  -0.0128441
 -0.00912525
 -0.00612291
 -0.00360497
 -0.00146988
   -0.117545
   -0.233005
   -0.344841
   -0.452303
   -0.554291
   -0.650003
   -0.738537
   -0.819192
   -0.891299
   -0.954386
    -1.00798
    -1.05183
    -1.08566
    -1.10939
    -1.12289
    -1.12628
     -1.1196
    -1.10289
    -1.07628
    -1.03981
   -0.993701
   -0.938367
   -0.874196
   -0.801585
   -0.721036
   -0.633259
   -0.538919
   -0.439113
   -0.334678
   -0.225796
   -0.113267
  -0.0215513
   -0.039568
  -0.0533569
  -0.0648518
  -0.0739047
  -0.0809364
  -0.0859328
  -0.0891602
  -0.0907106
  -0.0907732
  -0.0894594
  -0.0869882
  -0.0835061
  -0.0792609
  -0.0744585
  -0.0692756
  -0.0639579
  -0.0585631
  -0.0533311
  -0.0482232
  -0.0434341
  -0.0388935
  -0.0347364
  -0.0306292
   -0.026573
   -0.022616
   -0.018732
   -0.014976
  -0.0113116
 -0.00750108
 -0.00332127
   -0.110777
   -0.218345
   -0.321104
   -0.419097
   -0.511322
   -0.597407
   -0.676605
    -0.74862
    -0.81289
   -0.869174
   -0.917061
   -0.956405
   -0.986951
     -1.0086
    -1.02127
    -1.02498
    -1.01984
    -1.00568
   -0.982688
   -0.950612
   -0.909635
   -0.860118
   -0.802333
   -0.736644
   -0.663417
   -0.583321
   -0.496928
   -0.405513
   -0.309898
   -0.209567
   -0.105088
  -0.0180081
  -0.0332489
  -0.0449388
  -0.0544926
  -0.0617851
  -0.0672666
  -0.0710063
   -0.073297
  -0.0743152
  -0.0741932
  -0.0731511
  -0.0712953
  -0.0688627
  -0.0659372
  -0.0627445
  -0.0593711
  -0.0560207
  -0.0527104
  -0.0495902
    -0.04667
  -0.0440511
  -0.0417738
  -0.0399142
  -0.0377366
  -0.0350306
  -0.0317485
  -0.0276507
  -0.0229827
  -0.0175961
  -0.0116982
 -0.00518078
   -0.100773
   -0.198064
   -0.290379
   -0.378478
   -0.461579
   -0.539556
   -0.611853
   -0.678137
   -0.737963
    -0.79102
   -0.836958
   -0.875316
   -0.905787
   -0.927796
    -0.94109
   -0.945645
   -0.941421
   -0.928528
    -0.90711
   -0.877376
   -0.839599
   -0.794395
   -0.742144
   -0.682258
   -0.614937
   -0.540903
     -0.4606
   -0.375486
   -0.286324
   -0.193321
   -0.097147
  -0.0105529
  -0.0195142
  -0.0261789
   -0.031456
  -0.0352191
  -0.0378754
  -0.0395425
  -0.0405504
  -0.0411596
  -0.0414304
   -0.041655
  -0.0417637
  -0.0420067
  -0.0422106
  -0.0425268
  -0.0428595
  -0.0432879
  -0.0437229
  -0.0441759
  -0.0446832
  -0.0452435
  -0.0460178
  -0.0470298
  -0.0471413
  -0.0459311
  -0.0432617
  -0.0387034
  -0.0327392
  -0.0251651
  -0.0167024
 -0.00741325
  -0.0922335
   -0.181036
   -0.265031
   -0.345564
   -0.421939
   -0.494126
   -0.561629
   -0.623961
   -0.680706
   -0.731445
   -0.775885
   -0.813313
    -0.84345
   -0.865367
   -0.878729
    -0.88353
   -0.879588
   -0.867225
   -0.846482
   -0.817985
   -0.782073
   -0.739652
   -0.691298
   -0.635635
   -0.572806
   -0.503621
   -0.428394
   -0.348707
     -0.2652
    -0.17872
  -0.0900173
 -0.00121655
 -0.00265224
 -0.00391966
 -0.00513399
  -0.0062555
 -0.00729612
 -0.00836518
 -0.00956395
  -0.0110655
   -0.012832
  -0.0150127
  -0.0175067
  -0.0203944
  -0.0235905
  -0.0271152
  -0.0309536
  -0.0351076
  -0.0388198
  -0.0418231
  -0.0442169
  -0.0457498
  -0.0468684
  -0.0474371
  -0.0469802
  -0.0451856
  -0.0420178
  -0.0372705
  -0.0312504
  -0.0239939
  -0.0159905
 -0.00748953
  -0.0839883
   -0.166054
   -0.245105
    -0.32155
   -0.394667
   -0.464173
   -0.529471
   -0.589725
    -0.64433
   -0.692816
   -0.734709
   -0.769598
   -0.797135
   -0.816996
    -0.82894
   -0.833206
   -0.829724
   -0.818016
   -0.798012
    -0.77025
   -0.734981
   -0.693273
   -0.645713
   -0.591882
   -0.532179
    -0.46714
   -0.397226
    -0.32339
    -0.24625
   -0.166278
  -0.0841326
  0.00850609
   0.0147954
   0.0188543
   0.0213402
   0.0222203
   0.0219344
   0.0204541
   0.0179953
   0.0145595
    0.010359
  0.00545331
 1.48642e-05
 -0.00584112
  -0.0121199
  -0.0187161
  -0.0257077
  -0.0330158
  -0.0391891
  -0.0436715
  -0.0466408
  -0.0476343
  -0.0474637
  -0.0459471
  -0.0434405
  -0.0398974
  -0.0355101
  -0.0303793
  -0.0246441
   -0.018545
  -0.0122278
 -0.00599586
  -0.0778619
   -0.154968
    -0.23041
   -0.303685
   -0.374098
   -0.441207
   -0.504419
   -0.562684
   -0.615315
   -0.661869
   -0.701723
   -0.734732
   -0.760427
   -0.779009
   -0.790268
   -0.794649
     -0.7922
   -0.781705
   -0.763013
   -0.736556
   -0.702447
   -0.661811
   -0.615137
    -0.56284
   -0.505509
   -0.443402
   -0.377159
   -0.307191
   -0.234192
   -0.158378
  -0.0804423
   0.0115876
   0.0207534
   0.0272807
   0.0317628
   0.0342191
   0.0350297
   0.0343373
   0.0321794
   0.0287067
   0.0238375
   0.0176838
   0.0112499
  0.00492451
 -0.00141993
 -0.00745979
  -0.0137055
  -0.0199927
  -0.0255229
  -0.0299311
  -0.0331294
   -0.034889
  -0.0356143
  -0.0353269
  -0.0341847
  -0.0322997
  -0.0295132
  -0.0259072
  -0.0215055
  -0.0163912
  -0.0109228
 -0.00523213
  -0.0756616
   -0.149999
   -0.221965
   -0.291478
   -0.357796
    -0.42073
   -0.479691
   -0.534162
   -0.583583
   -0.627787
   -0.666312
   -0.698563
    -0.72409
    -0.74289
   -0.754733
   -0.759879
   -0.758344
   -0.749392
   -0.732982
     -0.7093
   -0.678484
   -0.641107
    -0.59756
   -0.548155
    -0.49342
    -0.43368
    -0.36955
   -0.301439
    -0.23001
   -0.155519
  -0.0786442
   0.0104691
   0.0188333
   0.0248457
   0.0290944
   0.0316646
    0.032835
     0.03286
   0.0315069
   0.0289858
   0.0248281
   0.0191337
   0.0137159
  0.00919456
   0.0052512
  0.00233223
-0.000642092
 -0.00358268
 -0.00654484
 -0.00950476
  -0.0121785
  -0.0145899
  -0.0166653
  -0.0185235
  -0.0199495
  -0.0210411
  -0.0211134
  -0.0200912
  -0.0177996
  -0.0141303
 -0.00969664
   -0.004537
  -0.0731779
   -0.144472
   -0.212832
    -0.27866
   -0.341191
    -0.40046
   -0.455826
   -0.507212
   -0.554102
   -0.596523
   -0.634135
   -0.665904
   -0.691408
   -0.710451
   -0.722791
   -0.728498
   -0.727551
   -0.719685
   -0.704979
   -0.683416
   -0.655204
   -0.620423
   -0.579404
   -0.532376
   -0.479818
   -0.422138
   -0.359944
   -0.293676
   -0.224003
   -0.151248
  -0.0760654
  0.00691795
    0.013331
   0.0192184
   0.0236875
   0.0267163
   0.0290028
   0.0308285
   0.0317298
   0.0318955
   0.0305238
    0.027643
   0.0244139
    0.021176
   0.0181317
   0.0155042
   0.0127887
  0.00997336
  0.00693967
  0.00365338
 0.000399793
 -0.00278746
  -0.0058014
 -0.00861128
  -0.0111636
  -0.0134193
  -0.0147116
  -0.0148487
   -0.013697
  -0.0111069
 -0.00769356
 -0.00352504
  -0.0668996
   -0.132346
   -0.195428
   -0.256727
   -0.315649
   -0.372003
   -0.425242
   -0.475006
   -0.520796
   -0.562307
   -0.599162
   -0.630517
    -0.65599
   -0.675318
   -0.688273
   -0.694697
   -0.694541
   -0.687655
   -0.674143
    -0.65409
    -0.62774
   -0.595064
   -0.556357
   -0.511625
   -0.461219
   -0.405613
   -0.345299
   -0.280988
   -0.213305
   -0.143208
  -0.0714407
  0.00191926
  0.00534129
   0.0105223
   0.0150214
   0.0186499
   0.0224865
   0.0267807
   0.0307647
   0.0345143
   0.0367856
   0.0374007
   0.0367002
   0.0346479
   0.0319777
   0.0287496
    0.025177
   0.0212924
    0.017075
   0.0125589
  0.00810743
   0.0038576
-5.83907e-05
 -0.00348887
 -0.00661311
 -0.00933129
  -0.0110913
  -0.0116634
  -0.0110191
 -0.00900101
 -0.00622167
 -0.00275585
  -0.0606529
   -0.120196
    -0.17784
   -0.234265
   -0.288981
   -0.341544
    -0.39149
   -0.438217
   -0.481294
   -0.520155
   -0.554445
   -0.583561
   -0.607202
   -0.625071
   -0.636994
   -0.642623
   -0.641911
   -0.634853
   -0.621598
   -0.602361
   -0.577463
   -0.546833
     -0.5108
   -0.469227
   -0.422383
   -0.370804
    -0.31483
   -0.255351
   -0.192833
   -0.128713
  -0.0636695
  0.00063086
  0.00304821
  0.00752918
   0.0118444
   0.0157161
   0.0196501
   0.0236087
   0.0274885
    0.031222
   0.0341301
   0.0360588
    0.036872
   0.0365294
   0.0352635
   0.0331301
   0.0302976
   0.0268323
   0.0228951
   0.0185928
    0.014347
   0.0103602
  0.00670164
  0.00354587
 0.000750305
 -0.00157591
 -0.00322791
 -0.00408217
 -0.00424648
  -0.0037201
 -0.00268806
 -0.00125986
  -0.0537692
   -0.107359
   -0.160323
   -0.212258
    -0.26266
   -0.310788
   -0.356137
   -0.398226
   -0.436653
   -0.471015
   -0.501033
    -0.52629
   -0.546586
   -0.561518
   -0.570941
   -0.574472
   -0.572051
   -0.563793
   -0.549819
   -0.530391
   -0.505775
   -0.476209
    -0.44203
    -0.40358
   -0.361217
   -0.315385
   -0.266442
   -0.215071
   -0.161679
   -0.107514
  -0.0531394
  0.00041217
   0.0025866
  0.00670109
   0.0107504
   0.0143735
   0.0174968
   0.0198522
   0.0221467
   0.0243318
   0.0264861
   0.0286321
   0.0302621
   0.0313701
   0.0316321
   0.0310312
   0.0295917
   0.0273395
   0.0245618
   0.0213925
   0.0182709
   0.0154281
   0.0128368
   0.0106696
  0.00880891
  0.00735136
  0.00612427
  0.00512143
  0.00409122
  0.00288851
  0.00179973
 0.000728272
  -0.0454232
  -0.0915347
   -0.138176
   -0.183907
   -0.228264
   -0.270273
    -0.30942
   -0.345361
   -0.377735
   -0.406302
   -0.430869
   -0.451225
   -0.467301
    -0.47864
   -0.485178
   -0.486548
   -0.482709
    -0.47391
   -0.460239
   -0.441984
   -0.419319
   -0.392717
   -0.362442
    -0.32921
   -0.293367
   -0.255176
   -0.214929
   -0.173033
   -0.129784
  -0.0861967
  -0.0427208
 -0.00125892
-0.000769016
  0.00160739
   0.0044316
  0.00743416
    0.010305
   0.0128435
   0.0153421
    0.017761
   0.0202043
   0.0226649
   0.0249361
   0.0269831
   0.0284898
   0.0294084
   0.0296394
   0.0291835
   0.0282136
   0.0268245
   0.0252944
   0.0237669
   0.0222638
   0.0208723
   0.0195635
   0.0183647
   0.0168331
   0.0148556
   0.0124005
  0.00933887
  0.00610689
  0.00270478
  -0.0382618
  -0.0769756
   -0.116077
   -0.154286
   -0.191247
   -0.226045
    -0.25824
     -0.2874
   -0.313182
   -0.335423
   -0.353937
   -0.368689
   -0.379632
   -0.386596
   -0.389583
   -0.388512
   -0.383426
   -0.374593
   -0.362142
   -0.346344
   -0.327379
   -0.305676
   -0.281478
   -0.255414
    -0.22778
   -0.198519
   -0.167802
   -0.135764
    -0.10252
   -0.068621
  -0.0342769
 -0.00303939
 -0.00442179
 -0.00396872
 -0.00246094
-6.82201e-06
  0.00288382
  0.00605462
   0.0092756
   0.0124162
   0.0155092
   0.0184777
   0.0214458
   0.0243961
   0.0270896
   0.0294968
   0.0314226
   0.0328474
   0.0338094
   0.0343353
   0.0345075
   0.0343541
   0.0339319
   0.0332307
   0.0323086
   0.0311287
   0.0289976
   0.0257257
   0.0215426
   0.0163615
   0.0107668
  0.00484959
  -0.0302557
  -0.0609213
  -0.0919957
   -0.122357
   -0.151773
   -0.179422
   -0.204979
    -0.22796
   -0.248059
    -0.26519
   -0.279152
   -0.290043
   -0.297779
   -0.302401
   -0.303903
   -0.302414
   -0.298002
   -0.290893
   -0.281193
   -0.269079
   -0.254662
   -0.238252
   -0.220021
   -0.200476
   -0.179866
   -0.157869
   -0.134598
   -0.109986
  -0.0840531
  -0.0569756
  -0.0288087
 -0.00306971
 -0.00488492
 -0.00518795
 -0.00447181
 -0.00277685
-0.000432137
  0.00242154
  0.00555734
   0.0088313
   0.0121747
   0.0154902
   0.0188728
   0.0222804
   0.0256437
   0.0289232
   0.0320094
   0.0348678
   0.0374715
   0.0398055
    0.041496
   0.0424509
   0.0426807
   0.0420739
   0.0407401
     0.03859
   0.0354079
   0.0311093
    0.025876
   0.0197559
   0.0131221
  0.00614466
  -0.0231871
  -0.0466071
  -0.0702396
  -0.0932579
   -0.115486
   -0.136457
   -0.155953
   -0.173681
   -0.189422
   -0.203103
   -0.214561
   -0.223856
   -0.230896
   -0.235618
    -0.23798
   -0.238139
   -0.236155
   -0.232373
     -0.2269
    -0.21954
   -0.210293
   -0.199196
   -0.186261
   -0.171679
   -0.155523
   -0.137831
   -0.118683
  -0.0979348
  -0.0755884
  -0.0517321
   -0.026417
 -0.00184258
 -0.00304761
 -0.00332945
 -0.00293018
 -0.00181894
-9.50538e-05
  0.00218055
  0.00486821
  0.00787422
   0.0110677
   0.0143486
   0.0177763
   0.0212806
   0.0249653
    0.028784
   0.0327204
   0.0367232
   0.0406937
   0.0445592
   0.0474653
   0.0491881
   0.0496937
   0.0487897
   0.0466759
   0.0432712
   0.0389183
    0.033684
   0.0277007
   0.0211277
   0.0140735
  0.00673063
     -0.0175
  -0.0353104
  -0.0534136
  -0.0712676
   -0.088716
   -0.105584
   -0.121688
   -0.136845
   -0.150846
   -0.163561
   -0.174805
   -0.184559
   -0.192686
   -0.198975
   -0.203308
   -0.205828
   -0.206537
   -0.205858
   -0.203894
   -0.200106
   -0.194438
   -0.186711
   -0.176846
   -0.164772
   -0.150433
   -0.134251
   -0.116318
  -0.0964823
  -0.0748108
  -0.0513887
  -0.0263407
 -0.00174221
 -0.00306686
 -0.00373776
 -0.00383431
 -0.00326381
 -0.00202107
-7.85248e-05
  0.00246186
  0.00556834
  0.00903125
   0.0127481
   0.0166841
   0.0207395
    0.025015
   0.0294487
   0.0338862
   0.0381946
   0.0422937
   0.0460139
   0.0488359
   0.0505384
    0.051033
   0.0501815
   0.0480058
    0.044472
   0.0399153
   0.0344422
   0.0282444
   0.0214872
   0.0143272
  0.00695152
  -0.0129279
  -0.0267168
  -0.0413682
  -0.0564881
  -0.0719596
  -0.0875959
   -0.103233
    -0.11857
   -0.133386
   -0.147303
   -0.160081
   -0.171728
   -0.182065
   -0.190746
   -0.197551
   -0.202623
   -0.205874
   -0.207447
   -0.207335
   -0.205135
   -0.200772
   -0.194088
   -0.185008
   -0.173369
   -0.159104
   -0.142465
   -0.123512
   -0.102338
  -0.0790644
  -0.0540151
  -0.0274221
 -0.00224135
 -0.00414873
 -0.00550552
 -0.00622466
 -0.00616264
  -0.0052349
 -0.00335408
-0.000618769
  0.00296494
  0.00706836
   0.0115439
   0.0162169
   0.0209165
   0.0257012
   0.0304725
   0.0349321
   0.0388911
   0.0423488
    0.045126
    0.047158
   0.0483143
   0.0485024
   0.0476568
   0.0455967
   0.0422894
   0.0379884
   0.0327829
   0.0268888
   0.0204537
   0.0136784
  0.00673729
  -0.0118482
  -0.0249331
  -0.0392072
  -0.0543286
  -0.0701525
  -0.0864491
   -0.103067
   -0.119612
    -0.13587
   -0.151259
   -0.165503
    -0.17864
   -0.190463
   -0.200517
   -0.208512
    -0.21461
   -0.218681
   -0.220641
   -0.220443
    -0.21788
   -0.212922
     -0.2055
   -0.195607
   -0.183046
   -0.167779
   -0.149915
   -0.129475
   -0.106769
  -0.0819429
  -0.0555352
   -0.027861
 -0.00276872
 -0.00486234
 -0.00603272
  -0.0066836
 -0.00674149
 -0.00603743
 -0.00452015
 -0.00176059
  0.00232867
  0.00704607
   0.0122372
   0.0175614
   0.0227948
   0.0279271
   0.0327929
   0.0372733
   0.0412004
   0.0444532
   0.0468749
   0.0485772
   0.0494823
   0.0495838
   0.0488422
   0.0469754
   0.0439218
   0.0398257
   0.0347182
    0.028742
   0.0219666
   0.0147006
  0.00707363
  -0.0137276
  -0.0290458
  -0.0458628
   -0.063213
  -0.0807943
  -0.0985061
    -0.11614
   -0.133497
   -0.150368
   -0.166351
    -0.18122
   -0.194746
   -0.206714
   -0.216767
   -0.224664
    -0.23027
   -0.233415
   -0.234028
   -0.232035
   -0.227493
   -0.220433
   -0.210961
   -0.199165
   -0.185021
   -0.168591
   -0.149851
    -0.12885
   -0.105725
  -0.0805786
  -0.0541366
  -0.0267105
 -0.00285374
 -0.00466696
 -0.00517577
 -0.00533475
 -0.00518809
 -0.00450776
 -0.00327987
 -0.00051561
  0.00399192
  0.00918386
   0.0149236
    0.020732
   0.0263607
   0.0317564
   0.0367088
   0.0413013
   0.0453884
   0.0487045
   0.0510814
   0.0527615
   0.0536843
   0.0539055
   0.0533918
   0.0517477
   0.0488711
   0.0447879
   0.0394659
   0.0329762
   0.0253248
   0.0169602
  0.00801211
  -0.0165344
  -0.0347074
  -0.0543943
  -0.0740599
  -0.0932714
   -0.112048
   -0.130108
   -0.147429
   -0.163797
   -0.179013
    -0.19294
   -0.205157
    -0.21552
    -0.22385
   -0.230029
   -0.233712
    -0.23475
   -0.233106
   -0.228689
   -0.221794
   -0.212486
   -0.201029
   -0.187594
   -0.172334
   -0.155439
   -0.136814
   -0.116586
   -0.094767
  -0.0714196
  -0.0473886
  -0.0228683
 -0.00212867
 -0.00280565
  -0.0016787
-0.000153772
  0.00170331
   0.0038967
   0.0063918
  0.00989802
   0.0144908
   0.0196185
   0.0251198
   0.0307266
   0.0362222
   0.0415047
    0.046382
    0.050803
   0.0545961
   0.0574963
    0.059307
   0.0601786
   0.0600071
   0.0590046
   0.0571232
   0.0543046
   0.0505078
     0.04562
   0.0396513
   0.0327268
   0.0249428
   0.0166534
  0.00806548
  -0.0195419
  -0.0401231
  -0.0615614
  -0.0826119
    -0.10287
    -0.12211
    -0.14002
   -0.156461
   -0.171207
   -0.184132
   -0.195115
   -0.204004
   -0.210742
   -0.215363
   -0.217877
   -0.218168
   -0.216226
   -0.211957
   -0.205321
   -0.196471
   -0.185446
   -0.172601
   -0.158085
   -0.142191
   -0.125123
    -0.10717
  -0.0885669
  -0.0697498
  -0.0509467
  -0.0328493
  -0.0156664
-0.000668385
 0.000563402
   0.0041379
  0.00819442
   0.0126252
   0.0171622
   0.0216624
   0.0264798
   0.0315289
      0.0368
   0.0421405
   0.0475323
   0.0528138
    0.057841
   0.0624339
   0.0663821
   0.0694711
   0.0714302
    0.072029
   0.0713217
   0.0691766
    0.066003
   0.0617969
   0.0569177
   0.0514544
   0.0452074
   0.0382696
   0.0308414
   0.0231041
   0.0152723
  0.00756304
  -0.0212674
  -0.0427821
  -0.0642765
  -0.0848318
   -0.104132
   -0.121798
   -0.137566
   -0.151251
   -0.162661
   -0.171764
   -0.178466
   -0.182867
   -0.184991
   -0.185072
   -0.183243
   -0.179626
   -0.174376
   -0.167393
   -0.158752
   -0.148529
   -0.136783
   -0.123977
   -0.110222
  -0.0958847
  -0.0810859
   -0.066341
  -0.0518533
   -0.038349
  -0.0261315
  -0.0156959
 -0.00727387
  0.00482763
   0.0102868
    0.016615
   0.0230847
    0.029573
   0.0359618
   0.0421048
   0.0481427
   0.0539616
   0.0594886
   0.0645544
   0.0691491
   0.0730763
    0.076415
   0.0789902
   0.0808356
   0.0818002
   0.0816565
   0.0802491
   0.0775956
   0.0736517
   0.0687964
   0.0631304
   0.0570208
   0.0506474
   0.0436892
   0.0362721
   0.0286903
   0.0211558
     0.01385
  0.00697449
  -0.0225853
  -0.0438875
  -0.0634636
  -0.0812109
  -0.0969171
   -0.110506
   -0.121867
   -0.130913
   -0.137569
     -0.1418
   -0.143571
   -0.143015
   -0.140182
    -0.13548
   -0.129071
   -0.121232
    -0.11217
   -0.102083
  -0.0911755
  -0.0797758
  -0.0681021
   -0.056705
  -0.0458192
  -0.0357242
   -0.026569
  -0.0182694
  -0.0109353
 -0.00514771
 -0.00111482
 0.000904995
  0.00081236
   0.0117745
     0.02267
   0.0326225
    0.042081
   0.0509608
   0.0593595
   0.0671772
   0.0743697
    0.080796
   0.0862816
   0.0906119
   0.0937664
    0.095523
   0.0962297
   0.0957801
   0.0945367
   0.0924893
   0.0895167
   0.0855874
   0.0807081
   0.0749226
   0.0685466
   0.0617387
   0.0548049
    0.047959
   0.0407133
   0.0331946
   0.0257741
   0.0186912
   0.0121071
  0.00622807
   -0.021671
  -0.0406482
  -0.0563492
  -0.0694976
  -0.0799968
  -0.0880949
  -0.0938655
  -0.0973646
  -0.0986867
  -0.0978419
  -0.0948929
  -0.0900271
  -0.0833123
  -0.0752956
  -0.0661109
  -0.0561105
  -0.0454488
  -0.0344968
  -0.0234456
  -0.0127434
 -0.00265864
   0.0062394
   0.0136185
   0.0192609
   0.0229225
   0.0251757
   0.0259201
    0.024664
   0.0212605
   0.0156776
  0.00794662
   0.0181429
   0.0341629
   0.0477145
     0.05988
   0.0705382
    0.079977
   0.0880774
   0.0949896
    0.100589
    0.104849
    0.107622
    0.108936
    0.108678
    0.107138
    0.104324
     0.10063
   0.0961568
   0.0910126
   0.0853022
    0.078807
   0.0716086
   0.0639838
   0.0560895
   0.0482879
   0.0407966
   0.0334118
   0.0263262
   0.0197853
   0.0140604
  0.00905762
  0.00493524
  -0.0182284
  -0.0328034
  -0.0431032
  -0.0503258
  -0.0544273
  -0.0559686
  -0.0551079
  -0.0522871
  -0.0477224
  -0.0417179
  -0.0344774
  -0.0262871
  -0.0173384
 -0.00803918
  0.00141347
   0.0107916
    0.019931
   0.0286938
   0.0369596
   0.0446111
   0.0514676
    0.057028
   0.0610049
   0.0630913
   0.0630282
   0.0609469
   0.0566751
   0.0498167
   0.0402081
   0.0281705
   0.0137957
   0.0238482
   0.0443166
   0.0607616
   0.0748641
   0.0864507
   0.0960083
     0.10343
    0.109122
     0.11304
     0.11537
    0.116084
    0.115283
    0.112969
    0.109345
     0.10449
   0.0987733
   0.0923646
    0.085566
   0.0785866
   0.0709497
   0.0627573
   0.0542473
   0.0455886
   0.0372302
   0.0294312
   0.0223202
   0.0161775
   0.0111133
  0.00740879
   0.0046766
  0.00299329
  -0.0128888
  -0.0216588
  -0.0258152
  -0.0270824
  -0.0254673
  -0.0217804
  -0.0161647
 -0.00929982
 -0.00136555
  0.00721894
   0.0162729
   0.0255598
   0.0348747
   0.0440041
    0.052716
   0.0608953
   0.0683334
   0.0750597
   0.0809491
   0.0861288
   0.0904455
   0.0934299
   0.0948259
   0.0942456
   0.0914445
   0.0861718
     0.07822
   0.0673079
   0.0532445
   0.0366599
    0.017642
   0.0256928
   0.0475279
   0.0645805
    0.078787
   0.0899264
   0.0986191
    0.104815
    0.108934
    0.111013
    0.111343
    0.109999
    0.107231
    0.103162
   0.0978967
   0.0915978
   0.0845651
   0.0770253
   0.0692352
   0.0614388
   0.0533864
   0.0452609
   0.0372575
   0.0296229
   0.0225836
   0.0164069
   0.0111448
  0.00702262
  0.00406428
  0.00240328
   0.0015548
  0.00140619
  -0.0030974
 -0.00335045
-0.000556191
  0.00381185
  0.00961004
   0.0161725
   0.0232968
   0.0306318
    0.038026
      0.0455
   0.0530126
   0.0607383
   0.0687009
   0.0765329
   0.0841137
   0.0912158
    0.097676
    0.103405
    0.108271
    0.112222
    0.115097
    0.116439
    0.115983
    0.113231
    0.107861
    0.099876
   0.0890382
    0.075394
   0.0587747
   0.0399584
   0.0190632
   0.0249716
   0.0458051
   0.0613676
   0.0738744
   0.0830609
   0.0896698
   0.0936849
   0.0955046
   0.0952144
   0.0931764
   0.0895487
   0.0847187
   0.0789259
    0.072168
   0.0646906
   0.0567191
   0.0485356
   0.0403468
    0.032443
   0.0248341
   0.0177972
   0.0114758
  0.00616187
  0.00179618
 -0.00141874
 -0.00359099
 -0.00461471
 -0.00458973
 -0.00354724
 -0.00205337
 -0.00037473
  0.00404561
  0.00974515
   0.0171212
   0.0250842
   0.0334621
   0.0418068
   0.0498738
   0.0575791
   0.0646992
   0.0715374
   0.0780421
   0.0846562
   0.0915387
   0.0981456
    0.104464
    0.110181
     0.11521
    0.119388
    0.122637
      0.1248
     0.12579
    0.125237
    0.122946
    0.118378
    0.111173
    0.101588
   0.0893354
   0.0747375
   0.0575882
   0.0387322
   0.0182317
   0.0193699
    0.035182
   0.0462701
   0.0547127
   0.0602907
   0.0637548
   0.0651974
   0.0648371
    0.062861
   0.0595328
   0.0551109
   0.0499184
   0.0442699
    0.038058
   0.0315671
   0.0249701
   0.0185711
   0.0125276
  0.00711667
  0.00226381
 -0.00182316
  -0.0051153
 -0.00746792
 -0.00896211
 -0.00957504
 -0.00942825
 -0.00860611
 -0.00717592
 -0.00531896
 -0.00328026
 -0.00132909
  0.00762575
   0.0157898
   0.0243669
   0.0331891
   0.0422288
   0.0515023
   0.0610018
   0.0703255
   0.0793181
   0.0876492
    0.095132
    0.101896
    0.107905
    0.113148
    0.117609
    0.121164
    0.123751
     0.12514
    0.125225
    0.124084
    0.121653
    0.117927
    0.112816
    0.106134
   0.0976977
   0.0876957
   0.0759595
   0.0627311
   0.0478812
   0.0320204
   0.0151955
    0.010939
   0.0190606
   0.0232848
   0.0256192
    0.025939
   0.0250306
   0.0231096
   0.0202112
    0.016612
     0.01245
  0.00805232
  0.00363408
-0.000457497
 -0.00447806
 -0.00815164
  -0.0114087
  -0.0139832
  -0.0158376
  -0.0167935
  -0.0171092
  -0.0167361
  -0.0158308
  -0.0144448
  -0.0126944
  -0.0107342
 -0.00867117
 -0.00673682
 -0.00489845
 -0.00340487
 -0.00207971
 -0.00110669
   0.0106832
    0.020911
   0.0303785
   0.0397195
   0.0489364
     0.05841
   0.0683338
    0.078053
   0.0875769
   0.0960888
    0.103389
    0.109384
    0.113892
    0.117423
    0.119944
    0.121504
    0.122055
    0.121295
    0.119074
    0.115658
    0.110955
    0.105248
   0.0984925
   0.0907862
   0.0820723
   0.0724429
    0.061834
    0.050404
   0.0381097
   0.0253506
   0.0122002
-6.54036e-05
-0.000853903
 -0.00299425
 -0.00563778
 -0.00876856
  -0.0120753
   -0.015339
  -0.0188345
  -0.0223726
  -0.0259918
  -0.0295122
  -0.0325711
  -0.0349522
  -0.0368241
  -0.0380443
  -0.0386014
  -0.0383858
  -0.0373842
    -0.03557
  -0.0331283
  -0.0301333
  -0.0267495
  -0.0231141
  -0.0193875
  -0.0157568
  -0.0123364
 -0.00932623
 -0.00669096
  -0.0045852
 -0.00280997
 -0.00142723
   0.0130654
   0.0254949
   0.0369728
   0.0477482
   0.0576842
   0.0668403
   0.0751991
    0.082791
   0.0896334
   0.0955187
    0.100378
    0.104131
    0.106662
     0.10827
    0.108909
    0.108676
    0.107537
    0.105399
    0.102185
    0.098091
   0.0930769
   0.0873487
   0.0809049
   0.0738321
   0.0661318
   0.0578752
   0.0490653
   0.0398079
   0.0301196
   0.0201387
  0.00992686
  -0.0114114
  -0.0211569
  -0.0293125
  -0.0362095
  -0.0417466
  -0.0461837
  -0.0493983
  -0.0520749
  -0.0542055
  -0.0560846
  -0.0577435
  -0.0587081
  -0.0589221
  -0.0584775
   -0.057376
  -0.0556636
  -0.0533777
  -0.0504974
  -0.0471003
  -0.0432269
  -0.0389974
  -0.0345035
  -0.0298924
  -0.0253059
  -0.0209084
  -0.0167851
  -0.0130812
 -0.00976449
 -0.00692188
 -0.00439425
 -0.00218976
   0.0139951
    0.027162
   0.0392288
    0.050186
   0.0598682
   0.0681079
   0.0747131
   0.0803529
   0.0849932
   0.0889501
   0.0922221
   0.0946999
    0.096308
   0.0971144
   0.0970381
   0.0961966
   0.0945276
   0.0921056
   0.0888858
   0.0849668
   0.0803376
   0.0751085
   0.0693065
   0.0629929
   0.0562159
   0.0490177
   0.0414638
    0.033611
   0.0255599
   0.0172502
  0.00880287
  -0.0152288
  -0.0286601
  -0.0401398
  -0.0499055
  -0.0579043
  -0.0643195
  -0.0691773
  -0.0729168
  -0.0756466
  -0.0775677
  -0.0787703
  -0.0790274
  -0.0783524
   -0.076839
  -0.0745308
  -0.0715114
  -0.0678399
  -0.0635954
   -0.058859
  -0.0536905
  -0.0481864
  -0.0424006
  -0.0364314
  -0.0304163
  -0.0244651
  -0.0187758
  -0.0134869
 -0.00917519
 -0.00611724
 -0.00373061
 -0.00211196
   0.0133591
   0.0251005
   0.0347428
   0.0432338
   0.0504826
   0.0567162
     0.06187
   0.0663737
   0.0702181
   0.0736008
   0.0765165
   0.0789159
   0.0807478
   0.0820334
   0.0827123
   0.0828135
   0.0822827
   0.0810966
   0.0792047
   0.0766351
   0.0733696
   0.0694629
   0.0649448
   0.0598401
   0.0542091
    0.048033
   0.0413807
   0.0340743
   0.0261205
   0.0176984
  0.00892709
  -0.0150491
  -0.0286839
  -0.0407257
  -0.0513647
  -0.0605875
  -0.0684226
  -0.0749458
  -0.0802178
  -0.0843433
  -0.0873179
  -0.0892065
  -0.0899793
  -0.0896701
  -0.0883308
  -0.0860013
  -0.0827625
  -0.0786606
  -0.0738561
  -0.0684214
  -0.0624385
  -0.0559833
  -0.0490829
  -0.0418023
  -0.0343014
  -0.0266738
  -0.0192858
  -0.0123326
  -0.0070721
 -0.00400732
 -0.00211432
  -0.0015408
    0.012325
   0.0224057
   0.0296379
   0.0358849
    0.041076
   0.0457612
   0.0499496
   0.0537984
   0.0572959
   0.0604981
   0.0633734
   0.0659087
    0.068064
   0.0698148
   0.0711313
   0.0719776
    0.072332
   0.0721003
   0.0712425
     0.06972
   0.0674982
   0.0645512
   0.0609024
   0.0565645
   0.0516407
   0.0460991
   0.0400637
   0.0331842
   0.0254117
   0.0171582
  0.00850981
   -0.014924
   -0.028837
  -0.0415453
  -0.0529917
  -0.0630905
  -0.0718253
  -0.0791723
  -0.0851974
  -0.0899158
  -0.0933361
  -0.0954715
  -0.0963576
  -0.0960133
  -0.0944886
  -0.0918121
  -0.0880288
  -0.0831711
  -0.0774829
  -0.0710477
  -0.0639616
  -0.0563284
  -0.0487096
  -0.0413716
  -0.0339372
  -0.0265846
  -0.0195912
  -0.0132223
  -0.0082225
 -0.00496758
 -0.00280187
 -0.00176496
  0.00824623
   0.0151596
   0.0203011
   0.0250162
   0.0292474
    0.033361
   0.0373578
    0.041276
   0.0450905
   0.0487405
   0.0521731
   0.0552452
   0.0578803
   0.0600584
   0.0617366
   0.0629753
   0.0637786
   0.0641474
   0.0640728
   0.0634699
   0.0622951
   0.0600174
    0.056476
   0.0520648
   0.0468533
   0.0410238
    0.034735
   0.0279878
    0.020904
   0.0137872
  0.00680574
  -0.0142941
  -0.0280991
  -0.0411762
  -0.0531747
  -0.0638985
  -0.0732658
  -0.0811437
  -0.0876175
  -0.0926226
  -0.0961935
  -0.0982942
  -0.0990198
  -0.0983727
  -0.0964042
  -0.0931374
  -0.0885898
  -0.0827929
  -0.0760929
  -0.0686087
  -0.0604804
  -0.0518773
  -0.0439393
  -0.0371423
  -0.0305253
  -0.0242902
  -0.0185392
  -0.0135092
 -0.00931193
 -0.00614318
 -0.00375432
 -0.00214404
  0.00484529
  0.00908865
   0.0124143
   0.0156354
   0.0187087
   0.0218328
   0.0250241
   0.0282371
   0.0314734
   0.0346029
   0.0375972
   0.0402313
   0.0424267
   0.0441881
   0.0454677
   0.0464164
   0.0470589
     0.04749
   0.0477479
   0.0477414
   0.0474765
    0.046003
   0.0430188
    0.039272
   0.0347535
   0.0297881
   0.0244875
   0.0191085
   0.0138613
  0.00888762
  0.00441186
  -0.0129609
  -0.0256422
  -0.0378329
  -0.0492506
  -0.0596948
  -0.0690278
  -0.0771066
  -0.0839091
  -0.0893575
  -0.0934346
  -0.0961051
  -0.0974087
  -0.0973547
  -0.0959836
  -0.0933389
   -0.089466
  -0.0844441
  -0.0785158
  -0.0718337
  -0.0645578
  -0.0568869
  -0.0495135
  -0.0427569
   -0.036192
  -0.0299443
  -0.0240711
  -0.0187001
  -0.0138843
  -0.0097248
 -0.00612519
 -0.00309476
  0.00274108
  0.00516095
  0.00712686
  0.00898847
   0.0107144
    0.012409
   0.0140742
   0.0156955
   0.0172745
   0.0187587
    0.020141
   0.0213225
   0.0222731
   0.0229914
   0.0234558
   0.0237329
   0.0238331
   0.0238055
   0.0236734
    0.023423
   0.0230782
   0.0222139
   0.0207072
   0.0188774
   0.0167107
   0.0143563
   0.0118521
  0.00930432
  0.00679581
  0.00438941
  0.00218679
 4.46764e-05
 8.85961e-05
  0.00013085
 0.000170826
 0.000207637
 0.000240929
 0.000270037
  0.00029495
 0.000315193
 0.000330836
 0.000341392
 0.000346878
 0.000346671
 0.000340792
 0.000328553
 0.000310301
 0.000285793
 0.000256187
 0.000222498
 0.000186892
 0.000151661
  0.00011868
 8.93983e-05
 6.38005e-05
 4.19654e-05
 2.34475e-05
 8.87046e-06
-1.47842e-06
-6.80997e-06
-7.71549e-06
-4.81248e-06
-5.21005e-05
-0.000104201
-5.88643e-05
-1.35275e-05
 5.33684e-06
 2.42012e-05
 2.33708e-05
 2.25404e-05
 7.53949e-06
-7.46144e-06
-2.99905e-05
-5.25195e-05
-5.92144e-05
-6.59093e-05
-5.94811e-05
-5.30528e-05
-5.04954e-05
 -4.7938e-05
 -8.0573e-05
-0.000113208
-0.000175829
-0.000238451
-0.000198861
-0.000159272
-0.000121858
-8.44439e-05
-4.44733e-05
-4.50269e-06
 2.06437e-05
   4.579e-05
  2.2895e-05
