   0.0980279
    0.195106
    0.290299
    0.382702
    0.471425
    0.555598
     0.63442
    0.707142
    0.773043
    0.831504
    0.881955
    0.923915
    0.956975
    0.980825
    0.995214
     1.00003
    0.995212
    0.980821
    0.956969
    0.923907
    0.881944
    0.831492
     0.77303
    0.707127
    0.634406
    0.555584
    0.471409
    0.382683
     0.29028
    0.195087
   0.0980187
    -0.70813
    -1.41163
    -2.10364
    -2.77738
    -3.42623
    -4.04382
    -4.62402
    -5.16113
    -5.64978
    -6.08512
    -6.46277
    -6.77894
    -7.03037
    -7.21451
    -7.32937
    -7.37371
    -7.34689
    -7.24904
    -7.08092
    -6.84402
    -6.54045
    -6.17304
    -5.74518
    -5.26093
    -4.72478
    -4.14178
    -3.51729
    -2.85805
    -2.17058
    -1.46057
   -0.734734
     0.09485
    0.188808
    0.280967
    0.370442
    0.456371
    0.537925
    0.614317
    0.684809
    0.748721
    0.805436
    0.854405
    0.895155
    0.927291
    0.950502
     0.96456
    0.969331
    0.964764
    0.950904
     0.92788
    0.895913
    0.855308
    0.806456
    0.749825
    0.685959
    0.615469
    0.539047
     0.45743
    0.371389
    0.281749
    0.189375
   0.0951546
   -0.689707
    -1.37499
    -2.04916
     -2.7056
    -3.33784
    -3.93967
    -4.50512
    -5.02861
    -5.50491
    -5.92929
    -6.29747
    -6.60576
    -6.85096
    -7.03059
    -7.14269
    -7.18606
    -7.16004
    -7.06477
    -6.90094
    -6.67001
      -6.374
    -6.01565
    -5.59819
    -5.12635
    -4.60477
    -4.03747
    -3.42965
    -2.78748
    -2.11716
    -1.42471
   -0.716709
   0.0916786
    0.182527
    0.271667
    0.358238
    0.441404
     0.52036
    0.594342
    0.662635
    0.724577
    0.779567
    0.827072
    0.866629
    0.897855
    0.920443
    0.934172
    0.938906
    0.934595
    0.921276
    0.899073
    0.868198
    0.828943
    0.781684
    0.726871
     0.66503
    0.596749
    0.522712
    0.443638
    0.360248
    0.273336
    0.183746
   0.0923347
   -0.672273
    -1.34031
    -1.99757
    -2.63757
    -3.25401
    -3.84081
    -4.39216
    -4.90262
    -5.36708
    -5.78094
    -6.14001
    -6.44069
    -6.67988
    -6.85513
    -6.96453
     -7.0069
    -6.98163
    -6.88883
    -6.72919
    -6.50415
    -6.21563
    -5.86624
    -5.45893
    -4.99904
    -4.49133
    -3.93888
    -3.34676
     -2.7207
    -2.06657
    -1.39073
   -0.699616
   0.0885634
    0.176349
    0.262507
    0.346205
    0.426633
    0.503011
    0.574599
    0.640702
    0.700678
    0.753944
    0.799979
    0.838335
    0.868635
    0.890581
    0.903953
    0.908615
    0.904513
    0.891677
    0.870219
    0.840327
    0.802271
    0.756429
     0.70323
    0.643146
    0.576716
    0.504739
    0.427924
    0.347084
    0.263048
    0.176679
   0.0889588
   -0.656204
    -1.30822
    -1.94959
    -2.57408
     -3.1755
    -3.74797
     -4.2858
    -4.78374
    -5.23677
    -5.64046
    -5.99069
    -6.28396
    -6.51723
    -6.68811
     -6.7947
    -6.83588
    -6.81101
    -6.72021
    -6.56407
    -6.34481
    -6.06456
    -5.72499
    -5.32902
     -4.8811
    -4.38562
    -3.84636
    -3.26836
    -2.65712
    -2.01842
    -1.35842
   -0.683431
   0.0854889
    0.170252
    0.253464
    0.334323
    0.412041
    0.485867
     0.55508
    0.619009
    0.677028
    0.728572
    0.773134
    0.810278
    0.839632
    0.860907
    0.873884
    0.878425
    0.874472
    0.862042
     0.84124
    0.812228
    0.775252
    0.730699
    0.678981
    0.620525
     0.55583
    0.485834
    0.411252
    0.333012
    0.251986
    0.169052
   0.0852973
   -0.641173
    -1.27819
    -1.90471
    -2.51472
    -3.10212
    -3.66125
    -4.18653
    -4.67284
    -5.11531
    -5.50961
    -5.85173
    -6.13826
    -6.36622
    -6.53327
    -6.63755
    -6.67799
    -6.65394
    -6.56542
    -6.41285
    -6.19909
     -5.9265
    -5.59589
    -5.21019
    -4.77309
    -4.28864
    -3.76134
    -3.19618
    -2.59847
    -1.97391
    -1.32849
   -0.668415
   0.0824318
    0.164191
    0.244476
    0.322513
    0.397538
    0.468823
    0.535668
    0.597422
    0.653473
    0.703271
    0.746316
    0.782175
    0.810482
    0.830926
    0.843276
    0.847374
    0.843122
    0.830614
    0.809927
    0.781298
    0.744972
     0.70138
    0.650953
    0.594185
    0.531644
    0.464157
     0.39248
    0.317484
    0.240053
    0.161002
   0.0814263
   -0.626855
    -1.24966
    -1.86219
    -2.45859
    -3.03291
    -3.57962
    -4.09325
     -4.5688
    -5.00145
    -5.38704
    -5.72162
    -6.00189
     -6.2249
     -6.3884
    -6.49055
    -6.53086
    -6.50889
      -6.424
    -6.27662
    -6.06871
    -5.80229
    -5.47893
    -5.10154
    -4.67367
    -4.19932
    -3.68295
    -3.12946
    -2.54411
    -1.93251
    -1.30054
   -0.654324
   0.0793764
    0.158134
    0.235493
    0.310708
    0.383033
    0.451764
    0.516217
    0.575759
    0.629791
    0.677769
    0.719202
    0.753656
    0.780761
    0.800188
     0.81169
     0.81509
    0.810264
    0.797392
    0.776548
     0.74806
    0.712198
    0.669457
    0.620303
     0.56531
     0.50511
    0.440402
    0.371962
    0.300571
    0.227106
    0.152295
   0.0772348
   -0.613638
    -1.22329
    -1.82286
    -2.40667
    -2.96889
    -3.50415
    -4.00707
    -4.47275
    -4.89646
    -5.27416
    -5.60199
     -5.8767
    -6.09536
    -6.25576
    -6.35598
    -6.39603
    -6.37569
    -6.29372
    -6.15067
    -5.94767
    -5.68649
    -5.36943
    -4.99941
    -4.57986
    -4.11474
    -3.60845
    -3.06584
    -2.49211
    -1.89278
    -1.27365
   -0.640728
   0.0763146
    0.152059
    0.226473
    0.298824
    0.368383
    0.434454
    0.496364
     0.55347
     0.60517
     0.65091
    0.690174
    0.722556
    0.747639
     0.76536
    0.775523
    0.777929
    0.772507
     0.75941
     0.73877
    0.710892
    0.676096
     0.63484
    0.587624
    0.534996
    0.477597
    0.416075
    0.351178
    0.283641
    0.214294
    0.143756
   0.0730475
   -0.601031
    -1.19818
    -1.78543
    -2.35732
    -2.90811
    -3.43257
    -3.92544
    -4.38195
    -4.79747
      -5.168
    -5.48973
    -5.75978
    -5.97541
    -6.13396
    -6.23357
    -6.27359
    -6.25361
    -6.17299
    -6.03232
    -5.83275
    -5.57605
    -5.26453
     -4.9011
    -4.48917
    -4.03265
    -3.53589
    -3.00367
    -2.44113
    -1.85372
    -1.24713
   -0.627287
    0.073126
    0.145731
    0.217066
    0.286407
     0.35303
    0.416244
    0.475376
    0.529775
     0.57883
    0.621981
    0.658695
    0.688613
    0.711297
    0.726985
    0.735563
    0.736827
    0.730772
    0.717524
    0.697265
    0.670257
    0.636858
    0.597462
    0.552579
    0.502711
    0.448487
    0.390495
    0.329447
     0.26603
    0.201023
    0.134938
   0.0687281
   -0.589427
    -1.17501
    -1.75086
    -2.31167
    -2.85183
    -3.36621
    -3.84966
     -4.2975
    -4.70519
    -5.06873
    -5.38435
    -5.64949
    -5.86162
     -6.0177
    -6.11599
    -6.15528
    -6.13498
    -6.05511
    -5.91624
    -5.71958
    -5.46689
    -5.16051
    -4.80331
    -4.39868
     -3.9505
    -3.46308
    -2.94114
    -2.38974
    -1.81425
    -1.22028
   -0.613652
   0.0695129
     0.13852
    0.206252
    0.271988
    0.334977
    0.394578
    0.450088
    0.501041
    0.546863
    0.587037
     0.62109
    0.648743
    0.669675
    0.683944
    0.691475
    0.692151
    0.686016
    0.673179
    0.653849
    0.628257
    0.596759
    0.559744
    0.517709
     0.47108
    0.420446
    0.366316
    0.309338
    0.250081
    0.189221
    0.127192
    0.064792
   -0.578071
    -1.15245
    -1.71742
    -2.26769
    -2.79781
    -3.30269
    -3.77731
    -4.21703
    -4.61741
    -4.97439
    -5.28427
    -5.54418
    -5.75152
    -5.90371
    -5.99908
    -6.03649
     -6.0154
    -5.93584
    -5.79845
    -5.60444
    -5.35557
    -5.05419
    -4.70315
    -4.30582
    -3.86603
    -3.38807
    -2.87658
    -2.33658
    -1.77335
    -1.19242
   -0.599526
   0.0652416
    0.130008
    0.193506
    0.255014
    0.313761
    0.369171
    0.420532
    0.467593
     0.50984
    0.546827
    0.578149
     0.60361
    0.622997
    0.636147
    0.642998
    0.643503
    0.637742
    0.625793
     0.60788
    0.584191
    0.555073
    0.520892
     0.48213
    0.439116
    0.392389
    0.342363
    0.289614
    0.234584
    0.177844
    0.119772
   0.0610248
   -0.567077
    -1.13049
    -1.68468
    -2.22438
    -2.74425
     -3.2393
    -3.70462
    -4.13564
    -4.52807
    -4.87778
    -5.18124
     -5.4353
    -5.63734
    -5.78521
    -5.87731
    -5.91258
    -5.89053
    -5.81123
    -5.67534
    -5.48408
    -5.23923
    -4.94311
    -4.59856
    -4.20891
    -3.77795
     -3.3099
    -2.80936
    -2.28126
    -1.73082
    -1.16346
   -0.584837
   0.0591361
    0.118131
    0.176194
    0.232649
    0.286799
    0.337841
    0.385078
    0.428422
    0.467431
    0.501684
    0.530851
    0.554696
    0.573044
    0.585699
     0.59261
    0.593722
    0.589124
    0.578843
    0.563084
    0.541985
    0.515853
    0.484971
    0.449742
    0.410463
    0.367583
    0.321464
     0.27258
     0.22132
    0.168156
    0.113439
   0.0576988
   -0.556269
    -1.10874
      -1.652
     -2.1808
    -2.68993
    -3.17447
    -3.62963
     -4.0509
     -4.4341
    -4.77531
    -5.07106
    -5.31834
     -5.5146
    -5.65781
    -5.74643
    -5.77948
    -5.75651
    -5.67763
    -5.54352
    -5.35542
    -5.11509
    -4.82483
    -4.48745
    -4.10622
    -3.68488
    -3.22757
    -2.73879
    -2.22339
    -1.68647
    -1.13334
   -0.569542
   0.0518296
    0.103955
    0.155638
    0.206272
    0.255254
    0.301545
     0.34445
    0.384029
    0.419902
    0.451652
    0.479003
    0.501659
    0.519469
    0.532191
    0.539775
    0.542138
    0.539356
    0.531383
    0.518384
    0.500425
    0.477753
    0.450547
    0.419121
    0.383731
    0.344736
    0.302451
    0.257258
    0.209512
      0.1596
    0.107874
   0.0547537
     -0.5444
     -1.0848
    -1.61599
    -2.13274
    -2.62999
    -3.10292
    -3.54687
    -3.95747
    -4.33062
     -4.6626
    -4.95008
    -5.19014
    -5.38032
     -5.5187
    -5.60382
    -5.63475
    -5.61111
    -5.53303
    -5.40121
    -5.21687
    -4.98178
    -4.69819
    -4.36886
    -3.99699
    -3.58624
    -3.14062
    -2.66453
    -2.16268
    -1.64007
    -1.10188
    -0.55358
   0.0438587
    0.088516
    0.133339
    0.177686
    0.220997
    0.262442
    0.301462
    0.337814
    0.371145
    0.401018
     0.42716
    0.449235
    0.467068
    0.480392
     0.48912
    0.493119
    0.492396
    0.486884
    0.476671
    0.461789
    0.442402
    0.418644
    0.390744
    0.358919
    0.323452
    0.284625
    0.242757
    0.198218
    0.151372
     0.10249
   0.0519374
   -0.531172
    -1.05803
    -1.57552
    -2.07862
    -2.56246
    -3.02234
    -3.45379
    -3.85257
    -4.21476
    -4.53677
    -4.81538
    -5.04782
    -5.23172
    -5.36522
    -5.44695
    -5.47602
    -5.45211
    -5.37538
    -5.24652
    -5.06676
    -4.83784
    -4.56197
    -4.24186
    -3.88063
    -3.48185
     -3.0493
    -2.58726
    -2.10007
     -1.5925
    -1.06976
    -0.53705
   0.0355045
   0.0723415
    0.110008
    0.147845
    0.185362
    0.221967
     0.25724
    0.290608
    0.321718
    0.350088
    0.375427
    0.397338
    0.415599
    0.429908
    0.440119
    0.446035
    0.447589
    0.444683
    0.437325
     0.42552
    0.409349
    0.388912
    0.364364
    0.335891
    0.303711
    0.268087
    0.229288
    0.187711
    0.143707
   0.0974661
   0.0492948
   -0.516072
    -1.02757
    -1.52963
    -2.01747
     -2.4864
     -2.9319
    -3.34965
    -3.73559
    -4.08593
    -4.39724
    -4.66643
     -4.8908
    -5.06813
     -5.1966
    -5.27492
    -5.30224
    -5.27829
    -5.20322
    -5.07776
    -4.90309
    -4.68093
    -4.41344
    -4.10328
    -3.75349
    -3.36757
    -2.94911
    -2.50225
    -2.03102
    -1.53997
    -1.03427
   -0.518841
   0.0285064
   0.0586722
   0.0901505
    0.122336
    0.154833
    0.187072
    0.218662
    0.249037
    0.277824
    0.304529
     0.32882
     0.35028
    0.368631
    0.383547
    0.394816
    0.402211
    0.405597
    0.404843
    0.399898
    0.390718
    0.377327
    0.359802
    0.338251
    0.312828
    0.283718
    0.251146
    0.215365
    0.176706
    0.135493
   0.0919922
   0.0465129
   -0.498704
   -0.992734
    -1.47749
    -1.94837
    -2.40091
    -2.83075
    -3.23373
    -3.60594
    -3.94373
    -4.24377
    -4.50311
    -4.71914
    -4.88971
    -5.01309
    -5.08803
    -5.11376
    -5.09002
    -5.01701
    -4.89545
    -4.72644
    -4.51164
    -4.25312
    -3.95343
    -3.61559
    -3.24295
    -2.83909
    -2.40799
    -1.95378
    -1.48088
   -0.994212
   -0.498482
   0.0227353
   0.0473556
   0.0736499
    0.101051
    0.129246
    0.157673
    0.185966
     0.21359
    0.240164
    0.265199
    0.288333
    0.309143
    0.327308
    0.342487
    0.354417
     0.36285
    0.367596
    0.368506
    0.365476
     0.35843
    0.347346
    0.332291
    0.313336
    0.290613
     0.26428
    0.234526
     0.20159
    0.165732
    0.127241
   0.0864635
   0.0436969
   -0.478994
   -0.953445
    -1.41906
    -1.87142
    -2.30622
    -2.71923
    -3.10646
    -3.46406
    -3.78856
     -4.0767
    -4.32566
    -4.53289
    -4.69633
    -4.81427
    -4.88554
     -4.9094
    -4.88566
    -4.81455
    -4.69686
    -4.53363
     -4.3265
    -4.07747
    -3.78901
    -3.46411
    -3.10598
    -2.71814
    -2.30442
    -1.86897
    -1.41609
   -0.950368
   -0.476263
   0.0188487
   0.0395144
   0.0618701
   0.0854813
    0.110086
    0.135217
    0.160534
     0.18557
    0.209954
    0.233245
    0.255081
    0.275072
    0.292897
     0.30821
    0.320748
    0.330252
    0.336533
    0.339447
    0.338909
     0.33484
    0.327322
    0.315525
    0.299282
    0.279094
    0.254991
    0.227255
    0.196011
     0.16157
    0.124097
   0.0842427
   0.0422119
   -0.455669
   -0.908023
    -1.35331
    -1.78627
    -2.20281
    -2.59849
    -2.96948
    -3.31202
    -3.62276
    -3.89861
     -4.1369
    -4.33514
    -4.49141
    -4.60378
    -4.67109
    -4.69268
    -4.66831
    -4.59853
    -4.48406
    -4.32618
    -4.12646
    -3.88702
    -3.61023
    -3.29901
    -2.95645
    -2.58598
    -2.19126
    -1.77628
    -1.34515
   -0.902315
   -0.452072
   0.0166455
   0.0349059
   0.0547062
   0.0757285
   0.0977582
    0.120424
    0.143426
    0.166377
    0.188938
    0.210736
    0.231435
    0.250703
    0.268245
    0.283732
    0.296922
    0.307557
    0.315458
    0.320491
    0.322572
    0.321592
    0.317689
    0.309052
    0.295228
    0.277074
    0.254493
    0.227868
    0.197228
    0.162965
    0.125156
   0.0848121
   0.0420953
   -0.432755
   -0.863187
    -1.28794
    -1.70085
    -2.09809
    -2.47503
    -2.82804
    -3.15346
    -3.44818
     -3.7093
     -3.9344
    -4.12119
    -4.26799
    -4.37283
    -4.43461
    -4.45288
    -4.42738
    -4.35894
    -4.24822
    -4.09666
    -3.90572
    -3.67757
    -3.41439
    -3.11901
    -2.79427
    -2.44348
    -2.07002
    -1.67765
    -1.27021
   -0.851927
   -0.426885
   0.0160979
   0.0336745
   0.0526898
   0.0728996
   0.0941688
    0.116211
    0.138851
    0.161566
    0.184091
    0.205882
    0.226563
    0.245951
    0.263728
    0.279638
    0.293409
     0.30469
    0.313204
    0.318808
    0.321278
    0.320459
    0.316217
    0.307491
    0.293897
    0.275905
    0.253442
    0.226835
    0.196163
    0.161858
    0.124106
   0.0839331
   0.0416573
   -0.414232
   -0.825417
    -1.23023
      -1.623
    -2.00006
    -2.35709
    -2.69062
    -2.99713
    -3.27361
    -3.51748
    -3.72647
    -3.89882
    -4.03302
    -4.12777
    -4.18217
    -4.19602
    -4.16919
    -4.10239
     -3.9963
    -3.85225
    -3.67163
     -3.4564
    -3.20864
    -2.93088
    -2.62581
    -2.29642
    -1.94588
    -1.57758
     -1.1951
   -0.802127
    -0.40245
    0.017657
   0.0366162
   0.0568705
   0.0782373
    0.100647
    0.123877
    0.147854
    0.171881
    0.195732
    0.218649
    0.240182
    0.260279
    0.278574
    0.294869
    0.308849
    0.320056
    0.328112
    0.332885
    0.334046
    0.331463
    0.324846
     0.31405
    0.298871
    0.279436
    0.255726
    0.228024
    0.196468
    0.161518
    0.123442
   0.0832313
   0.0412949
   -0.394459
   -0.785249
    -1.16908
    -1.54084
     -1.8971
    -2.23391
    -2.54807
    -2.83626
    -3.09561
    -3.32387
    -3.51884
    -3.67922
    -3.80353
    -3.89098
    -3.94078
    -3.95279
    -3.92696
    -3.86379
    -3.76393
     -3.6285
    -3.45884
    -3.25666
    -3.02393
     -2.7629
    -2.47611
    -2.16628
    -1.83643
    -1.48962
    -1.12926
   -0.758563
   -0.381132
   0.0232264
   0.0471149
   0.0717953
    0.096821
    0.122028
     0.14744
    0.172872
     0.19793
    0.222318
    0.245465
     0.26692
     0.28658
    0.304054
    0.319159
    0.331538
    0.340874
    0.346802
    0.349208
    0.347804
    0.342533
    0.333199
    0.319804
    0.302267
    0.280753
    0.255338
    0.226326
    0.193952
    0.158672
    0.120864
   0.0813136
   0.0405275
   -0.374346
   -0.744135
    -1.10597
    -1.45577
    -1.79028
     -2.1063
     -2.4009
     -2.6713
    -2.91497
    -3.12984
    -3.31392
    -3.46584
    -3.58421
    -3.66815
    -3.71691
    -3.73019
    -3.70792
    -3.65041
    -3.55825
    -3.43236
    -3.27397
    -3.08457
    -2.86601
    -2.62032
    -2.34987
    -2.05718
    -1.74506
    -1.41645
    -1.07453
   -0.722327
   -0.363197
   0.0312829
   0.0624159
   0.0935709
    0.123963
    0.153287
    0.181806
    0.209225
    0.235496
    0.260291
    0.283279
    0.304052
    0.322482
    0.338187
    0.351032
    0.360667
    0.366967
    0.369635
    0.368614
    0.363693
    0.354907
    0.342161
    0.325571
    0.305174
    0.281192
    0.253808
    0.223358
    0.190173
    0.154691
    0.117379
   0.0787807
   0.0394606
   -0.354313
     -0.7036
    -1.04448
    -1.37393
    -1.68884
    -1.98663
    -2.26452
    -2.52018
    -2.75124
     -2.9557
    -3.13167
    -3.27763
     -3.3922
    -3.47436
    -3.52336
     -3.5387
    -3.52028
    -3.46822
    -3.38304
    -3.26549
    -3.11675
    -2.93812
    -2.73139
    -2.49842
    -2.24149
      -1.963
    -1.66567
    -1.35241
    -1.02629
   -0.690176
   -0.347204
   0.0412224
   0.0804566
    0.117341
     0.15236
     0.18515
    0.216145
    0.245078
    0.271989
    0.296598
    0.318734
    0.338071
    0.354529
    0.367808
    0.377833
    0.384353
    0.387317
    0.386543
    0.382037
    0.373712
    0.361658
    0.345906
    0.326626
    0.303978
    0.278232
    0.249686
    0.218663
    0.185587
    0.150669
    0.114322
   0.0768338
   0.0385951
   -0.332012
   -0.660031
    -0.98104
    -1.29219
    -1.59061
    -1.87371
    -2.13887
    -2.38368
    -2.60584
    -2.80327
    -2.97407
    -3.11655
    -3.22933
    -3.31121
    -3.36138
    -3.37921
    -3.36449
    -3.31722
    -3.23783
    -3.12697
    -2.98574
    -2.81547
    -2.61786
    -2.39469
    -2.14814
    -1.88052
    -1.59436
    -1.29336
   -0.980661
    -0.65906
   -0.331835
   0.0509974
   0.0980937
    0.140333
    0.179507
    0.215227
    0.248119
    0.277962
    0.304889
    0.328681
    0.349336
    0.366634
    0.380561
    0.390925
    0.397729
    0.400837
    0.400275
    0.395987
    0.388045
    0.376489
    0.361459
    0.343106
    0.321644
    0.297344
    0.270505
    0.241522
     0.21068
    0.178461
     0.14481
    0.110048
    0.074182
   0.0374224
    -0.31248
   -0.622078
   -0.926126
    -1.22189
    -1.50664
    -1.77772
    -2.03254
     -2.2686
     -2.4836
    -2.67531
    -2.84182
     -2.9813
    -3.09231
    -3.17351
    -3.22406
    -3.24319
    -3.23068
     -3.1864
    -3.11076
    -3.00437
    -2.86835
    -2.70416
    -2.51355
    -2.29832
    -2.06061
    -1.80265
    -1.52673
     -1.2372
   -0.937193
   -0.629367
   -0.317144
   0.0563008
    0.107938
    0.153582
     0.19536
    0.232834
    0.266727
    0.296866
    0.323427
    0.346285
    0.365493
    0.380946
    0.392687
    0.400652
    0.404912
    0.405468
    0.402426
    0.395876
     0.38597
    0.372915
     0.35685
    0.338092
    0.316621
    0.292729
    0.266587
      0.2385
    0.208635
    0.177267
    0.144348
    0.109957
   0.0742598
   0.0372357
    -0.29456
   -0.588034
   -0.878205
    -1.16163
     -1.4357
    -1.69743
     -1.9442
    -2.17337
    -2.38258
     -2.5695
    -2.73216
    -2.86861
    -2.97737
    -3.05703
    -3.10669
    -3.12559
    -3.11348
    -3.07013
    -2.99587
    -2.89125
    -2.75718
    -2.59609
    -2.40984
    -2.20069
    -1.97101
    -1.72288
    -1.45881
    -1.18206
   -0.895646
   -0.601685
   -0.303376
   0.0587105
    0.112253
    0.159002
    0.201419
    0.239005
    0.272565
    0.301956
     0.32738
    0.348784
    0.366259
    0.379802
    0.389502
    0.395417
    0.397678
    0.396422
    0.391824
     0.38412
    0.373525
    0.360395
    0.344832
    0.327274
    0.307395
    0.285437
    0.261361
    0.235307
    0.207266
     0.17727
    0.145281
    0.111167
   0.0753228
   0.0375717
     -0.2794
   -0.559273
   -0.837782
    -1.11073
    -1.37556
    -1.62894
    -1.86826
    -2.09068
    -2.29383
    -2.47529
    -2.63309
    -2.76523
    -2.87023
    -2.94671
    -2.99383
    -3.01104
    -2.99814
    -2.95499
    -2.88185
    -2.77925
    -2.64778
    -2.49066
    -2.30965
    -2.10729
    -1.88606
    -1.64783
    -1.39532
    -1.13075
   -0.857098
   -0.576035
   -0.290616
   0.0561336
    0.107621
    0.152785
    0.193756
    0.230025
    0.262286
    0.290439
    0.314618
    0.334847
    0.351237
    0.363904
    0.372973
    0.378665
    0.381054
    0.380442
    0.376805
    0.370425
    0.361413
    0.350066
     0.33644
    0.320806
     0.30297
    0.283023
    0.260875
    0.236497
    0.209777
    0.180565
    0.148802
    0.114208
   0.0774746
   0.0383626
   -0.267166
   -0.535955
   -0.804834
    -1.06884
    -1.32546
    -1.57103
     -1.8029
    -2.01815
    -2.21437
    -2.38915
    -2.54052
    -2.66644
    -2.76539
    -2.83608
    -2.87755
    -2.89036
    -2.87452
    -2.83049
    -2.75883
    -2.65999
    -2.53481
    -2.38537
    -2.21327
    -2.02052
    -1.80933
    -1.58158
    -1.33979
    -1.08616
   -0.823484
   -0.553497
   -0.279114
   0.0503329
   0.0968194
    0.137837
    0.175218
    0.208459
    0.238139
    0.264194
    0.286675
    0.305666
    0.321283
     0.33374
    0.343174
    0.349931
    0.353985
    0.355735
    0.354882
    0.351669
    0.346015
    0.338073
    0.327788
    0.315217
    0.300284
    0.282929
    0.263031
    0.240414
      0.2149
    0.186201
    0.154272
     0.11873
   0.0806049
   0.0396304
     -0.2561
   -0.514592
   -0.774132
    -1.02897
    -1.27664
    -1.51322
    -1.73614
    -1.94247
    -2.12995
     -2.2964
    -2.44002
    -2.55891
    -2.65158
    -2.71688
    -2.75361
    -2.76328
     -2.7459
    -2.70233
    -2.63334
    -2.53917
    -2.42097
    -2.27966
    -2.11682
    -1.93393
    -1.73296
    -1.51582
    -1.28486
    -1.04219
   -0.790435
   -0.531401
   -0.267857
   0.0411762
   0.0801406
    0.115632
    0.148613
    0.178699
    0.206106
     0.23083
    0.252718
    0.271882
    0.288384
    0.302457
    0.314038
    0.323397
    0.330371
    0.335177
    0.337635
     0.33783
    0.335677
     0.33117
    0.324173
    0.314574
    0.302193
     0.28679
    0.268274
    0.246333
    0.220946
    0.191787
    0.158987
    0.122249
   0.0828138
   0.0406017
     -0.2481
   -0.498062
   -0.748483
   -0.993568
    -1.23082
    -1.45635
    -1.66755
    -1.86176
    -2.03668
    -2.19147
    -2.32462
      -2.435
    -2.52157
    -2.58318
    -2.61901
    -2.62951
    -2.61465
    -2.57481
    -2.51057
    -2.42229
    -2.31099
    -2.17758
    -2.02348
    -1.85007
    -1.65916
    -1.45251
    -1.23227
    -1.00039
   -0.759258
   -0.510647
   -0.257011
   0.0302768
    0.060217
   0.0890199
    0.116813
    0.143347
    0.168463
    0.192197
    0.214149
    0.234417
    0.252948
    0.269919
    0.284984
    0.298252
    0.309354
    0.318265
    0.324904
    0.329175
    0.330993
    0.330187
     0.32655
    0.319803
     0.30966
     0.29572
    0.277953
    0.255955
     0.22992
    0.199548
    0.165199
    0.126704
   0.0855314
   0.0417814
   -0.238531
   -0.478268
   -0.717794
    -0.95146
    -1.17692
    -1.39051
    -1.58967
    -1.77205
    -1.93519
    -2.07937
    -2.20321
    -2.30613
    -2.38741
    -2.44582
    -2.48097
    -2.49228
    -2.47978
    -2.44343
    -2.38371
    -2.30112
    -2.19657
    -2.07096
    -1.92559
    -1.76173
    -1.58102
    -1.38512
    -1.17599
   -0.955428
   -0.725584
   -0.488194
   -0.245337
   0.0224685
   0.0457624
   0.0695217
   0.0935925
    0.117875
    0.141844
    0.165472
    0.188147
     0.20978
    0.230234
    0.249438
    0.267124
    0.283161
    0.297204
    0.309028
     0.31839
    0.324975
    0.328705
    0.329218
     0.32648
    0.320118
    0.310007
    0.295772
    0.277452
    0.254773
    0.227995
    0.197036
    0.162366
    0.124134
   0.0835966
   0.0411859
   -0.228731
     -0.4566
   -0.681692
    -0.90068
    -1.11152
     -1.3116
    -1.49889
    -1.67114
    -1.82642
    -1.96395
    -2.08243
    -2.18089
    -2.25855
    -2.31445
    -2.34819
    -2.35933
    -2.34791
    -2.31393
    -2.25784
    -2.18013
    -2.08165
    -1.96323
    -1.82607
     -1.6712
    -1.50005
    -1.31435
    -1.11581
   -0.906378
    -0.68798
   -0.462631
   -0.232286
   0.0167619
   0.0354036
   0.0559642
   0.0780026
    0.101555
    0.125711
    0.150347
    0.174607
    0.198181
    0.220826
    0.242216
    0.262172
    0.280346
    0.296441
    0.310047
    0.320775
    0.328108
    0.332015
    0.331999
    0.328285
     0.32049
    0.308754
    0.292814
    0.272854
    0.248784
    0.220955
    0.189518
    0.155025
    0.117899
   0.0790979
   0.0392879
   -0.218418
   -0.434313
    -0.64532
    -0.85027
    -1.04724
    -1.23447
    -1.41033
    -1.57262
     -1.7199
    -1.85043
    -1.96304
    -2.05646
    -2.12985
    -2.18256
    -2.21418
    -2.22443
    -2.21335
    -2.18098
    -2.12776
    -2.05422
    -1.96116
     -1.8494
    -1.72007
    -1.57405
    -1.41259
    -1.23748
    -1.05022
   -0.852832
   -0.646977
   -0.434844
   -0.218174
     0.01808
   0.0372557
   0.0575413
   0.0790153
    0.101558
    0.124761
    0.148328
    0.171747
    0.194588
    0.216555
    0.237181
    0.256284
    0.273398
    0.288336
    0.300639
    0.310026
    0.316038
    0.318603
    0.317359
    0.312436
    0.303628
    0.291082
    0.274748
    0.254857
    0.231549
    0.205144
    0.175985
    0.144245
    0.110361
   0.0745569
   0.0371887
   -0.205182
   -0.408678
   -0.608571
   -0.802786
   -0.989481
    -1.16664
     -1.3326
    -1.48551
    -1.62395
    -1.74643
    -1.85186
    -1.93909
    -2.00733
    -2.05596
     -2.0846
      -2.093
     -2.0812
    -2.04926
    -1.99756
    -1.92673
    -1.83749
    -1.73079
     -1.6077
    -1.46934
    -1.31695
     -1.1523
    -0.97687
   -0.792619
    -0.60122
   -0.404193
    -0.20319
   0.0233831
   0.0464968
   0.0691254
   0.0917886
    0.114198
    0.136516
    0.158363
     0.17969
    0.200057
     0.21922
    0.236671
    0.252318
    0.265674
    0.276769
    0.285203
    0.290921
    0.293614
    0.293241
    0.289623
     0.28281
    0.272777
    0.259657
     0.24359
     0.22481
    0.203628
    0.180248
     0.15511
    0.127883
   0.0989068
   0.0675853
   0.0339426
   -0.192512
   -0.384091
   -0.573186
   -0.756861
   -0.933402
    -1.10061
    -1.25683
    -1.40055
    -1.53042
    -1.64518
    -1.74381
    -1.82526
    -1.88879
    -1.93384
    -1.96001
    -1.96712
    -1.95513
    -1.92417
    -1.87453
    -1.80689
     -1.7219
    -1.62061
    -1.50397
    -1.37332
    -1.22983
    -1.07523
   -0.910926
     -0.7388
   -0.560544
   -0.377066
   -0.190005
   0.0267444
   0.0517748
   0.0744555
   0.0962422
    0.116827
      0.1367
    0.155608
    0.173624
    0.190467
    0.205986
    0.219859
    0.231985
    0.242074
    0.250099
    0.255853
    0.259274
    0.260237
    0.258695
    0.254622
    0.247991
    0.238868
    0.227189
    0.213063
    0.196583
    0.177924
    0.157429
    0.135354
    0.111525
   0.0861039
   0.0588188
   0.0297636
   -0.183244
   -0.364842
   -0.543096
   -0.715875
   -0.881541
    -1.03829
     -1.1846
    -1.31911
    -1.44052
    -1.54774
    -1.63974
    -1.71565
    -1.77473
    -1.81649
    -1.84053
     -1.8467
    -1.83494
    -1.80542
     -1.7584
    -1.69455
    -1.61446
    -1.51924
    -1.40985
    -1.28751
    -1.15341
    -1.00896
   -0.855575
   -0.694624
   -0.527684
   -0.355487
   -0.179606
   0.0288275
   0.0543569
    0.075566
   0.0949122
    0.112126
    0.128067
    0.142649
    0.156101
    0.168344
    0.179366
    0.189076
     0.19739
    0.204235
    0.209517
    0.213206
    0.215206
    0.215538
    0.214112
    0.211002
    0.206044
    0.199321
    0.190489
    0.179538
    0.166356
    0.150939
    0.133775
    0.114977
   0.0946164
   0.0727782
   0.0496214
   0.0253459
   -0.174107
   -0.345973
   -0.513804
   -0.676293
   -0.831881
   -0.979147
    -1.11668
    -1.24323
    -1.35758
    -1.45871
    -1.54563
    -1.61754
    -1.67374
    -1.71376
    -1.73718
    -1.74387
    -1.73375
    -1.70699
    -1.66378
    -1.60468
    -1.53015
    -1.44125
    -1.33885
    -1.22402
    -1.09791
   -0.961648
   -0.816662
   -0.663927
   -0.505016
   -0.340646
   -0.172486
   0.0236307
   0.0448326
   0.0627679
    0.078922
   0.0931705
    0.106057
    0.117634
    0.128049
     0.13736
    0.145558
    0.152669
    0.158618
      0.1634
    0.166888
    0.169035
    0.169804
    0.169122
    0.167264
    0.164297
    0.160093
    0.154705
    0.147774
    0.139255
    0.129067
    0.117214
    0.103996
   0.0895382
   0.0738638
   0.0571032
   0.0392117
   0.0203761
   -0.163731
   -0.325196
   -0.482577
   -0.635068
   -0.781191
    -0.91978
    -1.04952
    -1.16925
    -1.27782
    -1.37423
    -1.45752
    -1.52692
    -1.58169
    -1.62136
    -1.64549
    -1.65407
    -1.64704
    -1.62465
    -1.58717
    -1.53466
    -1.46757
    -1.38638
     -1.2918
    -1.18455
    -1.06561
   -0.935902
   -0.796637
   -0.648887
   -0.494035
    -0.33332
   -0.168293
   0.0150536
   0.0290721
   0.0415804
    0.053083
   0.0635506
   0.0731128
   0.0818657
   0.0897705
   0.0969228
    0.103228
    0.108741
    0.113323
     0.11697
    0.119469
    0.120708
     0.12069
    0.119235
    0.117006
    0.114089
    0.110442
    0.106142
    0.100885
   0.0946553
   0.0874617
   0.0793479
    0.070417
   0.0607916
   0.0504061
   0.0393943
   0.0274524
   0.0147313
   -0.154223
   -0.306247
   -0.454286
   -0.598018
   -0.736004
   -0.867278
   -0.990564
    -1.10475
    -1.20871
    -1.30148
    -1.38212
    -1.44982
    -1.50383
     -1.5436
    -1.56862
    -1.57891
    -1.57437
    -1.55531
    -1.52208
    -1.47435
    -1.41264
    -1.33699
    -1.24809
    -1.14647
    -1.03302
   -0.908591
   -0.774224
   -0.631125
    -0.48048
    -0.32399
      -0.163
  0.00764556
   0.0153132
   0.0228352
   0.0299233
    0.036518
   0.0424863
   0.0478041
   0.0523295
    0.055985
   0.0589082
   0.0610087
   0.0629185
   0.0648231
   0.0661544
   0.0669195
   0.0669351
   0.0661392
   0.0649091
   0.0633377
   0.0614288
   0.0592602
   0.0566387
   0.0535727
   0.0500268
   0.0460228
   0.0415467
    0.036637
   0.0311174
   0.0249835
   0.0179054
  0.00984433
   -0.143406
   -0.285658
    -0.42523
   -0.561392
   -0.692802
    -0.81827
    -0.93655
    -1.04636
    -1.14657
    -1.23636
    -1.31489
    -1.38149
    -1.43551
    -1.47607
    -1.50267
    -1.51494
    -1.51268
    -1.49593
    -1.46485
    -1.41939
    -1.35992
    -1.28678
    -1.20057
    -1.10206
   -0.992084
   -0.871636
   -0.741744
   -0.603753
   -0.458854
   -0.308821
   -0.154992
 0.000268846
  0.00166672
  0.00428621
  0.00701102
  0.00972029
   0.0119999
   0.0136907
   0.0145497
   0.0143424
   0.0134839
   0.0117972
   0.0107682
   0.0108271
   0.0110736
   0.0116392
   0.0121364
   0.0125871
   0.0130193
   0.0134801
   0.0139746
   0.0145433
   0.0150724
   0.0155642
   0.0159111
   0.0160945
   0.0159776
   0.0155148
   0.0144291
   0.0126011
  0.00972182
   0.0056193
   -0.134425
   -0.268499
   -0.400868
   -0.530356
   -0.655698
    -0.77548
   -0.888489
   -0.993263
    -1.08867
    -1.17404
    -1.24857
    -1.31179
     -1.3632
    -1.40175
    -1.42706
    -1.43857
    -1.43612
    -1.41961
    -1.38913
    -1.34492
    -1.28731
    -1.21686
    -1.13408
    -1.03989
    -0.93505
   -0.820594
   -0.697442
   -0.566983
   -0.430316
   -0.289183
   -0.144838
 -0.00596504
  -0.0108008
  -0.0145334
  -0.0178872
  -0.0211313
  -0.0236237
  -0.0251849
  -0.0268403
  -0.0286479
  -0.0305546
  -0.0325715
  -0.0338209
  -0.0339974
  -0.0335628
  -0.0324311
  -0.0308569
  -0.0288399
  -0.0264313
  -0.0236304
  -0.0205294
  -0.0171553
    -0.01367
  -0.0101606
  -0.0067535
 -0.00358029
-0.000727562
  0.00166559
  0.00333812
  0.00408566
  0.00383914
  0.00242272
   -0.128418
   -0.256496
   -0.382939
   -0.506422
   -0.625736
   -0.739514
   -0.846556
   -0.945451
    -1.03513
    -1.11475
    -1.18354
    -1.24096
     -1.2865
    -1.31953
    -1.33976
    -1.34702
    -1.34122
    -1.32253
    -1.29112
    -1.24737
    -1.19166
     -1.1246
    -1.04673
   -0.958723
   -0.861276
   -0.755305
   -0.641658
   -0.521514
   -0.395881
   -0.266127
   -0.133341
  -0.0119669
  -0.0229457
  -0.0330815
  -0.0426029
  -0.0518024
    -0.05883
  -0.0630779
  -0.0663481
   -0.068554
  -0.0700956
  -0.0709314
  -0.0709443
  -0.0700507
  -0.0683027
  -0.0656752
   -0.062285
  -0.0581484
  -0.0533859
   -0.048043
  -0.0423196
  -0.0363243
  -0.0302815
  -0.0243755
  -0.0187462
   -0.013622
 -0.00900798
 -0.00509939
 -0.00209592
-0.000238714
 0.000693212
   0.0005589
   -0.122182
   -0.243736
   -0.363342
    -0.47953
   -0.591185
    -0.69707
   -0.796114
   -0.887091
   -0.969129
    -1.04139
    -1.10319
    -1.15404
    -1.19346
    -1.22127
    -1.23718
    -1.24136
    -1.23373
    -1.21463
    -1.18417
    -1.14279
    -1.09081
    -1.02881
   -0.957311
   -0.876715
   -0.787646
   -0.690879
   -0.587193
   -0.477572
   -0.362937
   -0.244273
   -0.122528
  -0.0180554
   -0.033891
  -0.0471207
  -0.0589142
  -0.0692467
  -0.0773375
  -0.0828128
  -0.0867256
  -0.0890864
  -0.0902202
  -0.0901781
  -0.0890397
  -0.0868387
  -0.0837176
  -0.0797578
  -0.0750928
  -0.0698609
  -0.0641471
  -0.0581235
  -0.0518811
   -0.045615
  -0.0394237
   -0.033527
  -0.0278432
  -0.0225147
  -0.0175925
  -0.0131703
 -0.00938392
 -0.00633696
 -0.00377754
 -0.00156112
   -0.117611
    -0.23315
   -0.345013
   -0.452504
   -0.554505
   -0.650233
   -0.738776
   -0.819436
   -0.891535
   -0.954609
    -1.00817
    -1.05199
    -1.08577
    -1.10945
    -1.12289
    -1.12623
     -1.1195
    -1.10274
    -1.07612
    -1.03964
   -0.993523
   -0.938191
   -0.874039
   -0.801459
   -0.720937
     -0.6332
   -0.538873
   -0.439088
   -0.334744
   -0.225965
    -0.11335
  -0.0218924
  -0.0402557
  -0.0541261
   -0.065703
   -0.074775
  -0.0818235
  -0.0868113
  -0.0900267
  -0.0915513
  -0.0915837
  -0.0902238
  -0.0877011
  -0.0841535
  -0.0798368
  -0.0749627
  -0.0697019
  -0.0643227
  -0.0588616
  -0.0535896
  -0.0484393
  -0.0436334
  -0.0390732
  -0.0349402
  -0.0308557
  -0.0268136
  -0.0228695
  -0.0189857
  -0.0152245
  -0.0115647
 -0.00776772
 -0.00346172
   -0.110972
   -0.218748
   -0.321571
   -0.419628
   -0.511855
   -0.597934
   -0.677079
   -0.749034
   -0.813211
   -0.869397
   -0.917161
   -0.956383
   -0.986798
    -1.00832
    -1.02088
    -1.02448
    -1.01927
    -1.00506
   -0.982086
    -0.95004
   -0.909095
   -0.859626
   -0.801895
   -0.736275
   -0.663109
    -0.58309
   -0.496725
   -0.405345
   -0.309904
    -0.20976
   -0.105185
  -0.0182317
  -0.0337017
  -0.0454171
   -0.054997
  -0.0622616
  -0.0677138
  -0.0714035
  -0.0736414
  -0.0746119
  -0.0744389
   -0.073357
  -0.0714587
  -0.0689987
  -0.0660441
  -0.0628359
  -0.0594456
  -0.0560957
  -0.0527853
  -0.0496776
  -0.0467699
  -0.0441686
  -0.0419048
  -0.0401341
  -0.0380481
  -0.0354152
  -0.0322079
  -0.0281323
  -0.0234818
  -0.0180682
  -0.0121487
 -0.00541189
   -0.100992
   -0.198499
   -0.290814
   -0.378903
   -0.461923
    -0.53981
    -0.61199
   -0.678151
   -0.737842
   -0.790763
   -0.836582
   -0.874826
    -0.90522
   -0.927163
    -0.94039
   -0.944891
   -0.940624
   -0.927704
   -0.906278
   -0.876556
    -0.83878
   -0.793592
   -0.741465
    -0.68172
   -0.614509
     -0.5406
   -0.460342
   -0.375281
   -0.286237
   -0.193361
  -0.0971693
  -0.0106473
  -0.0197101
  -0.0263345
  -0.0315736
  -0.0352539
  -0.0378278
  -0.0393976
  -0.0403076
  -0.0408443
  -0.0410421
  -0.0412345
  -0.0413124
  -0.0415711
  -0.0417954
  -0.0421609
  -0.0425474
  -0.0430488
  -0.0435603
   -0.044088
  -0.0446713
  -0.0452905
  -0.0461167
  -0.0472856
  -0.0475598
  -0.0464823
  -0.0439496
  -0.0394341
  -0.0335081
  -0.0258718
  -0.0173476
 -0.00773992
  -0.0924563
   -0.181469
    -0.26539
   -0.345838
   -0.422053
   -0.494074
   -0.561408
   -0.623569
   -0.680154
   -0.730737
   -0.775079
   -0.812418
   -0.842547
   -0.864472
   -0.877829
   -0.882643
   -0.878682
   -0.866319
   -0.845547
    -0.81704
   -0.781092
   -0.738648
   -0.690479
   -0.635018
   -0.572336
   -0.503315
    -0.42814
   -0.348515
   -0.265059
   -0.178635
  -0.0899793
 -0.00114015
 -0.00251146
 -0.00369078
 -0.00482355
 -0.00587379
 -0.00684814
 -0.00786256
 -0.00901225
  -0.0104938
   -0.012246
  -0.0144434
   -0.016961
  -0.0198942
  -0.0231434
  -0.0267308
  -0.0306346
  -0.0349302
  -0.0387916
  -0.0419076
  -0.0444192
  -0.0459982
  -0.0471593
  -0.0477936
  -0.0474037
  -0.0456498
  -0.0425225
  -0.0377683
  -0.0317353
  -0.0244205
   -0.016356
 -0.00767286
   -0.084075
   -0.166218
   -0.245188
   -0.321545
   -0.394527
   -0.463897
   -0.529086
   -0.589236
   -0.643737
   -0.692129
    -0.73394
   -0.768759
   -0.796245
   -0.816072
   -0.827955
   -0.832173
     -0.8287
   -0.817016
   -0.797001
   -0.769244
   -0.733928
   -0.692185
   -0.644709
   -0.590977
   -0.531374
   -0.466449
   -0.396612
   -0.322863
   -0.245834
   -0.165973
  -0.0839877
  0.00875911
   0.0152828
   0.0194794
   0.0220895
   0.0230256
   0.0227836
   0.0213064
    0.018837
   0.0153564
    0.011098
  0.00611307
 0.000583595
 -0.00535941
  -0.0117339
  -0.0184135
  -0.0254869
  -0.0330078
  -0.0394033
   -0.044035
  -0.0471611
  -0.0481843
  -0.0480416
  -0.0464929
  -0.0439496
  -0.0403451
  -0.0358906
  -0.0306911
  -0.0248804
  -0.0187165
  -0.0123301
 -0.00604522
  -0.0778288
   -0.154898
   -0.230267
   -0.303469
   -0.373791
   -0.440813
   -0.503993
   -0.562236
   -0.614834
   -0.661368
   -0.701168
   -0.734137
   -0.759746
   -0.778256
   -0.789402
   -0.793677
   -0.791264
   -0.780817
   -0.762131
   -0.735693
   -0.701521
   -0.660834
   -0.614134
   -0.561822
   -0.504527
   -0.442466
   -0.376306
   -0.306426
   -0.233572
   -0.157899
  -0.0802118
   0.0118132
   0.0211775
   0.0278028
   0.0323632
   0.0348462
   0.0356649
   0.0349762
   0.0328039
   0.0293247
   0.0244378
   0.0181677
   0.0116035
  0.00519265
 -0.00124824
 -0.00730618
  -0.0135713
  -0.0199368
  -0.0255509
  -0.0300238
  -0.0332908
  -0.0350648
  -0.0358019
  -0.0355139
   -0.034365
  -0.0324975
  -0.0297223
  -0.0261279
  -0.0217325
  -0.0165908
  -0.0110938
 -0.00531741
  -0.0756875
   -0.150055
   -0.221967
   -0.291433
    -0.35766
   -0.420514
   -0.479401
    -0.53381
   -0.583146
   -0.627276
   -0.665751
   -0.697965
   -0.723427
   -0.742174
   -0.753935
   -0.759006
   -0.757485
   -0.748557
   -0.732161
     -0.7085
   -0.677675
   -0.640293
   -0.596764
   -0.547378
   -0.492695
    -0.43301
   -0.368963
   -0.300936
   -0.229637
   -0.155272
   -0.078531
   0.0106393
   0.0191396
   0.0251856
   0.0294441
   0.0319921
   0.0331185
   0.0331348
   0.0317546
   0.0292604
   0.0251234
   0.0192783
   0.0136968
  0.00910012
  0.00507011
  0.00221045
-0.000707647
 -0.00357873
 -0.00647237
 -0.00939772
  -0.0120377
   -0.014434
  -0.0164924
  -0.0183701
  -0.0198111
  -0.0209931
  -0.0211514
  -0.0202195
  -0.0180153
   -0.014356
 -0.00993413
 -0.00465639
  -0.0732858
   -0.144699
   -0.213044
    -0.27887
   -0.341328
   -0.400539
   -0.455801
   -0.507098
    -0.55386
    -0.59616
   -0.633733
   -0.665471
   -0.690935
   -0.709947
   -0.722236
   -0.727897
   -0.726941
   -0.719067
   -0.704374
   -0.682823
   -0.654644
   -0.619893
   -0.578919
   -0.531932
   -0.479427
   -0.421796
   -0.359673
   -0.293473
   -0.223902
   -0.151248
  -0.0760745
  0.00693274
   0.0133332
   0.0192881
   0.0238076
    0.026807
   0.0290463
   0.0308902
   0.0317938
   0.0320505
   0.0307631
   0.0278537
   0.0245865
   0.0213108
   0.0182208
   0.0156082
   0.0129049
   0.0101097
  0.00709516
    0.003795
 0.000526466
 -0.00268451
 -0.00572191
 -0.00855674
  -0.0111311
  -0.0134673
   -0.014838
  -0.0150457
  -0.0139641
  -0.0113686
 -0.00795331
 -0.00365614
   -0.066977
   -0.132517
   -0.195557
   -0.256829
   -0.315691
   -0.371999
   -0.425184
   -0.474906
   -0.520649
   -0.562119
   -0.598991
   -0.630367
    -0.65586
   -0.675209
   -0.688186
    -0.69463
    -0.69451
   -0.687655
   -0.674179
   -0.654154
   -0.627857
   -0.595224
   -0.556585
   -0.511912
   -0.461549
   -0.405978
   -0.345676
   -0.281371
   -0.213658
    -0.14353
  -0.0716069
  0.00175005
  0.00498676
   0.0102505
   0.0148273
   0.0184118
   0.0221952
    0.026536
   0.0305569
   0.0344688
    0.036897
   0.0376146
   0.0370108
   0.0349665
   0.0322991
   0.0290481
   0.0254496
   0.0215408
   0.0172971
   0.0127215
  0.00820835
  0.00389741
-8.13556e-05
 -0.00354106
 -0.00669316
 -0.00948059
  -0.0113103
  -0.0119322
  -0.0113398
 -0.00930047
 -0.00650495
 -0.00289921
  -0.0607119
   -0.120332
   -0.177916
   -0.234292
   -0.288966
   -0.341494
   -0.391434
   -0.438162
   -0.481265
   -0.520155
   -0.554506
   -0.583681
   -0.607386
   -0.625314
   -0.637316
   -0.643014
   -0.642369
   -0.635366
   -0.622158
   -0.602954
   -0.578121
   -0.547543
   -0.511599
   -0.470104
   -0.423299
   -0.371751
   -0.315743
   -0.256225
   -0.193567
   -0.129308
  -0.0639684
  0.00046279
   0.0027106
  0.00726602
   0.0116572
   0.0155338
   0.0194713
   0.0234353
   0.0273172
   0.0311105
   0.0340758
   0.0360641
   0.0369329
    0.036619
    0.035378
    0.033254
    0.030428
    0.026956
   0.0230089
   0.0186641
   0.0143724
   0.0103513
  0.00665535
  0.00349147
 0.000686579
 -0.00165806
 -0.00333031
 -0.00418639
 -0.00435368
 -0.00381829
 -0.00277978
 -0.00130543
  -0.0537645
   -0.107366
   -0.160342
   -0.212298
   -0.262752
   -0.310938
   -0.356351
   -0.398505
   -0.437006
   -0.471437
    -0.50154
   -0.526875
   -0.547267
   -0.562284
   -0.571812
   -0.575435
   -0.573083
   -0.564879
   -0.550938
   -0.531527
   -0.506923
   -0.477355
   -0.443164
   -0.404692
   -0.362285
   -0.316403
   -0.267369
   -0.215906
   -0.162339
   -0.108006
  -0.0533812
 0.000253458
  0.00228157
  0.00646904
   0.0105982
   0.0142788
   0.0174633
   0.0197821
   0.0220411
   0.0241794
   0.0262868
   0.0284455
   0.0300868
   0.0312415
   0.0315483
   0.0309875
   0.0295856
   0.0273428
   0.0245705
   0.0213745
   0.0182213
   0.0153693
   0.0127644
   0.0106085
  0.00875528
  0.00732862
  0.00612961
  0.00517238
  0.00418812
  0.00298311
  0.00189267
 0.000775949
  -0.0453418
   -0.091383
   -0.138089
    -0.18389
   -0.228372
   -0.270505
   -0.309763
    -0.34581
   -0.378278
   -0.406931
   -0.431585
   -0.452016
     -0.4682
   -0.479633
   -0.486286
   -0.487758
   -0.483982
   -0.475231
   -0.461579
   -0.443329
   -0.420631
   -0.393987
   -0.363618
   -0.330285
   -0.294343
   -0.256051
   -0.215689
   -0.173685
   -0.130263
  -0.0865146
   -0.042872
  -0.0014257
 -0.00109066
  0.00129125
  0.00413068
  0.00716415
   0.0100724
   0.0126088
   0.0151092
   0.0175193
   0.0199561
   0.0224316
    0.024718
   0.0268105
   0.0283616
   0.0293314
   0.0296116
   0.0291881
   0.0282474
   0.0268676
   0.0253435
   0.0238295
   0.0223375
   0.0209643
   0.0196701
   0.0185267
   0.0170461
   0.0151033
   0.0126805
  0.00959143
  0.00633237
  0.00281786
  -0.0382134
  -0.0768837
   -0.116064
   -0.154353
   -0.191448
   -0.226374
   -0.258695
   -0.287971
   -0.313847
   -0.336169
   -0.354743
   -0.369541
   -0.380534
   -0.387534
   -0.390556
   -0.389506
   -0.384411
   -0.375559
   -0.363065
   -0.347219
   -0.328178
   -0.306396
   -0.282082
   -0.255905
   -0.228195
   -0.198866
    -0.16809
   -0.136009
   -0.102692
  -0.0687389
  -0.0343299
 -0.00319801
 -0.00473033
 -0.00432904
 -0.00286319
-0.000399136
  0.00250942
  0.00571601
  0.00897815
   0.0121482
   0.0152733
   0.0182555
   0.0212375
   0.0242253
   0.0269551
   0.0294164
   0.0313946
   0.0328671
   0.0338751
   0.0344406
    0.034652
   0.0345322
   0.0341445
    0.033469
   0.0325698
   0.0314718
   0.0294167
   0.0261704
   0.0220072
   0.0167739
   0.0111265
  0.00502901
  -0.0302109
  -0.0608311
  -0.0919714
   -0.122393
   -0.151926
   -0.179683
   -0.205357
   -0.228443
   -0.248618
    -0.26581
   -0.279797
   -0.290699
   -0.298425
   -0.303027
   -0.304489
   -0.302952
   -0.298471
    -0.29129
   -0.281507
   -0.269312
   -0.254796
   -0.238296
    -0.21995
   -0.200303
   -0.179661
   -0.157647
    -0.13439
   -0.109813
  -0.0839166
  -0.0568959
  -0.0287664
 -0.00318038
 -0.00510622
 -0.00545009
  -0.0047686
 -0.00307586
-0.000726502
  0.00214683
  0.00530751
  0.00860466
   0.0119748
   0.0153016
   0.0186981
   0.0221242
    0.025508
   0.0288177
   0.0319366
   0.0348306
   0.0374709
   0.0398786
    0.041642
   0.0426562
   0.0429453
   0.0423725
   0.0410688
   0.0389545
    0.035801
   0.0315006
   0.0262579
   0.0200925
   0.0134114
  0.00628751
  -0.0231547
  -0.0465363
  -0.0702054
  -0.0932511
   -0.115527
   -0.136537
   -0.156069
   -0.173822
   -0.189566
    -0.20324
   -0.214663
   -0.223915
   -0.230907
   -0.235575
   -0.237863
   -0.237947
   -0.235861
   -0.231981
   -0.226446
   -0.219033
   -0.209742
   -0.198615
   -0.185651
   -0.171058
   -0.154915
   -0.137256
    -0.11818
  -0.0975232
  -0.0752776
  -0.0515372
  -0.0263222
 -0.00189013
 -0.00315399
 -0.00345655
 -0.00307907
 -0.00198006
-0.000265783
  0.00200996
  0.00470122
   0.0077183
   0.0109272
   0.0142119
   0.0176488
   0.0211497
   0.0248376
   0.0286631
    0.032614
   0.0366439
   0.0406455
   0.0446226
   0.0476384
    0.049448
   0.0500378
   0.0491741
   0.0470945
    0.043675
   0.0392991
   0.0340317
   0.0280066
    0.021393
   0.0142956
  0.00683921
  -0.0174595
  -0.0352222
  -0.0533206
   -0.071161
  -0.0885874
   -0.105426
   -0.121492
   -0.136604
   -0.150549
   -0.163205
   -0.174374
   -0.184054
   -0.192115
   -0.198341
   -0.202592
   -0.205035
   -0.205634
   -0.204856
   -0.202868
   -0.199072
   -0.193424
   -0.185735
   -0.175924
   -0.163923
   -0.149632
   -0.133512
   -0.115685
  -0.0959693
  -0.0744302
  -0.0511484
  -0.0262277
 -0.00177799
 -0.00315257
 -0.00385535
 -0.00398812
 -0.00344906
 -0.00223676
-0.000310464
  0.00221764
  0.00533362
  0.00881331
   0.0125468
   0.0165071
   0.0205733
   0.0248647
   0.0293274
   0.0338008
   0.0381435
   0.0422813
   0.0460752
   0.0489696
   0.0507317
   0.0512823
   0.0504698
   0.0483276
   0.0447877
   0.0402176
    0.034718
   0.0284869
   0.0216928
   0.0144936
  0.00703383
  -0.0128215
  -0.0264969
  -0.0410667
  -0.0561004
  -0.0714879
  -0.0870388
   -0.102602
   -0.117868
   -0.132629
   -0.146495
   -0.159204
   -0.170789
   -0.181088
   -0.189744
   -0.196503
   -0.201542
   -0.204753
   -0.206297
   -0.206213
   -0.204054
   -0.199756
    -0.19315
   -0.184171
   -0.172645
   -0.158472
   -0.141937
   -0.123093
   -0.102035
  -0.0788627
  -0.0539168
  -0.0273814
 -0.00227381
 -0.00422925
  -0.0056339
 -0.00640598
 -0.00639433
 -0.00551509
 -0.00366186
  -0.0009477
  0.00265251
  0.00678369
   0.0112985
   0.0160201
   0.0207521
   0.0255705
   0.0303945
   0.0349095
   0.0389047
   0.0424002
   0.0452032
   0.0472598
   0.0484384
    0.048646
   0.0478317
   0.0458003
   0.0424932
   0.0381884
   0.0329646
   0.0270486
   0.0205844
   0.0137788
   0.0067882
  -0.0116941
  -0.0246212
  -0.0387613
  -0.0537501
  -0.0694555
  -0.0856391
   -0.102177
   -0.118648
    -0.13488
   -0.150251
   -0.164455
   -0.177562
   -0.189392
   -0.199471
   -0.207462
   -0.213571
   -0.217665
    -0.21966
   -0.219526
   -0.217037
   -0.212168
   -0.204842
   -0.195068
   -0.182632
   -0.167479
    -0.14973
   -0.129377
   -0.106757
  -0.0819796
  -0.0556166
  -0.0279102
 -0.00283153
 -0.00499826
  -0.0061832
 -0.00685125
 -0.00693922
 -0.00626217
 -0.00480784
  -0.0021069
  0.00200679
  0.00675717
   0.0120062
   0.0173962
   0.0226796
   0.0278643
   0.0327779
   0.0373073
   0.0412794
   0.0445784
   0.0470201
   0.0487421
   0.0496605
   0.0497739
   0.0490682
   0.0472363
   0.0441977
   0.0401133
   0.0350038
   0.0290229
   0.0222158
   0.0149187
  0.00718339
  -0.0135408
  -0.0286791
  -0.0454058
  -0.0626741
  -0.0801662
  -0.0977989
   -0.115366
   -0.132671
   -0.149523
   -0.165501
   -0.180378
   -0.193923
   -0.205938
   -0.216052
   -0.224011
   -0.229688
   -0.232908
     -0.2336
   -0.231683
    -0.22722
   -0.220235
   -0.210838
   -0.199128
   -0.185068
   -0.168724
   -0.150067
   -0.129133
   -0.106068
   -0.080914
  -0.0544587
  -0.0268783
 -0.00294585
 -0.00485456
 -0.00534035
 -0.00547552
 -0.00533319
 -0.00465367
 -0.00352074
-0.000851169
  0.00368773
  0.00891435
   0.0147248
   0.0206092
   0.0262982
   0.0317583
   0.0367486
   0.0413807
   0.0455211
    0.048893
   0.0512871
   0.0529859
   0.0539176
   0.0541481
     0.05368
   0.0520812
   0.0492372
   0.0451827
    0.039875
   0.0333959
   0.0257067
   0.0173055
  0.00818486
  -0.0163461
  -0.0343455
  -0.0540115
  -0.0736689
  -0.0928408
   -0.111589
   -0.129611
   -0.146911
   -0.163275
     -0.1785
   -0.192478
   -0.204757
   -0.215198
   -0.223612
   -0.229905
   -0.233705
   -0.234853
    -0.23332
   -0.228977
   -0.222151
   -0.212893
   -0.201478
   -0.188084
   -0.172856
   -0.156013
    -0.13743
   -0.117242
   -0.095453
  -0.0720417
  -0.0479418
  -0.0231498
  -0.0022514
 -0.00305082
 -0.00187187
-0.000293594
  0.00161133
  0.00385501
  0.00632842
  0.00981347
    0.014441
   0.0196057
   0.0251546
    0.030813
   0.0363526
   0.0416829
   0.0465978
   0.0510591
   0.0549029
   0.0578561
   0.0596871
   0.0605793
    0.060396
   0.0593819
   0.0574888
   0.0546581
    0.050858
   0.0459634
   0.0399755
   0.0330285
   0.0251969
   0.0168602
  0.00816817
  -0.0194185
  -0.0398942
  -0.0613498
  -0.0824328
   -0.102721
   -0.122004
   -0.139954
   -0.156448
   -0.171252
   -0.184242
   -0.195306
    -0.20428
   -0.211102
   -0.215808
    -0.21842
   -0.218809
   -0.216971
   -0.212801
   -0.206243
   -0.197464
   -0.186471
   -0.173647
   -0.159127
   -0.143216
    -0.12611
   -0.108104
  -0.0894146
  -0.0704998
  -0.0515375
  -0.0332768
  -0.0158812
-0.000825406
  0.00025375
  0.00390626
  0.00804311
    0.012572
   0.0172094
   0.0217612
   0.0266322
    0.031722
   0.0370369
   0.0424078
   0.0478339
   0.0531507
   0.0582172
   0.0628551
   0.0668512
   0.0699943
   0.0720082
   0.0726331
    0.071949
   0.0697699
   0.0665603
   0.0622803
   0.0573253
   0.0518162
   0.0455204
   0.0385239
   0.0310353
    0.023237
   0.0153451
  0.00759858
  -0.0212194
   -0.042704
  -0.0642577
  -0.0848866
   -0.104284
   -0.122056
   -0.137935
   -0.151737
   -0.163255
   -0.172469
   -0.179268
   -0.183764
   -0.185964
   -0.186118
    -0.18436
   -0.180808
   -0.175643
   -0.168737
   -0.160166
   -0.150004
   -0.138266
   -0.125457
   -0.111657
  -0.0972608
  -0.0823457
  -0.0674708
   -0.052788
  -0.0390793
  -0.0266288
  -0.0159573
 -0.00740246
  0.00480831
   0.0102561
   0.0166606
    0.023211
   0.0297802
   0.0362529
    0.042453
   0.0485498
   0.0544219
   0.0600043
    0.065108
   0.0697434
   0.0736825
    0.077035
   0.0796028
   0.0814416
   0.0824079
    0.082266
    0.080845
   0.0781751
   0.0741732
    0.069258
   0.0635068
   0.0573098
   0.0508987
    0.043899
    0.036423
   0.0287795
   0.0211867
   0.0138211
  0.00695793
  -0.0226895
  -0.0441104
  -0.0637947
  -0.0816592
   -0.097481
    -0.11119
   -0.122675
   -0.131845
   -0.138623
   -0.142973
   -0.144843
   -0.144382
   -0.141602
   -0.136945
   -0.130561
   -0.122738
    -0.11368
   -0.103589
  -0.0926524
  -0.0812144
  -0.0694578
  -0.0579703
  -0.0469777
  -0.0367695
  -0.0275123
  -0.0191002
  -0.0115969
 -0.00563204
 -0.00140847
 0.000805732
 0.000766271
   0.0118959
   0.0229237
   0.0329529
   0.0424943
   0.0514397
   0.0599077
   0.0677897
   0.0750485
   0.0815417
   0.0870954
   0.0914707
   0.0946707
   0.0964127
   0.0971034
   0.0965884
   0.0952776
   0.0931729
   0.0901434
    0.086156
   0.0812179
   0.0753497
   0.0688912
   0.0619895
   0.0549606
   0.0480896
    0.040814
   0.0332399
   0.0257592
   0.0186221
   0.0119789
  0.00616087
  -0.0219192
  -0.0411544
  -0.0570019
  -0.0702989
  -0.0809189
  -0.0891355
  -0.0950261
  -0.0986407
   -0.100081
  -0.0993473
  -0.0964871
  -0.0917018
  -0.0850077
  -0.0770026
  -0.0677953
  -0.0577619
   -0.047033
  -0.0360035
  -0.0248388
  -0.0140146
 -0.00377195
  0.00528838
   0.0128216
   0.0186196
   0.0223588
   0.0246976
    0.025576
   0.0244607
   0.0211961
   0.0157567
  0.00799058
   0.0183683
   0.0346229
   0.0482657
   0.0605279
     0.07124
   0.0807366
    0.088866
   0.0958088
    0.101427
    0.105705
    0.108479
    0.109793
    0.109494
    0.107913
    0.105017
    0.101239
   0.0966805
   0.0914496
    0.085686
   0.0791361
   0.0718642
   0.0641659
   0.0561792
   0.0482841
   0.0407408
   0.0333006
   0.0261564
   0.0195529
   0.0138017
  0.00876626
  0.00478726
  -0.0185771
  -0.0335022
  -0.0439797
  -0.0513742
  -0.0555834
  -0.0572222
  -0.0564213
  -0.0536499
  -0.0491143
  -0.0431289
  -0.0358871
  -0.0276862
  -0.0186941
 -0.00934457
 0.000170346
  0.00961622
   0.0188281
   0.0276671
   0.0360133
   0.0437527
   0.0507335
   0.0564241
    0.060537
   0.0627614
   0.0627997
   0.0608234
   0.0566843
   0.0499615
   0.0404467
   0.0285099
   0.0139687
   0.0241787
   0.0449837
    0.061533
   0.0757424
   0.0873668
   0.0969648
    0.104373
    0.110053
    0.113934
    0.116228
    0.116893
    0.116044
    0.113663
    0.109972
    0.105022
   0.0992098
   0.0926928
   0.0857834
   0.0787611
   0.0710779
   0.0628243
   0.0542513
   0.0455018
   0.0370508
   0.0291721
   0.0219796
   0.0157752
   0.0106476
  0.00694731
  0.00421299
  0.00276008
  -0.0133128
  -0.0225015
  -0.0268461
   -0.028291
  -0.0267574
   -0.023139
  -0.0175201
  -0.0106413
 -0.00265432
  0.00599207
   0.0151232
   0.0244953
   0.0339004
   0.0431253
   0.0519239
    0.060193
   0.0676992
   0.0744938
   0.0804267
   0.0856577
   0.0900632
   0.0931442
   0.0946562
   0.0941949
   0.0915184
   0.0863706
   0.0785525
   0.0677751
    0.053766
   0.0372461
   0.0179376
   0.0260389
   0.0482283
   0.0653582
   0.0796453
   0.0907817
   0.0994739
    0.105622
    0.109695
    0.111703
    0.111963
    0.110531
    0.107677
    0.103526
   0.0981769
   0.0917821
   0.0846522
   0.0770129
   0.0691212
   0.0612704
   0.0531604
   0.0449771
   0.0369139
   0.0292238
   0.0221289
   0.0159194
   0.0106253
  0.00649172
  0.00352387
  0.00191387
  0.00111401
  0.00118822
 -0.00339655
 -0.00393562
 -0.00124495
  0.00303095
   0.0088037
   0.0153505
    0.022487
    0.029841
   0.0372475
   0.0447388
   0.0522544
   0.0599857
   0.0679935
   0.0758766
   0.0835233
   0.0906976
   0.0972275
     0.10303
    0.107965
     0.11199
    0.114975
    0.116432
    0.116116
    0.113509
    0.108254
    0.100388
   0.0896414
   0.0760904
   0.0594706
   0.0406652
   0.0194188
   0.0253251
   0.0465232
     0.06213
   0.0746861
   0.0838258
   0.0903911
   0.0943238
    0.096063
   0.0956663
   0.0935234
   0.0897702
   0.0848139
   0.0789206
   0.0720589
   0.0644798
   0.0564041
    0.048124
   0.0398364
   0.0318616
   0.0241795
   0.0170857
   0.0107073
  0.00537484
 0.000994483
 -0.00220041
   -0.004348
 -0.00532421
 -0.00524555
 -0.00409547
 -0.00249238
-0.000588471
  0.00387093
  0.00941411
   0.0167651
   0.0247131
   0.0331122
   0.0414845
   0.0495645
   0.0572876
   0.0643759
   0.0711854
   0.0776201
   0.0841633
   0.0910502
   0.0976686
    0.104037
    0.109812
    0.114915
    0.119173
    0.122515
    0.124778
    0.125898
    0.125479
    0.123355
     0.11896
    0.111865
    0.102395
   0.0901936
   0.0756509
   0.0584501
   0.0395551
   0.0186466
   0.0196401
   0.0357312
   0.0467944
   0.0552158
   0.0606847
   0.0640419
   0.0653711
   0.0648989
   0.0628083
   0.0593671
   0.0548309
   0.0495244
   0.0438071
   0.0375244
   0.0309753
   0.0243189
   0.0178768
    0.011791
  0.00637512
  0.00151856
 -0.00255261
 -0.00582647
 -0.00813806
 -0.00958602
  -0.0101375
 -0.00992357
   -0.009036
 -0.00753441
 -0.00560041
 -0.00348179
 -0.00142482
   0.0075498
   0.0156476
   0.0241794
   0.0329614
   0.0419634
   0.0512017
   0.0607043
   0.0700355
   0.0790551
   0.0874182
   0.0949096
    0.101685
    0.107712
    0.112979
    0.117482
    0.121085
    0.123742
    0.125207
    0.125358
    0.124288
    0.121928
    0.118276
    0.113251
    0.106662
   0.0982801
   0.0883375
   0.0766185
   0.0634115
   0.0485084
   0.0326034
     0.01549
   0.0111264
   0.0194409
    0.023569
   0.0258084
   0.0259519
   0.0248673
   0.0227953
   0.0197462
   0.0160172
   0.0117273
   0.0072202
  0.00269537
 -0.00143651
 -0.00549608
 -0.00918315
  -0.0124514
  -0.0150098
  -0.0168419
  -0.0177267
  -0.0179654
  -0.0174921
  -0.0164817
  -0.0149848
  -0.0131187
  -0.0110494
 -0.00887347
 -0.00685542
  -0.0049307
 -0.00339621
  -0.0020281
 -0.00107766
    0.010697
   0.0209421
     0.03034
    0.039614
   0.0487351
   0.0581123
   0.0680319
   0.0777511
   0.0873629
   0.0959697
    0.103359
     0.10945
    0.113989
    0.117558
    0.120114
    0.121713
    0.122333
    0.121648
    0.119466
    0.116095
    0.111404
    0.105716
   0.0989664
   0.0912722
   0.0825574
   0.0729317
   0.0623053
   0.0508617
   0.0385107
   0.0256999
   0.0123778
 -7.7132e-05
-0.000873141
 -0.00314116
  -0.0059102
 -0.00918187
  -0.0126275
  -0.0159728
  -0.0195481
  -0.0231377
  -0.0268044
  -0.0303849
  -0.0334982
    -0.03589
  -0.0377678
  -0.0389759
  -0.0395157
  -0.0392697
  -0.0382301
  -0.0363531
  -0.0338417
  -0.0307644
  -0.0272931
   -0.023566
  -0.0197438
   -0.016024
  -0.0125123
 -0.00943406
 -0.00672985
 -0.00459013
 -0.00278029
 -0.00141089
   0.0131035
   0.0255755
   0.0370455
   0.0478167
   0.0577359
   0.0668784
   0.0752286
   0.0828173
   0.0896851
   0.0956021
    0.100497
    0.104293
     0.10683
     0.10845
    0.109091
    0.108868
    0.107747
    0.105635
    0.102423
   0.0983379
   0.0933127
    0.087579
   0.0811249
   0.0740466
    0.066337
   0.0580751
   0.0492517
   0.0399836
   0.0302733
   0.0202721
  0.00999655
  -0.0116324
  -0.0215938
  -0.0299139
   -0.036969
  -0.0426105
  -0.0471447
  -0.0503644
  -0.0530407
  -0.0551337
  -0.0569678
  -0.0586248
   -0.059579
  -0.0597617
  -0.0592787
  -0.0581294
  -0.0563633
   -0.054027
  -0.0510905
  -0.0476394
   -0.043707
  -0.0394194
  -0.0348637
  -0.0301896
  -0.0255379
   -0.021082
  -0.0168989
  -0.0131515
 -0.00979087
 -0.00692732
 -0.00437794
 -0.00218112
   0.0140594
   0.0272955
   0.0394174
   0.0504349
   0.0601811
   0.0684924
    0.075087
   0.0807233
   0.0853293
   0.0892581
   0.0925162
   0.0949868
   0.0965776
   0.0973734
   0.0972714
   0.0964104
   0.0947127
   0.0922679
   0.0890158
   0.0850697
   0.0804064
   0.0751472
   0.0693161
   0.0629768
   0.0561784
   0.0489613
   0.0413927
   0.0335264
   0.0254823
   0.0171775
  0.00876866
  -0.0154096
  -0.0290105
  -0.0406115
   -0.050489
  -0.0585674
  -0.0650525
  -0.0699315
  -0.0736842
  -0.0764094
   -0.078318
  -0.0795294
  -0.0797872
  -0.0790981
  -0.0775636
  -0.0752246
  -0.0721691
  -0.0684552
  -0.0641638
  -0.0593797
  -0.0541597
  -0.0486055
   -0.042767
  -0.0367387
  -0.0306627
  -0.0246398
  -0.0188788
  -0.0134757
 -0.00904632
 -0.00595794
 -0.00353536
  -0.0020119
   0.0134932
   0.0253789
   0.0350405
   0.0435586
   0.0508081
   0.0570504
   0.0621667
   0.0666403
   0.0704381
    0.073781
    0.076666
   0.0790415
   0.0808471
   0.0821131
   0.0827683
   0.0828515
   0.0823038
   0.0811055
   0.0791978
   0.0766157
   0.0733344
   0.0694134
   0.0648846
   0.0597698
   0.0541383
   0.0479604
   0.0413303
   0.0340489
   0.0261082
   0.0176972
   0.0089296
    -0.01517
  -0.0289092
  -0.0410111
  -0.0516996
  -0.0609633
  -0.0688302
  -0.0753822
  -0.0806754
  -0.0848264
  -0.0878205
  -0.0897304
  -0.0905192
  -0.0902193
  -0.0888846
   -0.086551
  -0.0833044
  -0.0791795
  -0.0743485
  -0.0688829
  -0.0628656
  -0.0563772
  -0.0494406
   -0.042111
  -0.0345583
  -0.0268491
  -0.0193797
  -0.0122425
 -0.00679115
 -0.00368633
 -0.00174281
 -0.00135113
   0.0125333
   0.0228385
   0.0300591
   0.0363052
   0.0414386
   0.0460742
   0.0502024
   0.0539984
   0.0574407
   0.0605943
   0.0634243
   0.0659204
   0.0680413
    0.069763
   0.0710569
   0.0718847
   0.0722317
   0.0719958
    0.071136
   0.0696134
   0.0673922
   0.0644453
   0.0608034
   0.0564702
   0.0515659
   0.0460382
   0.0400594
   0.0332398
   0.0254815
   0.0172398
  0.00855435
  -0.0150101
  -0.0290038
  -0.0417789
  -0.0532863
  -0.0634359
  -0.0722157
  -0.0795943
  -0.0856455
  -0.0903858
  -0.0938236
  -0.0959697
  -0.0968624
   -0.096518
  -0.0949893
  -0.0923034
  -0.0885078
  -0.0836137
   -0.077886
  -0.0714072
  -0.0642754
  -0.0565503
  -0.0488334
   -0.041461
  -0.0339875
  -0.0265846
  -0.0195376
  -0.0130681
 -0.00796074
 -0.00468962
 -0.00249791
 -0.00160938
  0.00836993
   0.0154246
   0.0205404
   0.0252409
   0.0294222
   0.0334941
   0.0374509
   0.0413359
   0.0451258
   0.0487567
   0.0521834
   0.0552545
    0.057888
   0.0600679
   0.0617421
   0.0629783
   0.0637812
   0.0641516
   0.0640868
    0.063493
   0.0623726
   0.0601526
   0.0566211
   0.0522169
   0.0470006
   0.0411591
   0.0348687
   0.0281154
   0.0210019
    0.013849
  0.00683619
  -0.0143311
  -0.0281817
  -0.0413251
  -0.0533927
   -0.064177
  -0.0736047
   -0.081521
  -0.0880316
  -0.0930613
  -0.0966546
  -0.0987621
  -0.0994914
    -0.09884
  -0.0968632
  -0.0935847
  -0.0890224
  -0.0831768
  -0.0764245
   -0.068883
  -0.0606965
  -0.0519413
  -0.0438421
  -0.0370237
  -0.0303789
  -0.0241238
   -0.018346
  -0.0132976
 -0.00907425
 -0.00591147
 -0.00351937
 -0.00202264
  0.00489601
  0.00920723
   0.0125002
   0.0156977
   0.0187308
   0.0218208
   0.0249898
   0.0281852
   0.0314216
   0.0345545
   0.0375746
   0.0402377
   0.0424563
   0.0442427
   0.0455292
   0.0464844
   0.0471271
   0.0475592
   0.0478327
   0.0478384
   0.0476761
   0.0463125
   0.0433366
   0.0395956
   0.0350471
   0.0300457
   0.0246906
   0.0192485
   0.0139401
  0.00889712
  0.00441194
  -0.0129755
  -0.0256772
  -0.0379014
  -0.0493566
  -0.0598375
  -0.0692094
  -0.0773191
  -0.0841529
   -0.089628
  -0.0937311
  -0.0964204
  -0.0977409
  -0.0976995
  -0.0963376
  -0.0937001
  -0.0898308
  -0.0847952
   -0.078849
  -0.0721458
  -0.0648459
  -0.0571019
  -0.0496488
  -0.0428755
  -0.0362878
  -0.0300192
  -0.0241188
  -0.0187219
  -0.0138737
 -0.00969344
  -0.0060667
 -0.00306464
  0.00277187
  0.00522951
  0.00718811
  0.00904594
    0.010757
   0.0124387
   0.0140945
   0.0157079
   0.0172862
   0.0187706
   0.0201631
    0.021356
   0.0223156
   0.0230436
   0.0235092
   0.0237873
   0.0238847
   0.0238547
   0.0237248
   0.0234749
   0.0231738
   0.0223563
   0.0208525
    0.019025
   0.0168433
   0.0144717
   0.0119424
  0.00936623
  0.00683007
  0.00439255
  0.00218606
  5.1588e-05
  0.00010252
 0.000151806
 0.000199215
 0.000241119
 0.000280138
 0.000312601
 0.000341449
 0.000364213
 0.000382853
 0.000394552
 0.000401645
 0.000401602
 0.000396509
 0.000382228
 0.000362898
 0.000332571
 0.000298324
 0.000255541
 0.000211285
 0.000165425
 0.000120748
 9.30527e-05
 6.80875e-05
 4.25272e-05
 2.02521e-05
 1.84695e-06
-1.29905e-05
-1.66678e-05
-1.71794e-05
-9.24917e-06
-5.88512e-05
-0.000117702
-6.64913e-05
-1.52803e-05
 6.02833e-06
 2.73369e-05
  2.6399e-05
  2.5461e-05
 8.51638e-06
-8.42822e-06
-3.38763e-05
-5.93244e-05
-6.68868e-05
-7.44491e-05
 -6.7188e-05
-5.99268e-05
-5.70381e-05
-5.41494e-05
-9.10129e-05
-0.000127876
-0.000198611
-0.000269347
-0.000224627
-0.000179908
-0.000137647
-9.53853e-05
-5.02357e-05
 -5.0861e-06
 2.33185e-05
 5.17231e-05
 2.58615e-05
