   0.0980255
    0.195101
    0.290293
    0.382696
    0.471417
    0.555589
    0.634411
    0.707132
    0.773033
    0.831494
    0.881944
    0.923905
    0.956965
    0.980814
    0.995204
     1.00002
    0.995202
    0.980811
     0.95696
    0.923899
    0.881937
    0.831485
    0.773024
    0.707122
    0.634401
     0.55558
    0.471406
    0.382682
     0.29028
    0.195088
   0.0980191
    -0.70807
    -1.41151
    -2.10346
    -2.77714
    -3.42593
    -4.04345
     -4.6236
    -5.16065
    -5.64925
    -6.08455
    -6.46216
    -6.77829
     -7.0297
    -7.21382
    -7.32867
      -7.373
    -7.34618
    -7.24834
    -7.08023
    -6.84334
     -6.5398
    -6.17241
    -5.74459
    -5.26038
    -4.72429
    -4.14134
    -3.51704
    -2.85799
    -2.17054
    -1.46054
   -0.734721
   0.0948479
    0.188803
    0.280961
    0.370435
    0.456363
    0.537915
    0.614305
    0.684797
    0.748708
    0.805422
    0.854391
     0.89514
    0.927275
    0.950485
    0.964544
    0.969315
    0.964748
    0.950888
    0.927864
    0.895898
    0.855294
    0.806443
    0.749813
    0.685948
    0.615461
    0.539042
    0.457426
    0.371384
    0.281745
    0.189371
   0.0951529
   -0.689636
    -1.37485
    -2.04895
    -2.70531
    -3.33748
    -3.93923
    -4.50462
    -5.02804
    -5.50429
    -5.92862
    -6.29675
    -6.60499
    -6.85017
    -7.02978
    -7.14187
    -7.18522
     -7.1592
    -7.06393
    -6.90012
    -6.66921
    -6.37323
    -6.01492
    -5.59763
    -5.12597
    -4.60441
    -4.03713
    -3.42941
    -2.78734
    -2.11706
    -1.42463
   -0.716671
   0.0916767
    0.182523
    0.271661
     0.35823
    0.441394
    0.520348
    0.594329
     0.66262
     0.72456
    0.779549
    0.827052
    0.866609
    0.897834
    0.920421
     0.93415
    0.938884
    0.934572
    0.921253
    0.899051
    0.868177
    0.828923
    0.781664
    0.726852
    0.665012
    0.596738
    0.522707
    0.443631
    0.360239
    0.273328
    0.183738
    0.092331
   -0.672191
    -1.34015
    -1.99732
    -2.63723
    -3.25359
    -3.84031
    -4.39158
    -4.90197
    -5.36636
    -5.78016
    -6.13918
    -6.43982
    -6.67897
    -6.85418
    -6.96357
    -7.00593
    -6.98066
    -6.88787
    -6.72825
    -6.50323
    -6.21475
     -5.8654
    -5.45841
    -4.99883
     -4.4911
    -3.93863
    -3.34654
    -2.72049
     -2.0664
     -1.3906
   -0.699554
   0.0885598
    0.176342
    0.262497
    0.346192
    0.426617
    0.502993
    0.574578
     0.64068
    0.700654
    0.753919
    0.799953
    0.838309
    0.868608
    0.890554
    0.903926
    0.908588
    0.904487
     0.89165
    0.870192
      0.8403
    0.802248
     0.75641
    0.703211
    0.643129
     0.57673
    0.504785
    0.428009
    0.347208
    0.263209
    0.176877
   0.0890581
   -0.656086
    -1.30798
    -1.94925
    -2.57364
    -3.17497
    -3.74736
    -4.28513
    -4.78299
    -5.23598
    -5.63961
    -5.98981
    -6.28306
    -6.51631
    -6.68717
    -6.79377
    -6.83496
    -6.81012
    -6.71934
    -6.56338
    -6.34428
    -6.06405
    -5.72451
    -5.32871
    -4.88096
    -4.38548
    -3.84622
    -3.26824
    -2.65701
    -2.01833
    -1.35835
   -0.683401
   0.0854836
    0.170241
    0.253449
    0.334304
    0.412019
    0.485842
    0.555053
    0.618979
    0.676997
     0.72854
    0.773101
    0.810245
      0.8396
    0.860875
    0.873853
    0.878394
    0.874441
    0.862013
    0.841208
    0.812194
    0.775226
    0.730681
    0.678963
    0.620507
    0.555869
     0.48593
    0.411429
    0.333269
    0.252317
    0.169457
   0.0854996
    -0.64102
    -1.27788
    -1.90429
    -2.51417
    -3.10149
    -3.66053
    -4.18575
    -4.67201
    -5.11444
    -5.50871
    -5.85081
    -6.13733
    -6.36529
    -6.53234
    -6.63664
    -6.67712
    -6.65311
    -6.56464
     -6.4124
    -6.19896
    -5.92637
    -5.59576
     -5.2101
    -4.77302
    -4.28859
    -3.76131
    -3.19616
    -2.59846
    -1.97391
     -1.3285
   -0.668417
    0.082425
    0.164177
    0.244458
     0.32249
    0.397511
    0.468793
    0.535636
    0.597387
    0.653437
    0.703232
    0.746276
    0.782135
    0.810438
    0.830879
    0.843227
    0.847321
    0.843084
    0.830591
    0.809932
    0.781329
    0.745047
    0.701498
    0.651112
    0.594386
    0.531913
    0.464494
    0.392894
    0.317974
    0.240603
    0.161612
   0.0817314
   -0.626693
    -1.24934
    -1.86175
    -2.45803
    -3.03227
     -3.5789
    -4.09248
    -4.56798
    -5.00062
    -5.38619
    -5.72079
    -6.00106
     -6.2241
    -6.38764
    -6.48994
    -6.53039
    -6.50846
     -6.4236
    -6.27639
    -6.06865
    -5.80223
    -5.47888
     -5.1015
    -4.67365
    -4.19931
    -3.68296
    -3.12947
    -2.54413
    -1.93253
    -1.30057
   -0.654337
   0.0793682
    0.158117
    0.235472
     0.31068
    0.383002
    0.451729
     0.51618
    0.575719
    0.629749
    0.677725
    0.719156
    0.753607
    0.780706
    0.800126
    0.811621
    0.815016
    0.810219
    0.797376
    0.776588
    0.748157
    0.712374
    0.669711
     0.62064
    0.565729
    0.505609
    0.440982
    0.372614
    0.301295
    0.227876
    0.153111
   0.0776427
   -0.613466
    -1.22295
     -1.8224
     -2.4061
    -2.96824
    -3.50343
     -4.0063
    -4.47195
    -4.89566
    -5.27338
    -5.60124
    -5.87598
    -6.09471
    -6.25517
    -6.35566
    -6.39597
    -6.37566
     -6.2937
    -6.15066
    -5.94767
     -5.6865
    -5.36944
    -4.99942
    -4.57988
    -4.11477
    -3.60849
    -3.06588
    -2.49215
    -1.89283
     -1.2737
   -0.640753
   0.0763035
    0.152036
    0.226442
    0.298784
    0.368336
      0.4344
    0.496302
    0.553401
    0.605095
     0.65083
    0.690097
    0.722482
    0.747613
    0.765381
     0.77558
     0.77802
    0.772653
    0.759611
     0.73904
    0.711229
    0.676508
    0.635329
    0.588184
    0.535628
    0.478292
    0.416834
    0.351991
     0.28451
    0.215184
    0.144667
   0.0735031
   -0.600873
    -1.19786
    -1.78503
    -2.35682
    -2.90757
    -3.43199
    -3.92485
    -4.38135
    -4.79689
    -5.16745
    -5.48927
    -5.75942
    -5.97509
    -6.13368
    -6.23342
    -6.27358
    -6.25361
      -6.173
    -6.03234
    -5.83277
    -5.57608
    -5.26457
    -4.90115
    -4.48922
     -4.0327
    -3.53594
    -3.00373
     -2.4412
    -1.85378
     -1.2472
   -0.627321
   0.0731118
    0.145702
    0.217026
    0.286354
    0.352967
     0.41617
     0.47529
    0.529678
    0.578723
    0.621864
    0.658588
    0.688515
      0.7113
     0.72709
    0.735745
    0.737083
     0.73111
    0.717942
    0.697763
    0.670835
    0.637508
    0.598185
    0.553363
    0.503556
    0.449378
    0.391433
    0.330423
    0.267043
    0.202033
    0.135944
   0.0692313
   -0.589283
    -1.17472
     -1.7505
    -2.31125
    -2.85139
    -3.36576
    -3.84923
    -4.29709
    -4.70482
    -5.06841
     -5.3842
     -5.6495
    -5.86164
    -6.01772
    -6.11601
    -6.15531
    -6.13502
    -6.05515
    -5.91628
    -5.71963
    -5.46695
    -5.16057
    -4.80337
    -4.39875
    -3.95057
    -3.46315
    -2.94121
    -2.38982
    -1.81433
    -1.22037
   -0.613697
   0.0694897
    0.138473
    0.206189
    0.271908
    0.334894
    0.394492
    0.450031
    0.501013
    0.546864
     0.58707
    0.621172
    0.648875
    0.669901
    0.684264
    0.691871
    0.692623
    0.686562
    0.673797
    0.654532
    0.629004
    0.597564
    0.560605
    0.518607
    0.472014
    0.421396
    0.367283
    0.310306
     0.25105
    0.190156
    0.128094
   0.0652429
   -0.577977
    -1.15226
    -1.71719
    -2.26744
    -2.79755
    -3.30244
    -3.77709
    -4.21683
    -4.61724
    -4.97425
    -5.28421
     -5.5442
    -5.75155
    -5.90375
    -5.99912
    -6.03654
    -6.01545
     -5.9359
    -5.79852
    -5.60451
    -5.35566
    -5.05428
    -4.70325
    -4.30592
    -3.86614
    -3.38819
    -2.87671
    -2.33671
    -1.77349
    -1.19257
   -0.599599
   0.0652093
    0.129944
     0.19342
    0.254906
    0.313659
    0.369074
    0.420504
    0.467634
    0.509951
    0.547008
    0.578421
    0.603973
    0.623445
    0.636681
    0.643609
    0.644192
    0.638496
    0.626612
    0.608747
    0.585108
    0.556031
    0.521893
    0.483142
    0.440138
    0.393398
    0.343359
    0.290574
    0.235508
    0.178705
    0.120569
   0.0614234
   -0.567033
    -1.13041
    -1.68459
    -2.22428
    -2.74418
    -3.23926
    -3.70461
    -4.13566
    -4.52809
    -4.87781
    -5.18127
    -5.43534
    -5.63738
    -5.78526
    -5.87737
    -5.91264
     -5.8906
    -5.81131
    -5.67543
    -5.48418
    -5.23934
    -4.94323
    -4.59869
    -4.20905
     -3.7781
    -3.31006
    -2.80954
    -2.28145
    -1.73102
    -1.16366
   -0.584939
    0.059147
    0.118153
     0.17624
    0.232718
    0.286869
    0.337912
    0.385234
    0.428662
     0.46775
    0.502082
    0.531331
    0.555258
    0.573674
    0.586397
    0.593363
    0.594531
    0.589968
    0.579722
    0.563978
    0.542894
    0.516764
    0.485885
    0.450637
    0.411338
    0.368421
    0.322265
     0.27333
     0.22202
    0.168789
    0.114006
   0.0579821
   -0.556252
     -1.1087
    -1.65196
    -2.18076
    -2.68991
    -3.17447
    -3.62964
    -4.05094
    -4.43415
    -4.77536
    -5.07112
    -5.31841
    -5.51468
     -5.6579
    -5.74654
    -5.77959
    -5.75663
    -5.67777
    -5.54367
    -5.35558
    -5.11526
    -4.82502
    -4.48765
    -4.10643
     -3.6851
    -3.22779
    -2.73902
    -2.22362
     -1.6867
    -1.13357
   -0.569657
   0.0518837
    0.104063
    0.155815
    0.206518
    0.255497
    0.301784
     0.34479
     0.38447
     0.42043
    0.452267
    0.479691
    0.502421
    0.520281
    0.533052
     0.54067
    0.543067
    0.540291
    0.532322
    0.519304
    0.501326
    0.478617
    0.451374
    0.419898
    0.384458
    0.345403
    0.303058
      0.2578
    0.209988
    0.160006
     0.10821
   0.0549216
   -0.544409
    -1.08482
    -1.61601
    -2.13276
    -2.63002
    -3.10295
    -3.54692
    -3.95752
    -4.33069
    -4.66268
    -4.95017
    -5.19024
    -5.38044
    -5.51883
    -5.60397
    -5.63492
    -5.61129
    -5.53323
    -5.40142
     -5.2171
    -4.98202
    -4.69845
    -4.36913
    -3.99727
    -3.58652
    -3.14091
    -2.66482
    -2.16296
    -1.64034
    -1.10214
   -0.553707
   0.0439509
   0.0887004
     0.13361
    0.178044
    0.221394
     0.26288
    0.301976
    0.338405
    0.371792
     0.40172
      0.4279
    0.450013
     0.46786
    0.481201
    0.489929
    0.493927
    0.493185
    0.487654
    0.477405
    0.462488
    0.443055
    0.419252
      0.3913
    0.359423
      0.3239
    0.285017
    0.243098
    0.198508
    0.151596
    0.102648
   0.0520162
   -0.531188
    -1.05806
    -1.57557
    -2.07868
    -2.56253
    -3.02243
    -3.45389
    -3.85269
     -4.2149
    -4.53692
    -4.81555
      -5.048
    -5.23192
    -5.36544
    -5.44718
    -5.47627
    -5.45237
    -5.37565
     -5.2468
    -5.06705
    -4.83813
    -4.56226
    -4.24215
    -3.88091
     -3.4821
    -3.04952
    -2.58741
    -2.10015
    -1.59254
    -1.06975
   -0.537048
   0.0356348
   0.0726022
    0.110372
    0.148314
    0.185915
    0.222604
    0.257929
    0.291349
    0.322484
    0.350879
    0.376219
    0.398131
    0.416373
    0.430663
    0.440841
    0.446723
    0.448232
    0.445282
    0.437873
    0.426016
    0.409791
    0.389301
    0.364698
    0.336171
    0.303939
    0.268263
    0.229428
    0.187816
    0.143749
   0.0974458
   0.0492846
   -0.516095
    -1.02761
     -1.5297
    -2.01756
    -2.48652
    -2.93204
    -3.34981
    -3.73577
    -4.08614
    -4.39747
    -4.66668
    -4.89108
    -5.06842
    -5.19691
    -5.27523
    -5.30257
    -5.27862
    -5.20356
     -5.0781
    -4.90343
    -4.68127
    -4.41376
    -4.10358
    -3.75377
    -3.36778
    -2.94925
    -2.50226
    -2.03089
    -1.53977
    -1.03401
   -0.518709
   0.0286318
   0.0589231
   0.0904887
    0.122762
    0.155318
    0.187616
    0.219235
     0.24964
    0.278434
    0.305146
    0.329425
    0.350873
    0.369199
     0.38409
    0.395325
    0.402686
    0.406032
    0.405239
    0.400249
    0.391025
    0.377592
    0.360025
    0.338433
    0.312969
    0.283819
    0.251207
    0.215392
    0.176701
    0.135443
   0.0918982
   0.0464659
   -0.498746
   -0.992819
    -1.47761
    -1.94853
     -2.4011
    -2.83096
    -3.23397
     -3.6062
    -3.94401
    -4.24407
    -4.50342
    -4.71946
    -4.89004
    -5.01342
    -5.08836
    -5.11409
    -5.09034
    -5.01731
    -4.89573
    -4.72668
    -4.51184
    -4.25327
    -3.95354
    -3.61564
    -3.24294
      -2.839
    -2.40781
    -1.95351
    -1.48056
   -0.993847
   -0.498299
   0.0228557
   0.0475965
   0.0739615
    0.101434
    0.129663
    0.158124
    0.186425
    0.214056
    0.240618
    0.265642
    0.288751
    0.309538
    0.327671
    0.342818
    0.354713
    0.363111
    0.367823
    0.368698
    0.365631
    0.358548
    0.347433
    0.332347
    0.313365
    0.290615
    0.264254
    0.234472
    0.201505
    0.165616
      0.1271
   0.0862959
   0.0436131
   -0.479057
    -0.95357
    -1.41924
    -1.87164
    -2.30648
    -2.71953
    -3.10678
    -3.46441
    -3.78892
    -4.07708
    -4.32603
    -4.53326
     -4.6967
    -4.81463
    -4.88589
    -4.90973
    -4.88596
    -4.81482
    -4.69707
    -4.53376
    -4.32655
    -4.07744
    -3.78891
    -3.46394
    -3.10574
    -2.71784
    -2.30406
    -1.86856
    -1.41565
   -0.949902
    -0.47603
   0.0189326
   0.0396821
   0.0620835
   0.0857402
    0.110364
    0.135513
    0.160832
    0.185868
    0.210241
    0.233521
    0.255339
    0.275312
     0.29311
    0.308397
    0.320903
    0.330375
    0.336624
    0.339506
     0.33893
    0.334822
     0.32712
    0.315139
     0.29881
    0.278536
    0.254383
    0.226596
    0.195326
    0.160859
     0.12343
   0.0836213
   0.0419012
   -0.455955
   -0.908596
    -1.35395
    -1.78697
    -2.20349
    -2.59916
    -2.97011
     -3.3126
    -3.62328
    -3.89907
    -4.13727
    -4.33543
    -4.49155
    -4.60379
    -4.67096
    -4.69243
    -4.66798
    -4.59812
    -4.48359
    -4.32565
    -4.12589
    -3.88641
    -3.60961
    -3.29838
    -2.95582
    -2.58535
    -2.19065
    -1.77569
    -1.34461
   -0.901833
   -0.451831
   0.0166928
   0.0350005
   0.0548213
   0.0758643
   0.0978974
    0.120567
    0.143563
    0.166508
    0.189057
    0.210845
    0.231533
    0.250789
     0.26831
    0.283776
    0.296936
    0.307542
    0.315414
    0.320417
    0.322458
    0.321439
    0.317197
    0.308223
    0.294255
    0.275957
    0.253303
    0.226604
    0.195943
    0.161658
    0.123965
    0.083737
   0.0415578
   -0.433266
   -0.864208
    -1.28903
    -1.70203
     -2.0992
    -2.47608
    -2.82898
    -3.15428
    -3.44887
    -3.70985
    -3.93478
    -4.12139
    -4.26792
    -4.37248
    -4.43402
    -4.45206
    -4.42643
    -4.35787
    -4.24708
    -4.09546
    -3.90452
    -3.67637
    -3.41324
    -3.11791
    -2.79324
    -2.44252
    -2.06915
    -1.67689
    -1.26957
   -0.851428
   -0.426636
    0.016129
   0.0337366
   0.0527641
   0.0729861
   0.0942499
    0.116287
     0.13887
    0.161528
    0.183954
    0.205647
    0.226259
    0.245579
    0.263296
    0.279146
    0.292843
     0.30405
    0.312508
    0.318057
    0.320482
    0.319617
    0.315191
    0.306282
     0.29262
     0.27456
    0.252083
    0.225461
    0.194821
    0.160548
    0.122946
   0.0829233
   0.0411525
   -0.414614
   -0.826181
    -1.23101
     -1.6238
    -2.00075
    -2.35768
    -2.69106
    -2.99741
    -3.27375
    -3.51748
    -3.72635
    -3.89858
    -4.03265
    -4.12725
    -4.18156
    -4.19531
    -4.16845
    -4.10161
    -3.99554
     -3.8515
    -3.67092
    -3.45573
    -3.20804
    -2.93034
    -2.62534
    -2.29601
    -1.94554
    -1.57732
     -1.1949
   -0.801984
   -0.402378
   0.0176718
   0.0366459
    0.056904
   0.0782746
     0.10067
    0.123886
    0.147755
    0.171675
    0.195339
    0.218069
    0.239477
    0.259449
    0.277646
    0.293843
    0.307704
    0.318791
    0.326765
    0.331457
    0.332567
    0.329933
    0.323287
    0.312461
     0.29729
    0.277863
    0.254198
    0.226541
     0.19507
    0.160205
    0.122314
    0.082287
   0.0408228
   -0.394713
   -0.785756
    -1.16954
    -1.54126
    -1.89737
    -2.23404
    -2.54801
    -2.83599
     -3.0952
    -3.32331
    -3.51823
    -3.67855
    -3.80286
     -3.8903
    -3.94015
    -3.95219
    -3.92643
    -3.86332
    -3.76354
    -3.62819
    -3.45862
    -3.25652
    -3.02387
    -2.76292
     -2.4762
    -2.16643
    -1.83662
    -1.48985
    -1.12948
   -0.758774
   -0.381237
   0.0231687
   0.0469995
   0.0715507
   0.0964471
    0.121564
    0.146888
    0.172207
    0.197153
    0.221392
    0.244389
    0.265749
    0.285313
    0.302725
    0.317767
    0.330091
     0.33937
    0.345278
    0.347663
     0.34627
    0.341009
     0.33171
    0.318349
    0.300874
    0.279423
    0.254095
    0.225171
    0.192907
    0.157738
    0.120092
   0.0807039
   0.0402226
   -0.374428
   -0.744299
    -1.10609
    -1.45584
    -1.79029
    -2.10623
    -2.40075
    -2.67108
    -2.91471
    -3.12954
    -3.31364
    -3.46557
    -3.58399
    -3.66796
    -3.71679
    -3.73013
    -3.70793
    -3.65048
    -3.55838
    -3.43255
    -3.27421
    -3.08486
    -2.86633
    -2.62067
    -2.35023
    -2.05754
    -1.74542
    -1.41681
    -1.07484
   -0.722593
    -0.36333
   0.0311526
   0.0621554
   0.0930481
    0.123178
    0.152338
    0.180692
    0.207994
    0.234147
    0.258831
    0.281708
    0.302415
    0.320779
    0.336457
    0.349275
    0.358917
    0.365224
    0.367933
    0.366952
    0.362103
     0.35339
    0.340742
     0.32425
    0.303969
    0.280104
     0.25285
     0.22253
    0.189482
    0.154137
    0.116964
   0.0785054
    0.039323
   -0.354223
    -0.70342
    -1.04425
    -1.37366
    -1.68857
    -1.98636
     -2.2643
    -2.52001
    -2.75113
    -2.95566
    -3.13172
    -3.27776
    -3.39242
    -3.47467
    -3.52375
    -3.53918
    -3.52082
    -3.46882
    -3.38369
    -3.26618
    -3.11744
    -2.93883
    -2.73208
    -2.49909
    -2.24212
    -1.96358
    -1.66621
     -1.3529
    -1.02669
   -0.690495
   -0.347364
   0.0408321
   0.0796761
    0.116318
    0.151093
    0.183768
    0.214649
    0.243521
    0.270371
    0.294941
    0.317038
    0.336375
    0.352832
    0.366145
    0.376203
    0.382785
     0.38581
    0.385121
      0.3807
     0.37248
    0.360531
    0.344897
    0.325735
    0.303213
    0.277592
    0.249164
     0.21826
    0.185263
    0.150425
    0.114137
    0.076708
   0.0385321
    -0.33203
   -0.660067
   -0.981104
    -1.29228
    -1.59076
    -1.87392
    -2.13914
    -2.38403
    -2.60627
    -2.80377
    -2.97463
    -3.11719
    -3.23002
    -3.31196
    -3.36217
    -3.38003
    -3.36533
    -3.31806
    -3.23866
    -3.12778
    -2.98652
    -2.81622
    -2.61855
    -2.39531
    -2.14869
    -1.88099
    -1.59491
    -1.29398
   -0.981292
   -0.659706
   -0.332158
   0.0503472
   0.0967932
    0.138809
    0.177758
    0.213414
    0.246242
     0.27608
    0.303002
    0.326827
    0.347515
    0.364879
    0.378871
    0.389329
    0.396227
     0.39945
    0.399003
    0.394845
    0.387033
    0.375614
    0.360721
    0.342507
    0.321184
    0.297017
    0.270311
    0.241436
    0.210702
    0.178505
    0.144875
    0.110093
   0.0742056
   0.0374342
   -0.312605
   -0.622328
   -0.926484
    -1.22235
    -1.50721
    -1.77839
    -2.03331
    -2.26947
    -2.48455
    -2.67634
    -2.84291
    -2.98244
    -3.09348
    -3.17471
    -3.22524
    -3.24437
    -3.23181
    -3.18748
    -3.11176
     -3.0053
    -2.86921
    -2.70494
    -2.51423
     -2.2989
    -2.06107
    -1.80301
    -1.52728
    -1.23795
   -0.938052
   -0.630339
    -0.31763
   0.0556039
    0.106544
    0.152005
      0.1936
    0.231067
    0.264954
    0.295142
    0.321752
    0.344688
    0.363973
    0.379526
    0.391366
    0.399449
    0.403825
    0.404508
    0.401592
    0.395171
    0.385393
    0.372446
    0.356489
    0.337779
    0.316355
    0.292488
     0.26637
    0.238286
    0.208425
    0.177018
    0.144061
    0.109654
    0.073941
   0.0370763
   -0.294898
    -0.58871
   -0.879033
    -1.16261
    -1.43677
    -1.69858
    -1.94541
    -2.17464
    -2.38388
    -2.57083
    -2.73349
    -2.86993
    -2.97865
    -3.05826
    -3.10785
    -3.12669
    -3.11447
    -3.07102
    -2.99664
    -2.89191
     -2.7579
    -2.59688
    -2.41071
    -2.20165
    -1.97199
    -1.72389
    -1.45994
    -1.18332
    -0.89689
   -0.602911
   -0.303989
   0.0579671
    0.110766
    0.157373
    0.199649
    0.237286
    0.270897
     0.30039
    0.325917
    0.347443
     0.36504
    0.378716
     0.38855
    0.394605
    0.397006
    0.395888
    0.391429
    0.383852
    0.373384
    0.360332
    0.344848
    0.327246
    0.307323
    0.285281
     0.26112
    0.234966
    0.206825
     0.17673
    0.144641
    0.110517
   0.0746616
   0.0372412
   -0.279951
   -0.560373
   -0.839079
    -1.11222
    -1.37712
    -1.63058
    -1.86991
    -2.09235
    -2.29548
    -2.47692
    -2.63465
    -2.76671
    -2.87161
    -2.94798
    -2.99498
    -3.01206
      -2.999
    -2.95568
    -2.88239
    -2.77963
    -2.64836
    -2.49144
    -2.31071
    -2.10864
    -1.88756
    -1.64949
    -1.39704
    -1.13253
   -0.858728
   -0.577516
   -0.291356
   0.0555062
    0.106366
     0.15145
    0.192341
    0.228701
    0.261052
    0.289325
    0.313624
    0.333981
    0.350498
    0.363286
    0.372477
    0.378259
     0.38074
    0.380162
    0.376558
    0.370182
    0.361173
    0.349792
    0.336132
    0.320397
     0.30246
    0.282392
    0.260124
    0.235621
    0.208777
    0.179464
      0.1476
    0.113056
   0.0763717
   0.0378112
   -0.267856
   -0.537336
   -0.806398
    -1.07059
     -1.3272
    -1.57277
    -1.80458
    -2.01976
    -2.21588
    -2.39056
    -2.54178
    -2.66756
    -2.76635
    -2.83689
    -2.87838
    -2.89122
    -2.87544
    -2.83146
     -2.7598
    -2.66095
    -2.53592
    -2.38661
    -2.21467
    -2.02209
    -1.81097
    -1.58329
     -1.3415
    -1.08787
    -0.82501
   -0.554844
   -0.279788
   0.0498216
   0.0957967
    0.136796
    0.174159
     0.20753
     0.23734
    0.263532
     0.28615
    0.305274
    0.321023
     0.33359
    0.343133
    0.349933
    0.354029
    0.355708
    0.354783
    0.351451
    0.345676
    0.337588
    0.327156
    0.314427
    0.299336
    0.281824
    0.261769
    0.239004
    0.213342
    0.184539
    0.152507
    0.117075
   0.0790603
   0.0388581
   -0.256931
   -0.516255
   -0.775963
    -1.03097
    -1.27857
    -1.51508
    -1.73785
    -1.94402
    -2.13132
    -2.29759
    -2.44098
    -2.55965
    -2.65213
    -2.71723
    -2.75413
    -2.76399
    -2.74688
    -2.70358
    -2.63474
    -2.54072
     -2.4226
    -2.28138
    -2.11857
    -1.93571
    -1.73473
    -1.51758
    -1.28655
    -1.04381
   -0.791856
   -0.532614
   -0.268464
   0.0409013
   0.0795909
    0.115109
    0.148116
    0.178299
    0.205802
    0.230586
    0.252532
    0.271735
    0.288276
    0.302335
    0.313901
    0.323176
    0.330066
    0.334729
    0.337045
    0.337077
    0.334763
    0.330082
    0.322912
    0.313139
    0.300583
    0.285037
    0.266379
    0.244347
    0.218868
    0.189688
    0.156867
     0.12033
    0.081097
   0.0397433
   -0.248826
   -0.499513
   -0.750006
   -0.995161
    -1.23226
    -1.45764
    -1.66865
    -1.86267
    -2.03758
    -2.19235
    -2.32551
    -2.43591
    -2.52245
    -2.58402
    -2.61998
     -2.6306
    -2.61588
    -2.57618
    -2.51201
     -2.4238
    -2.31252
    -2.17912
      -2.025
    -1.85156
    -1.66059
    -1.45388
    -1.23353
    -1.00154
   -0.760187
   -0.511355
   -0.257365
   0.0302385
   0.0601404
   0.0890145
    0.116879
    0.143477
    0.168656
    0.192371
    0.214303
    0.234516
    0.252992
    0.269824
    0.284749
    0.297807
    0.308699
    0.317397
    0.323822
    0.327889
    0.329502
    0.328496
    0.324659
    0.317721
    0.307387
     0.29332
    0.275425
    0.253393
    0.227324
    0.197012
    0.162724
    0.124522
   0.0836423
   0.0408368
   -0.239151
   -0.479509
   -0.719008
   -0.952646
    -1.17787
    -1.39122
    -1.59016
    -1.77231
    -1.93561
    -2.07996
    -2.20405
    -2.30721
    -2.38862
    -2.44716
    -2.48238
    -2.49375
    -2.48126
    -2.44493
     -2.3852
     -2.3026
      -2.198
    -2.07234
    -1.92688
    -1.76294
    -1.58212
    -1.38611
    -1.17682
   -0.956098
    -0.72602
   -0.488397
   -0.245439
   0.0224875
   0.0458003
   0.0695925
   0.0936961
    0.117934
    0.141859
    0.165345
    0.187879
    0.209358
    0.229659
    0.248683
    0.266187
    0.282016
     0.29585
    0.307469
    0.316627
    0.323052
    0.326621
    0.327032
    0.324193
    0.317772
    0.307604
    0.293373
    0.275058
    0.252457
    0.225757
    0.194946
    0.160424
    0.122485
   0.0822411
   0.0405082
   -0.229052
   -0.457243
   -0.682422
   -0.901498
    -1.11233
    -1.31239
    -1.49962
     -1.6718
    -1.82717
    -1.96479
    -2.08338
    -2.18195
    -2.25966
     -2.3156
    -2.34934
    -2.36049
    -2.34903
    -2.31501
    -2.25886
    -2.18109
    -2.08252
    -1.96401
    -1.82671
    -1.67171
    -1.50044
    -1.31463
    -1.11599
   -0.906453
   -0.687955
   -0.462507
   -0.232224
   0.0168382
    0.035556
   0.0561111
   0.0781439
    0.101544
    0.125548
     0.14992
    0.173917
    0.197239
    0.219633
      0.2408
    0.260534
    0.278501
    0.294389
    0.307799
     0.31833
    0.325548
    0.329338
    0.329319
    0.325601
    0.317881
    0.306221
    0.290418
    0.270594
    0.246715
    0.219077
    0.187873
    0.153615
    0.116783
   0.0782758
   0.0388769
    -0.21844
   -0.434357
   -0.645567
    -0.85072
     -1.0479
    -1.23534
    -1.41129
    -1.57368
    -1.72098
    -1.85153
    -1.96411
     -2.0575
    -2.13085
    -2.18352
    -2.21508
    -2.22527
     -2.2141
    -2.18164
    -2.12831
    -2.05466
    -1.96147
    -1.84958
    -1.72006
    -1.57386
    -1.41228
    -1.23705
    -1.04974
   -0.852312
   -0.646491
   -0.434392
   -0.217948
   0.0179111
   0.0369179
   0.0570621
   0.0783948
    0.100767
      0.1238
    0.147174
    0.170399
    0.193071
    0.214869
    0.235375
    0.254359
      0.2714
    0.286266
    0.298528
    0.307873
    0.313901
    0.316481
    0.315321
    0.310481
    0.301802
    0.289384
    0.273209
    0.253477
    0.230341
    0.204106
    0.175078
    0.143469
    0.109675
   0.0739606
   0.0368906
   -0.205323
   -0.408959
   -0.608969
   -0.803301
   -0.990071
     -1.1673
    -1.33328
     -1.4862
    -1.62462
    -1.74709
    -1.85246
    -1.93963
     -2.0078
    -2.05637
    -2.08494
    -2.09328
    -2.08139
    -2.04937
    -1.99759
    -1.92668
    -1.83737
    -1.73061
    -1.60744
    -1.46901
    -1.31661
    -1.15196
   -0.976594
   -0.792409
   -0.601054
    -0.40407
   -0.203129
    0.022969
   0.0456687
     0.06802
   0.0904061
    0.112628
    0.134758
    0.156481
    0.177684
    0.197965
    0.217042
    0.234476
    0.250105
    0.263523
    0.274682
     0.28323
    0.289061
      0.2919
    0.291674
    0.288227
    0.281584
    0.271733
    0.258794
    0.242909
     0.22431
     0.20328
    0.180051
    0.154941
    0.127741
   0.0986508
    0.067215
   0.0337574
   -0.192772
    -0.38461
   -0.573736
   -0.757442
   -0.933921
    -1.10107
    -1.25722
    -1.40089
    -1.53069
    -1.64539
    -1.74393
     -1.8253
    -1.88874
    -1.93371
     -1.9598
    -1.96683
    -1.95476
    -1.92372
    -1.87403
    -1.80635
    -1.72135
    -1.62005
    -1.50346
    -1.37284
    -1.22947
    -1.07498
   -0.910848
   -0.738899
   -0.560697
   -0.377273
   -0.190109
    0.026219
    0.050724
   0.0732093
   0.0948007
    0.115323
    0.135134
    0.154037
    0.172049
    0.188913
    0.204452
     0.21838
    0.230559
    0.240738
    0.248854
    0.254714
    0.258242
    0.259316
    0.257885
    0.253914
    0.247385
    0.238335
    0.226731
    0.212671
    0.196257
    0.177686
    0.157278
    0.135227
    0.111421
   0.0859593
    0.058633
   0.0296707
   -0.183318
    -0.36499
   -0.543231
   -0.715996
   -0.881608
     -1.0383
    -1.18457
    -1.31902
     -1.4404
    -1.54757
    -1.63953
    -1.71539
    -1.77444
    -1.81616
    -1.84018
    -1.84633
    -1.83456
    -1.80503
    -1.75804
    -1.69422
    -1.61421
    -1.51908
    -1.40979
    -1.28756
    -1.15358
    -1.00927
   -0.856002
   -0.695171
   -0.528218
   -0.356009
   -0.179867
   0.0281908
   0.0530835
    0.074179
   0.0934116
    0.110688
    0.126691
    0.141389
    0.154956
    0.167327
    0.178476
    0.188312
    0.196751
    0.203714
    0.209112
    0.212902
    0.215001
    0.215409
    0.214059
    0.210982
    0.206058
      0.1993
    0.190435
    0.179435
    0.166204
     0.15081
    0.133669
    0.114891
   0.0945513
   0.0727449
   0.0496201
   0.0253453
   -0.173995
   -0.345748
   -0.513523
   -0.675955
   -0.831495
   -0.978714
    -1.11621
    -1.24273
    -1.35706
    -1.45817
    -1.54508
    -1.61699
     -1.6732
    -1.71323
    -1.73669
    -1.74342
    -1.73336
    -1.70666
    -1.66356
    -1.60456
     -1.5302
    -1.44147
    -1.33925
    -1.22459
    -1.09863
   -0.962518
   -0.817594
   -0.664921
   -0.505931
   -0.341482
   -0.172904
   0.0232905
   0.0441524
   0.0620607
   0.0781878
   0.0925013
    0.105453
    0.117109
    0.127603
    0.136983
    0.145252
    0.152418
    0.158422
    0.163241
    0.166764
    0.168949
    0.169756
    0.169165
    0.167398
    0.164491
    0.160347
    0.154956
    0.148023
    0.139494
    0.129296
    0.117472
    0.104281
   0.0898347
   0.0741715
   0.0573943
   0.0394861
   0.0205133
   -0.163549
   -0.324832
   -0.482168
   -0.634615
   -0.780731
   -0.919314
    -1.04906
     -1.1688
    -1.27739
    -1.37382
    -1.45715
    -1.52657
    -1.58138
    -1.62109
     -1.6453
    -1.65396
    -1.64703
    -1.62476
    -1.58734
     -1.5349
    -1.46787
    -1.38674
    -1.29219
    -1.18498
    -1.06605
    -0.93636
    -0.79707
   -0.649295
   -0.494383
   -0.333609
   -0.168437
     0.01501
    0.028985
    0.041553
   0.0531152
   0.0636504
   0.0732801
   0.0820754
   0.0900226
   0.0971877
    0.103506
    0.109003
    0.113569
    0.117172
    0.119626
    0.120841
    0.120798
    0.119449
    0.117326
    0.114497
    0.110936
    0.106665
    0.101437
   0.0952362
   0.0880718
    0.079991
   0.0710931
     0.06147
   0.0510868
   0.0400097
   0.0280025
   0.0150063
   -0.153971
   -0.305743
   -0.453749
   -0.597448
    -0.73547
   -0.866781
   -0.990119
    -1.10436
    -1.20838
    -1.30121
    -1.38191
    -1.44966
    -1.50375
    -1.54358
    -1.56873
    -1.57913
    -1.57475
    -1.55585
    -1.52264
    -1.47495
    -1.41318
    -1.33748
    -1.24848
    -1.14676
    -1.03319
   -0.908636
   -0.774157
   -0.630946
   -0.480261
   -0.323731
    -0.16287
   0.0077265
   0.0154751
    0.023028
   0.0301469
   0.0367507
   0.0427281
   0.0480359
   0.0525512
   0.0562315
   0.0591794
   0.0614158
   0.0634614
   0.0653853
   0.0667359
   0.0674895
   0.0674937
   0.0667502
   0.0655725
   0.0640408
   0.0621717
   0.0600028
    0.057381
   0.0543065
   0.0507523
   0.0467333
    0.042242
   0.0372856
   0.0317193
   0.0254919
   0.0183203
   0.0100518
   -0.143289
   -0.285426
   -0.425003
   -0.561171
   -0.692606
     -0.8181
   -0.936389
     -1.0462
    -1.14645
    -1.23629
    -1.31486
    -1.38151
    -1.43553
    -1.47609
    -1.50268
    -1.51495
     -1.5127
    -1.49596
    -1.46483
    -1.41932
    -1.35978
    -1.28656
    -1.20028
    -1.10168
   -0.991641
   -0.871124
     -0.7412
   -0.603177
   -0.458326
   -0.308342
   -0.154753
 0.000474266
  0.00207757
  0.00469911
  0.00742599
   0.0100859
   0.0123162
   0.0139444
   0.0147409
   0.0145704
   0.0137486
   0.0123492
   0.0116074
   0.0117498
     0.01208
    0.012647
   0.0131455
   0.0135946
   0.0140253
   0.0144788
    0.014966
   0.0155055
   0.0160051
   0.0164509
   0.0167519
   0.0168722
   0.0166922
   0.0161336
   0.0149522
   0.0130025
   0.0100015
  0.00575916
   -0.134445
   -0.268539
   -0.400951
   -0.530483
    -0.65584
   -0.775637
   -0.888613
   -0.993353
    -1.08878
    -1.17415
    -1.24872
    -1.31197
    -1.36332
    -1.40179
    -1.42699
    -1.43837
    -1.43578
    -1.41913
    -1.38852
    -1.34419
    -1.28647
    -1.21591
    -1.13309
    -1.03885
   -0.933995
   -0.819525
   -0.696421
    -0.56601
   -0.429479
   -0.288483
   -0.144488
 -0.00580636
  -0.0104834
  -0.0141649
  -0.0174676
  -0.0205283
  -0.0228372
  -0.0244086
  -0.0260741
  -0.0278842
  -0.0297933
   -0.031685
  -0.0328093
  -0.0329699
  -0.0325197
   -0.031423
  -0.0298841
  -0.0279111
  -0.0255466
  -0.0228032
  -0.0197597
  -0.0164613
  -0.0130515
 -0.00962055
 -0.00629202
 -0.00318727
-0.000402994
  0.00190613
  0.00349462
   0.0041794
   0.0038701
   0.0024382
   -0.128419
   -0.256498
   -0.382935
   -0.506412
   -0.625686
   -0.739424
   -0.846387
   -0.945202
    -1.03482
    -1.11438
    -1.18313
     -1.2405
    -1.28596
    -1.31892
    -1.33907
    -1.34625
    -1.34039
    -1.32165
     -1.2902
    -1.24642
     -1.1907
    -1.12362
    -1.04575
   -0.957738
    -0.86031
   -0.754358
   -0.640771
   -0.520687
   -0.395161
   -0.265513
   -0.133034
  -0.0118549
  -0.0227218
  -0.0327574
  -0.0421787
   -0.050962
  -0.0575734
   -0.061779
  -0.0650069
  -0.0672545
  -0.0688378
  -0.0697104
  -0.0697602
  -0.0689187
  -0.0672228
  -0.0646669
  -0.0613483
  -0.0572983
  -0.0526224
  -0.0473874
  -0.0417718
  -0.0358983
  -0.0299772
  -0.0241822
   -0.018664
  -0.0136137
 -0.00907343
 -0.00523714
 -0.00230598
-0.000452634
  0.00047543
 0.000450009
   -0.122165
   -0.243702
   -0.363251
   -0.479381
   -0.590942
   -0.696732
   -0.795651
   -0.886504
   -0.968407
    -1.04053
    -1.10221
    -1.15294
    -1.19227
    -1.21999
    -1.23588
    -1.24003
    -1.23243
    -1.21334
    -1.18294
    -1.14162
    -1.08972
    -1.02779
   -0.956341
   -0.875787
   -0.786769
   -0.690054
    -0.58644
   -0.476891
   -0.362332
   -0.243744
   -0.122264
   -0.017725
  -0.0332302
  -0.0463783
  -0.0580902
   -0.068239
  -0.0761461
  -0.0816452
  -0.0855818
  -0.0880169
  -0.0892251
  -0.0892646
   -0.088208
  -0.0861038
  -0.0830795
   -0.079221
  -0.0746571
  -0.0695139
  -0.0638887
   -0.057937
  -0.0517664
  -0.0455545
  -0.0394175
  -0.0335286
  -0.0278526
  -0.0225202
  -0.0175942
  -0.0131777
   -0.009397
 -0.00630755
 -0.00370564
 -0.00152516
   -0.117369
   -0.232668
   -0.344411
   -0.451783
     -0.5537
   -0.649343
   -0.737823
   -0.818421
   -0.890477
   -0.953509
    -1.00706
    -1.05086
    -1.08465
    -1.10834
    -1.12182
    -1.12519
    -1.11848
    -1.10176
    -1.07513
    -1.03865
   -0.992556
   -0.937245
   -0.873104
   -0.800534
   -0.720048
   -0.632346
   -0.538122
   -0.438439
   -0.334078
   -0.225281
   -0.113007
  -0.0213436
   -0.039158
  -0.0529653
  -0.0644791
     -0.0736
  -0.0806974
   -0.085775
  -0.0890802
  -0.0907118
  -0.0908512
  -0.0896178
  -0.0872218
  -0.0838158
  -0.0796406
  -0.0748972
  -0.0697673
  -0.0644787
  -0.0591083
  -0.0538722
  -0.0487578
  -0.0439386
  -0.0393651
  -0.0351366
  -0.0309566
   -0.026833
  -0.0228074
  -0.0188627
  -0.0150406
  -0.0112919
 -0.00740614
 -0.00328092
   -0.110506
   -0.217817
    -0.32046
   -0.418336
   -0.510488
   -0.596493
   -0.675637
   -0.747591
   -0.811818
   -0.868053
   -0.915907
   -0.955218
    -0.98574
    -1.00737
    -1.02003
    -1.02373
    -1.01856
    -1.00438
   -0.981339
   -0.949232
   -0.908251
   -0.858745
   -0.800995
   -0.735354
   -0.662208
   -0.582208
   -0.495976
   -0.404729
   -0.309176
    -0.20892
   -0.104765
  -0.0178439
  -0.0329263
  -0.0446304
  -0.0541992
  -0.0615503
  -0.0670889
  -0.0708992
  -0.0732577
  -0.0743344
  -0.0742675
   -0.073265
  -0.0714459
  -0.0690329
  -0.0661253
  -0.0629377
  -0.0595679
   -0.056206
  -0.0528835
  -0.0497415
  -0.0467996
  -0.0441556
  -0.0418492
  -0.0398923
  -0.0376202
  -0.0348406
  -0.0314866
  -0.0273618
  -0.0226621
  -0.0172696
  -0.0113711
 -0.00502312
   -0.100504
   -0.197524
   -0.289739
   -0.377727
   -0.460757
   -0.538653
   -0.610878
   -0.677083
   -0.736836
   -0.789819
   -0.835672
   -0.873952
   -0.904325
   -0.926246
   -0.939476
    -0.94398
   -0.939725
   -0.926817
   -0.905399
   -0.875687
   -0.837975
   -0.792851
   -0.740618
   -0.680767
    -0.61353
   -0.539596
   -0.459483
   -0.374568
   -0.285565
   -0.192729
  -0.0968533
  -0.0104207
  -0.0192569
  -0.0259221
  -0.0312018
  -0.0350062
  -0.0377042
  -0.0394253
  -0.0404867
  -0.0411288
  -0.0414318
  -0.0416562
  -0.0417661
  -0.0419773
   -0.042154
  -0.0424298
  -0.0427266
  -0.0431132
  -0.0435099
  -0.0439332
  -0.0444121
  -0.0449593
  -0.0457135
  -0.0466056
  -0.0466031
  -0.0453137
  -0.0425691
  -0.0380161
  -0.0320526
  -0.0245473
  -0.0161541
 -0.00714316
  -0.0919473
   -0.180451
   -0.264351
   -0.344779
   -0.421088
   -0.493203
   -0.560626
   -0.622876
   -0.679534
   -0.730191
   -0.774515
   -0.811835
   -0.841816
   -0.863592
   -0.876853
   -0.881571
   -0.877601
   -0.865229
   -0.844536
   -0.816109
   -0.780326
   -0.738047
   -0.689686
   -0.634032
   -0.571281
   -0.502189
   -0.427172
   -0.347706
   -0.264442
    -0.17821
  -0.0897673
 -0.00112194
 -0.00247505
 -0.00370075
 -0.00487991
 -0.00596938
 -0.00698296
 -0.00802524
 -0.00920278
  -0.0106712
  -0.0124104
   -0.014551
  -0.0170117
  -0.0198625
  -0.0230292
  -0.0265312
  -0.0303495
  -0.0344257
  -0.0380676
  -0.0410426
  -0.0434131
  -0.0449872
  -0.0461434
  -0.0467208
   -0.046274
  -0.0445118
  -0.0413762
  -0.0366957
  -0.0307365
  -0.0235635
  -0.0156408
 -0.00731525
  -0.0837409
    -0.16555
   -0.244458
   -0.320754
    -0.39375
   -0.463134
   -0.528289
   -0.588406
   -0.642887
   -0.691259
   -0.733048
   -0.767846
   -0.795302
   -0.815099
    -0.82703
   -0.831298
   -0.827798
   -0.816087
   -0.796136
   -0.768444
    -0.73332
   -0.691769
   -0.644293
    -0.59056
   -0.530982
   -0.466081
   -0.396357
   -0.322721
   -0.245774
   -0.165996
  -0.0839991
  0.00856893
   0.0149024
    0.019047
    0.021605
   0.0225867
   0.0223903
   0.0210087
   0.0186351
   0.0152859
   0.0111589
  0.00631964
 0.000935875
 -0.00488978
  -0.0111469
  -0.0177453
  -0.0247374
  -0.0319343
  -0.0380056
  -0.0424597
  -0.0454082
  -0.0464936
   -0.046413
  -0.0450273
  -0.0426468
  -0.0392376
  -0.0349784
   -0.029964
  -0.0243383
  -0.0183269
  -0.0120932
 -0.00592674
  -0.0776696
   -0.154579
   -0.229848
   -0.302948
   -0.373203
   -0.440157
   -0.503182
   -0.561269
   -0.613754
   -0.660174
   -0.699949
   -0.732893
    -0.75859
   -0.777189
   -0.788529
   -0.792999
    -0.79054
   -0.780048
   -0.761412
   -0.735024
   -0.701072
   -0.660603
   -0.614095
   -0.561974
   -0.504798
   -0.442856
   -0.376763
   -0.306951
   -0.234069
   -0.158368
  -0.0804466
     0.01175
   0.0210512
   0.0277389
   0.0323617
   0.0349633
   0.0359005
   0.0353047
   0.0332254
   0.0297925
   0.0249519
   0.0188873
   0.0125286
  0.00621946
 -0.00011968
 -0.00623393
  -0.0125553
  -0.0188685
  -0.0244302
  -0.0288928
  -0.0321497
  -0.0340162
  -0.0348458
  -0.0346649
  -0.0336232
  -0.0318063
  -0.0290818
  -0.0255252
  -0.0211675
  -0.0161154
  -0.0107079
 -0.00512448
  -0.0754035
   -0.149487
   -0.221278
   -0.290623
   -0.356823
   -0.419649
   -0.478518
    -0.53291
   -0.582297
   -0.626478
    -0.66498
   -0.697222
   -0.722783
   -0.741629
   -0.753562
   -0.758806
   -0.757309
   -0.748403
   -0.732059
   -0.708452
   -0.677746
   -0.640483
   -0.597041
   -0.547744
   -0.493096
   -0.433448
    -0.36939
   -0.301352
   -0.229962
   -0.155504
  -0.0786469
   0.0107031
   0.0192673
   0.0254902
   0.0299256
   0.0326651
    0.033983
   0.0340895
   0.0327993
   0.0302665
   0.0260908
    0.020511
   0.0151946
   0.0106841
  0.00674025
  0.00368673
  0.00057477
 -0.00251562
 -0.00562857
 -0.00871117
  -0.0115084
  -0.0140276
  -0.0162088
  -0.0181379
  -0.0196302
  -0.0207182
  -0.0207826
  -0.0197411
  -0.0174275
  -0.0137947
 -0.00939937
 -0.00438901
   -0.072877
   -0.143882
   -0.212086
   -0.277771
   -0.340242
   -0.399465
   -0.454848
   -0.506265
   -0.553242
   -0.595758
   -0.633412
    -0.66523
   -0.690803
   -0.709923
   -0.722364
   -0.728176
    -0.72731
   -0.719527
    -0.70489
   -0.683395
   -0.655235
   -0.620502
   -0.579513
    -0.53251
   -0.479959
   -0.422282
    -0.36007
    -0.29378
   -0.224053
   -0.151242
  -0.0760715
  0.00720648
   0.0138807
   0.0199055
   0.0244948
   0.0276773
   0.0300996
   0.0319792
   0.0329186
   0.0330258
   0.0315891
   0.0287272
   0.0255077
   0.0222652
   0.0192085
   0.0165083
   0.0137174
   0.0108179
  0.00769909
  0.00435385
  0.00104024
 -0.00220087
 -0.00526841
 -0.00812936
  -0.0107299
  -0.0129806
   -0.014266
   -0.014399
  -0.0132427
  -0.0107087
 -0.00735504
   -0.003357
   -0.066698
   -0.131959
   -0.194995
   -0.256262
     -0.3152
   -0.371584
   -0.424881
   -0.474716
   -0.520601
   -0.562215
   -0.599134
   -0.630558
   -0.656107
   -0.675512
   -0.688543
   -0.695041
   -0.694939
   -0.688102
   -0.674624
   -0.654596
   -0.628236
    -0.59554
   -0.556777
   -0.511978
     -0.4615
   -0.405813
   -0.345425
   -0.281035
   -0.213292
   -0.143134
  -0.0714089
  0.00223367
    0.005954
   0.0111806
   0.0157203
   0.0194794
   0.0234374
   0.0277595
   0.0317617
   0.0354135
   0.0375815
   0.0381291
   0.0373553
   0.0352913
   0.0326043
    0.029372
   0.0257921
   0.0218941
   0.0176611
   0.0131527
  0.00870661
  0.00445824
 0.000542038
 -0.00291854
  -0.0060715
 -0.00878218
  -0.0105351
  -0.0111172
  -0.0104848
 -0.00854212
 -0.00584315
 -0.00256831
  -0.0605626
   -0.120034
    -0.17775
   -0.234258
   -0.289071
   -0.341738
   -0.391782
   -0.438615
   -0.481788
   -0.520748
   -0.555113
   -0.584304
   -0.608011
   -0.625942
   -0.637901
   -0.643556
   -0.642856
   -0.635799
    -0.62253
   -0.603266
   -0.578289
   -0.547566
   -0.511387
   -0.469658
   -0.422668
   -0.370935
   -0.314845
   -0.255245
   -0.192683
   -0.128522
  -0.0635753
 0.000830721
  0.00344647
  0.00792238
   0.0122341
   0.0161622
   0.0201512
   0.0241605
   0.0280877
   0.0318159
   0.0347162
   0.0366306
   0.0374256
   0.0370794
    0.035806
   0.0336709
   0.0308338
   0.0273689
   0.0234288
    0.019144
   0.0149123
   0.0109242
  0.00726127
  0.00407223
  0.00124218
 -0.00111318
 -0.00279614
 -0.00369962
 -0.00391431
 -0.00345032
 -0.00248321
 -0.00115715
  -0.0538223
   -0.107482
   -0.160545
   -0.212588
   -0.263085
   -0.311314
   -0.356763
   -0.398953
   -0.437477
   -0.471931
   -0.502019
    -0.52734
   -0.547671
   -0.562627
    -0.57204
   -0.575548
   -0.573097
   -0.564796
   -0.550771
   -0.531275
   -0.506571
   -0.476904
   -0.442609
   -0.404033
   -0.361542
   -0.315577
   -0.266522
   -0.215039
   -0.161606
   -0.107407
  -0.0530819
 0.000505703
  0.00278606
  0.00685166
   0.0108589
    0.014468
   0.0175809
   0.0200089
   0.0223772
   0.0246457
   0.0268832
   0.0290641
   0.0307276
   0.0318374
   0.0320993
   0.0314974
   0.0300544
   0.0278151
   0.0250462
   0.0219031
   0.0188028
   0.0159543
   0.0133529
   0.0111475
  0.00924482
  0.00771998
  0.00642279
  0.00533088
  0.00421195
   0.0029607
  0.00182402
 0.000741623
  -0.0456069
  -0.0919131
    -0.13866
   -0.184503
   -0.228932
   -0.271013
   -0.310238
   -0.346253
   -0.378697
   -0.407325
   -0.431936
   -0.452324
   -0.468382
    -0.47969
   -0.486157
   -0.487441
   -0.483524
   -0.474633
   -0.460872
   -0.442514
    -0.41976
   -0.393061
    -0.36272
   -0.329414
   -0.293489
   -0.255215
   -0.214893
   -0.172931
    -0.12968
  -0.0861034
  -0.0426664
 -0.00119547
-0.000630198
  0.00171404
  0.00451578
  0.00749805
   0.0103551
   0.0129207
   0.0154503
    0.017914
   0.0204043
    0.022897
   0.0252007
   0.0272545
   0.0287669
   0.0296814
   0.0299063
   0.0294521
   0.0284807
   0.0270991
   0.0255732
   0.0240376
   0.0225238
   0.0211117
   0.0197785
   0.0185153
   0.0169148
   0.0148727
   0.0123506
  0.00926587
  0.00601124
   0.0026573
   -0.038446
  -0.0773488
    -0.11655
   -0.154858
   -0.191872
   -0.226716
   -0.258949
   -0.288138
   -0.313948
   -0.336204
   -0.354727
   -0.369475
   -0.380385
   -0.387302
    -0.39022
   -0.389066
   -0.383903
   -0.374982
   -0.362446
   -0.346556
   -0.327516
   -0.305735
   -0.281492
   -0.255386
   -0.227689
   -0.198373
   -0.167608
   -0.135538
   -0.102313
  -0.0684521
  -0.0341865
 -0.00298979
 -0.00431389
 -0.00386609
 -0.00235372
 7.94883e-05
   0.0029572
  0.00611289
  0.00932412
   0.0124712
   0.0155734
   0.0185679
   0.0215622
   0.0245174
   0.0272146
   0.0296065
   0.0315153
   0.0329228
    0.033866
    0.034375
   0.0345298
   0.0343632
   0.0339287
   0.0332248
   0.0322971
   0.0310576
    0.028861
   0.0255507
   0.0213235
   0.0161452
   0.0105529
   0.0047422
   -0.030411
  -0.0612313
  -0.0923704
   -0.122791
   -0.152213
   -0.179859
    -0.20539
   -0.228334
   -0.248401
   -0.265487
   -0.279414
   -0.290258
   -0.297944
   -0.302505
   -0.303947
   -0.302388
   -0.297913
   -0.290737
   -0.280975
   -0.268801
   -0.254342
   -0.237899
   -0.219668
   -0.200135
   -0.179502
   -0.157498
   -0.134222
   -0.109625
  -0.0837415
  -0.0567335
  -0.0286852
 -0.00303534
 -0.00481615
 -0.00514206
 -0.00444259
 -0.00278041
-0.000461619
  0.00236435
  0.00547766
  0.00873732
     0.01207
   0.0153909
   0.0187814
   0.0221958
   0.0255677
   0.0288506
   0.0319426
   0.0348085
   0.0374207
   0.0397349
    0.041405
   0.0423482
   0.0425663
   0.0419674
   0.0406377
   0.0384777
   0.0352785
   0.0309719
    0.025723
    0.019602
   0.0129653
  0.00606449
  -0.0232763
  -0.0467795
  -0.0704261
  -0.0934492
   -0.115649
   -0.136581
   -0.156022
   -0.173684
   -0.189362
    -0.20297
   -0.214365
   -0.223589
   -0.230555
   -0.235197
   -0.237489
   -0.237578
   -0.235545
   -0.231718
   -0.226184
   -0.218773
   -0.209491
   -0.198374
   -0.185449
   -0.170894
    -0.15478
   -0.137148
   -0.118062
  -0.0973947
   -0.075156
  -0.0514224
  -0.0262648
 -0.00180829
 -0.00299029
 -0.00330343
 -0.00293652
  -0.0018678
-0.000183802
  0.00204812
  0.00469556
  0.00766057
   0.0108174
    0.014078
   0.0174909
   0.0210007
   0.0246976
   0.0285389
   0.0325055
   0.0365439
   0.0405541
   0.0444009
   0.0472865
    0.049001
   0.0494955
   0.0486082
   0.0465049
   0.0431356
   0.0388099
    0.033594
   0.0276205
   0.0210407
   0.0139771
  0.00667998
  -0.0175026
  -0.0353084
  -0.0533629
  -0.0711594
  -0.0885427
   -0.105338
   -0.121364
   -0.136437
   -0.150358
   -0.162989
   -0.174161
   -0.183843
   -0.191892
   -0.198107
   -0.202388
   -0.204861
    -0.20556
   -0.204882
   -0.202876
   -0.199063
   -0.193376
   -0.185649
   -0.175802
   -0.163764
   -0.149518
   -0.133445
   -0.115616
     -0.0959
   -0.074362
  -0.0510813
  -0.0261941
 -0.00170806
  -0.0030127
 -0.00370828
 -0.00383384
 -0.00330325
 -0.00209944
-0.000203693
  0.00229386
  0.00534883
  0.00876752
   0.0124551
   0.0163695
   0.0204288
   0.0247135
   0.0291554
   0.0336081
   0.0379448
   0.0420766
   0.0458061
    0.048636
   0.0503509
   0.0508543
   0.0500164
   0.0478487
   0.0443432
   0.0398075
   0.0343527
   0.0281666
   0.0214126
   0.0142534
  0.00691377
  -0.0128885
   -0.026631
   -0.041201
  -0.0562348
  -0.0716129
  -0.0871544
   -0.102687
   -0.117923
   -0.132627
   -0.146436
    -0.15913
   -0.170699
   -0.180953
   -0.189563
   -0.196339
   -0.201394
   -0.204658
   -0.206255
   -0.206146
   -0.203964
   -0.199625
   -0.192979
   -0.183943
   -0.172359
   -0.158185
   -0.141647
   -0.122803
   -0.101743
  -0.0786033
  -0.0536894
  -0.0272677
 -0.00221579
 -0.00411322
 -0.00549288
 -0.00623997
 -0.00621499
 -0.00532242
 -0.00348648
-0.000789604
  0.00274066
  0.00680189
   0.0112489
   0.0159027
   0.0206122
   0.0254081
   0.0301748
   0.0346325
   0.0386072
   0.0420822
   0.0448865
   0.0469445
    0.048124
   0.0483324
   0.0474908
   0.0454321
   0.0421436
   0.0378574
   0.0326718
    0.026794
   0.0203762
    0.013617
  0.00670731
  -0.0117851
  -0.0248033
  -0.0389876
  -0.0540206
  -0.0697502
  -0.0859581
   -0.102474
   -0.118924
   -0.135068
    -0.15035
   -0.164521
   -0.177595
   -0.189345
   -0.199343
   -0.207337
   -0.213449
   -0.217549
   -0.219549
   -0.219385
   -0.216865
   -0.211954
   -0.204585
   -0.194735
   -0.182221
   -0.167018
   -0.149218
   -0.128865
   -0.106244
   -0.081529
  -0.0552289
  -0.0277164
 -0.00273839
 -0.00481197
  -0.0060302
 -0.00673155
 -0.00683177
 -0.00616699
 -0.00465097
 -0.00188834
  0.00214806
  0.00682114
   0.0119643
   0.0172484
   0.0224669
   0.0275866
    0.032445
   0.0369193
   0.0408435
   0.0440946
   0.0465363
   0.0482582
   0.0491864
   0.0493095
   0.0485669
   0.0466979
   0.0436557
   0.0395678
    0.034473
   0.0285066
   0.0217579
    0.014519
  0.00698358
  -0.0136517
  -0.0289009
  -0.0455922
  -0.0628252
  -0.0803108
  -0.0979372
   -0.115495
   -0.132791
   -0.149599
   -0.165534
   -0.180365
   -0.193866
   -0.205807
   -0.215847
   -0.223752
   -0.229376
   -0.232553
   -0.233202
   -0.231258
   -0.226766
   -0.219761
   -0.210344
   -0.198592
    -0.18449
   -0.168091
   -0.149379
   -0.128407
   -0.105303
  -0.0802181
  -0.0538316
  -0.0265647
 -0.00281757
 -0.00459801
 -0.00517537
 -0.00540213
 -0.00529765
 -0.00465599
 -0.00338239
-0.000572143
  0.00388211
   0.0090241
   0.0146906
    0.020431
   0.0260126
   0.0313654
   0.0363026
   0.0408817
   0.0449468
   0.0482435
   0.0506361
   0.0523334
   0.0532838
    0.053533
   0.0530181
   0.0513725
   0.0485029
   0.0444227
    0.039106
    0.032618
    0.024999
    0.016668
  0.00786611
  -0.0164768
   -0.034607
  -0.0541581
  -0.0737005
  -0.0928354
   -0.111547
   -0.129571
   -0.146873
   -0.163239
   -0.178465
   -0.192387
    -0.20461
   -0.214983
    -0.22333
   -0.229512
   -0.233202
   -0.234258
   -0.232635
   -0.228266
   -0.221415
   -0.212159
   -0.200747
   -0.187345
   -0.172111
   -0.155209
   -0.136566
   -0.116302
  -0.0944369
  -0.0711004
  -0.0470753
  -0.0227165
 -0.00207348
 -0.00269498
 -0.00165035
-0.000206387
  0.00157698
   0.0036991
  0.00618636
  0.00968525
    0.014227
    0.019306
   0.0247545
   0.0303124
   0.0357725
   0.0410234
   0.0458845
   0.0502919
   0.0540675
   0.0569524
   0.0587774
   0.0596636
   0.0595322
     0.05857
   0.0567278
   0.0539478
   0.0501801
   0.0453179
   0.0393763
   0.0324756
   0.0247293
    0.016478
  0.00797703
   -0.019494
  -0.0400452
    -0.06139
  -0.0823622
    -0.10257
   -0.121772
   -0.139667
   -0.156105
   -0.170865
    -0.18381
   -0.194815
    -0.20373
   -0.210503
   -0.215159
   -0.217698
   -0.218012
   -0.216086
   -0.211828
   -0.205217
   -0.196383
    -0.18539
   -0.172565
   -0.158067
   -0.142176
   -0.125104
   -0.107132
  -0.0885126
  -0.0696683
  -0.0508709
  -0.0327753
  -0.0156304
 -0.00059784
 0.000708881
  0.00418434
  0.00814413
   0.0124678
   0.0168999
   0.0213387
   0.0260967
   0.0310997
   0.0363278
   0.0416417
   0.0470109
   0.0522762
   0.0572912
   0.0618744
   0.0658159
   0.0688977
   0.0708503
   0.0714648
   0.0707702
   0.0686762
   0.0655516
   0.0614199
   0.0566134
   0.0511947
   0.0449893
   0.0380945
   0.0307075
   0.0230096
    0.015218
  0.00753505
  -0.0212396
  -0.0427445
  -0.0641915
  -0.0847138
   -0.103987
   -0.121636
     -0.1374
   -0.151088
   -0.162517
   -0.171641
   -0.178377
   -0.182812
    -0.18498
   -0.185103
   -0.183307
   -0.179717
   -0.174467
   -0.167476
   -0.158823
   -0.148579
   -0.136837
   -0.124024
   -0.110274
  -0.0959277
  -0.0811384
  -0.0663894
  -0.0519238
  -0.0384324
  -0.0262371
  -0.0158206
 -0.00733413
  0.00478176
    0.010203
   0.0164403
   0.0228235
   0.0292329
   0.0355457
   0.0416396
   0.0476301
   0.0534095
   0.0588994
   0.0639464
   0.0685252
   0.0724642
   0.0758167
   0.0784252
   0.0803047
   0.0812973
   0.0811816
   0.0798133
   0.0771962
   0.0733158
    0.068522
   0.0629351
   0.0569024
   0.0505624
   0.0436339
   0.0362529
   0.0287043
   0.0211958
   0.0139147
   0.0070047
  -0.0225295
  -0.0437902
  -0.0633594
  -0.0811088
  -0.0968325
   -0.110443
   -0.121831
   -0.130904
    -0.13759
   -0.141848
   -0.143654
   -0.143129
   -0.140345
   -0.135686
   -0.129317
   -0.121509
   -0.112464
   -0.102386
  -0.0914851
  -0.0800833
  -0.0684269
  -0.0570395
  -0.0461643
  -0.0360733
  -0.0269008
  -0.0185736
  -0.0112364
 -0.00543764
  -0.0013917
 0.000644887
 0.000685849
   0.0116152
   0.0223624
   0.0322342
   0.0416184
   0.0504493
   0.0588028
   0.0665853
   0.0737446
   0.0801394
   0.0855946
   0.0899136
   0.0930573
   0.0948507
   0.0955929
    0.095214
   0.0940393
   0.0920483
   0.0891324
    0.085261
   0.0804389
   0.0747286
    0.068428
   0.0617065
   0.0548577
   0.0480386
   0.0408149
   0.0333291
   0.0259366
   0.0188679
    0.012293
  0.00631793
  -0.0215789
  -0.0404737
  -0.0561975
  -0.0693708
  -0.0799186
  -0.0880631
  -0.0938734
  -0.0974078
  -0.0987541
  -0.0979267
  -0.0949998
  -0.0901479
  -0.0834786
  -0.0754983
  -0.0663598
  -0.0563954
  -0.0457766
  -0.0348571
   -0.023847
  -0.0131774
 -0.00313889
  0.00571732
   0.0130658
    0.018679
   0.0223744
   0.0246695
   0.0254328
   0.0242026
   0.0208379
   0.0152983
   0.0077614
   0.0179179
    0.033722
   0.0471915
   0.0592804
   0.0699053
   0.0793148
   0.0874147
   0.0943281
   0.0999399
    0.104213
    0.107014
    0.108354
    0.108154
     0.10667
     0.10394
    0.100327
   0.0959336
   0.0908677
    0.085207
   0.0787599
   0.0716214
   0.0640564
   0.0562375
   0.0485101
   0.0410572
   0.0337074
   0.0266526
   0.0201383
    0.014405
  0.00938748
  0.00509787
  -0.0181298
  -0.0326076
  -0.0429475
  -0.0502043
  -0.0543778
  -0.0559811
  -0.0551927
  -0.0524338
  -0.0479287
   -0.041974
  -0.0347816
  -0.0266302
  -0.0177303
 -0.00847301
 0.000939933
   0.0102838
   0.0193943
    0.028132
   0.0363765
   0.0440142
   0.0508426
   0.0563809
   0.0603403
   0.0624112
   0.0623629
      0.0603
   0.0560297
   0.0491758
   0.0396096
   0.0276214
   0.0135244
   0.0235585
   0.0437433
   0.0601032
   0.0741234
   0.0856878
    0.095226
    0.102675
    0.108396
    0.112363
    0.114743
    0.115518
     0.11478
    0.112544
    0.108997
    0.104242
   0.0986238
   0.0923235
   0.0856307
   0.0786982
   0.0711047
   0.0629599
   0.0544956
   0.0459014
   0.0376057
   0.0298559
   0.0227923
   0.0166783
   0.0116412
  0.00790822
  0.00514131
  0.00322423
  -0.0127586
  -0.0213932
  -0.0255861
  -0.0268793
  -0.0253466
  -0.0217292
  -0.0162155
  -0.0094419
 -0.00160999
  0.00688136
   0.0158469
   0.0250535
   0.0342989
   0.0433641
   0.0520276
   0.0601617
   0.0675753
   0.0742774
   0.0801613
   0.0853435
   0.0896484
   0.0926288
   0.0940187
   0.0934351
   0.0906291
   0.0853519
   0.0773864
   0.0664617
   0.0524499
   0.0359273
   0.0172782
   0.0253797
   0.0469099
   0.0638947
   0.0780368
   0.0891837
   0.0978864
    0.104133
    0.108304
    0.110458
    0.110863
    0.109609
    0.106932
    0.102951
   0.0977716
   0.0915657
   0.0846247
   0.0771761
    0.069475
   0.0617244
   0.0537146
   0.0456249
   0.0376553
   0.0300485
   0.0230369
   0.0168714
   0.0116212
  0.00749735
  0.00453926
  0.00283569
  0.00194227
  0.00160235
 -0.00306105
 -0.00326463
-0.000539028
  0.00377181
  0.00947963
   0.0159615
   0.0229989
   0.0302539
   0.0375843
   0.0449994
   0.0524732
   0.0601626
   0.0680624
   0.0758375
   0.0833613
   0.0904126
   0.0968347
    0.102529
     0.10737
    0.111302
    0.114142
    0.115454
    0.114956
    0.112167
    0.106788
   0.0987965
   0.0879757
    0.074351
   0.0578279
   0.0391194
   0.0186459
   0.0246269
   0.0451267
   0.0606327
   0.0730881
   0.0823087
   0.0889549
   0.0930431
   0.0949379
   0.0947464
   0.0928086
   0.0892996
   0.0845875
   0.0788893
   0.0722226
   0.0648272
   0.0569352
   0.0488197
   0.0406968
   0.0328326
   0.0252611
   0.0182458
   0.0119458
  0.00662467
  0.00225561
 -0.00098031
 -0.00316892
 -0.00421605
 -0.00420829
 -0.00321273
 -0.00176416
-0.000224362
  0.00398774
  0.00964773
   0.0169169
   0.0247832
   0.0330533
   0.0412967
   0.0492838
    0.056914
   0.0640051
   0.0708174
   0.0773339
   0.0839589
   0.0907895
   0.0973515
    0.103609
    0.109273
    0.114253
    0.118388
    0.121591
    0.123715
    0.124647
     0.12404
    0.121674
    0.117036
     0.10982
     0.10023
   0.0880284
   0.0734854
   0.0564809
   0.0377822
   0.0177601
   0.0190838
   0.0346185
    0.045689
   0.0541178
   0.0597585
   0.0632875
   0.0648031
   0.0645173
   0.0626196
   0.0593712
   0.0550328
   0.0499241
   0.0443232
    0.038157
    0.031697
   0.0251297
   0.0187458
   0.0127182
  0.00729681
  0.00243475
 -0.00167294
  -0.0049833
 -0.00736571
 -0.00888448
 -0.00952296
 -0.00939608
 -0.00858155
 -0.00715299
 -0.00529172
 -0.00324584
 -0.00130684
  0.00753068
   0.0156094
   0.0241047
   0.0328503
   0.0418212
   0.0510284
    0.060435
   0.0696702
   0.0785669
   0.0868071
    0.094227
    0.100931
    0.106881
    0.112071
    0.116478
    0.119985
     0.12252
    0.123862
    0.123921
    0.122761
    0.120321
    0.116591
    0.111476
    0.104797
   0.0964014
   0.0864457
   0.0747961
   0.0616585
   0.0469648
   0.0312692
   0.0148228
    0.010712
    0.018612
   0.0228555
   0.0252102
   0.0256167
   0.0247949
     0.02294
   0.0201081
   0.0165596
   0.0124503
  0.00809463
  0.00372123
-0.000372901
 -0.00439472
 -0.00808723
  -0.0113609
  -0.0139676
  -0.0158479
  -0.0168543
  -0.0172147
  -0.0168929
  -0.0160339
    -0.01469
  -0.0129768
  -0.0110405
 -0.00899756
 -0.00705468
 -0.00520512
 -0.00366158
 -0.00228442
 -0.00120582
    0.010542
    0.020632
   0.0300388
   0.0393218
   0.0485096
   0.0579535
    0.067774
   0.0773941
   0.0867573
   0.0951154
     0.10228
    0.108146
    0.112588
     0.11606
    0.118535
    0.120053
     0.12055
    0.119742
    0.117517
    0.114104
    0.109443
    0.103785
   0.0970975
   0.0894652
   0.0808445
   0.0713129
   0.0608257
   0.0495212
   0.0373926
   0.0248043
     0.01193
-0.000168552
 -0.00105598
 -0.00319173
  -0.0058285
 -0.00893562
  -0.0122167
  -0.0154961
  -0.0190054
  -0.0225761
  -0.0262237
  -0.0297535
  -0.0328161
  -0.0352243
  -0.0371186
  -0.0383666
  -0.0389463
  -0.0387537
  -0.0377675
  -0.0359739
  -0.0335461
  -0.0305627
  -0.0271854
  -0.0235515
  -0.0198226
   -0.016179
  -0.0127435
 -0.00969752
 -0.00702558
 -0.00485535
 -0.00301499
 -0.00152824
   0.0128875
   0.0251434
   0.0364976
   0.0471531
   0.0569869
   0.0660439
   0.0743066
   0.0818078
   0.0885476
   0.0943367
   0.0991088
    0.102781
    0.105275
    0.106851
    0.107476
    0.107237
    0.106093
    0.103958
    0.100777
   0.0967222
    0.091775
   0.0861192
   0.0797615
   0.0727796
   0.0651812
   0.0570306
   0.0483392
    0.039203
   0.0296482
   0.0198025
  0.00976174
  -0.0114009
  -0.0211306
  -0.0293015
  -0.0362074
  -0.0417827
  -0.0462508
  -0.0495558
  -0.0523174
  -0.0545529
  -0.0565294
  -0.0582364
  -0.0592405
  -0.0594939
  -0.0590816
  -0.0580067
   -0.056315
  -0.0540373
  -0.0511593
  -0.0477536
  -0.0438665
  -0.0396153
   -0.035096
  -0.0304556
  -0.0258375
  -0.0214009
  -0.0172371
  -0.0134792
  -0.0101079
 -0.00719238
 -0.00459102
 -0.00228766
   0.0137823
   0.0267413
   0.0386228
   0.0493999
   0.0589086
   0.0669822
   0.0735009
   0.0790612
     0.08366
   0.0875815
   0.0908182
   0.0932676
   0.0948679
   0.0956733
   0.0956207
   0.0948091
   0.0931883
   0.0908204
   0.0876722
     0.08383
   0.0792922
   0.0741584
   0.0684581
   0.0622496
   0.0555797
   0.0484911
   0.0410473
   0.0333057
   0.0253502
   0.0171339
  0.00874683
  -0.0152873
  -0.0287658
  -0.0403085
  -0.0501277
  -0.0581874
  -0.0646538
  -0.0695846
  -0.0733893
  -0.0761851
  -0.0781644
  -0.0793935
   -0.079669
  -0.0790098
  -0.0775052
  -0.0752023
  -0.0721829
  -0.0685083
  -0.0642561
  -0.0595058
  -0.0543197
  -0.0487908
  -0.0429775
  -0.0369821
  -0.0309389
   -0.024966
  -0.0192552
  -0.0139804
 -0.00967942
 -0.00655638
 -0.00409915
 -0.00229379
   0.0130727
   0.0245377
   0.0340267
   0.0423721
   0.0495113
   0.0556434
   0.0607474
   0.0652086
    0.069037
   0.0724105
   0.0753219
   0.0777239
   0.0795727
   0.0808818
   0.0815992
   0.0817445
   0.0812664
   0.0801376
   0.0783136
   0.0758151
   0.0726285
   0.0688022
   0.0643636
    0.059339
   0.0537805
   0.0476756
   0.0410726
   0.0338183
   0.0259312
   0.0175738
  0.00886787
  -0.0151569
   -0.028883
  -0.0410174
  -0.0517385
  -0.0610309
  -0.0689266
  -0.0754972
  -0.0808089
  -0.0849587
  -0.0879515
  -0.0898469
  -0.0906212
  -0.0903104
  -0.0889648
  -0.0866291
  -0.0833803
  -0.0792753
  -0.0744643
  -0.0690211
  -0.0630261
  -0.0565519
  -0.0496294
  -0.0423317
  -0.0348109
  -0.0271827
  -0.0197941
  -0.0129243
 -0.00774029
 -0.00461814
 -0.00265729
 -0.00180837
   0.0119692
   0.0217103
    0.028826
   0.0349671
   0.0401176
   0.0447704
   0.0489498
   0.0527971
   0.0563078
   0.0595298
    0.062434
   0.0650044
   0.0672021
   0.0690006
   0.0703693
   0.0712721
   0.0716812
   0.0715075
   0.0707111
   0.0692519
   0.0670946
   0.0642116
   0.0606194
   0.0563359
    0.051449
   0.0459388
   0.0398894
   0.0329992
   0.0252596
   0.0170365
  0.00845272
  -0.0149857
   -0.028955
  -0.0417174
  -0.0532121
  -0.0633571
  -0.0721322
  -0.0795207
  -0.0855817
  -0.0903313
  -0.0937783
   -0.095939
  -0.0968464
  -0.0965227
  -0.0950147
  -0.0923529
  -0.0885815
  -0.0837504
  -0.0780857
  -0.0716721
  -0.0646057
   -0.057026
  -0.0494547
  -0.0421015
  -0.0346474
  -0.0272753
   -0.020259
  -0.0138996
 -0.00890231
 -0.00556269
 -0.00330248
 -0.00201166
  0.00797676
   0.0146382
    0.019698
   0.0243425
    0.028552
   0.0326523
   0.0366491
   0.0405743
   0.0444012
   0.0480691
   0.0515182
   0.0546118
   0.0572771
   0.0594889
   0.0612115
   0.0624963
   0.0633467
   0.0637645
   0.0637358
   0.0631779
   0.0620087
     0.05974
   0.0562507
   0.0518887
   0.0467271
   0.0409403
   0.0346703
   0.0279374
   0.0208782
   0.0137795
  0.00680147
  -0.0142954
  -0.0281102
  -0.0411958
  -0.0532055
  -0.0639517
  -0.0733413
  -0.0812588
  -0.0877705
    -0.09282
   -0.096433
  -0.0985843
  -0.0993574
  -0.0987581
  -0.0968336
  -0.0936056
  -0.0890938
  -0.0833543
  -0.0767081
  -0.0692748
  -0.0611966
  -0.0527181
  -0.0448957
  -0.0380841
  -0.0314461
  -0.0251716
  -0.0193743
  -0.0142787
  -0.0100082
 -0.00672579
 -0.00421403
 -0.00236997
  0.00467375
   0.0087627
   0.0120485
   0.0152388
   0.0183115
   0.0214409
   0.0246388
   0.0278632
   0.0311052
   0.0342436
   0.0372346
   0.0398684
   0.0420738
    0.043847
   0.0451556
    0.046133
   0.0468085
   0.0472734
   0.0475555
   0.0475697
   0.0472459
   0.0457209
   0.0427796
   0.0390734
   0.0346169
   0.0297075
   0.0244639
   0.0191332
   0.0139146
   0.0089615
  0.00444413
  -0.0129645
  -0.0256553
  -0.0378572
  -0.0492903
  -0.0597573
  -0.0691154
  -0.0772292
  -0.0840671
  -0.0895546
    -0.09367
  -0.0963825
   -0.097726
  -0.0977108
  -0.0963751
  -0.0937609
   -0.089915
  -0.0849273
  -0.0790292
  -0.0723722
  -0.0651184
  -0.0575041
  -0.0501807
  -0.0434095
   -0.036824
  -0.0305426
  -0.0246293
  -0.0192058
  -0.0143312
   -0.010092
 -0.00640628
 -0.00323443
  0.00266825
  0.00502228
  0.00697174
  0.00882044
   0.0105489
   0.0122481
   0.0139184
   0.0155464
   0.0171292
    0.018618
   0.0199985
   0.0211793
   0.0221329
   0.0228548
   0.0233305
   0.0236187
   0.0237322
   0.0237183
   0.0235965
   0.0233547
   0.0229803
   0.0220897
   0.0205978
   0.0187822
   0.0166416
   0.0143112
   0.0118326
  0.00930728
  0.00681358
  0.00441853
  0.00219905
 3.77985e-05
 7.49405e-05
  0.00011076
 0.000144702
 0.000176223
 0.000204858
 0.000230184
 0.000251896
   0.0002697
 0.000283381
 0.000292674
  0.00029736
 0.000297157
 0.000291903
 0.000281459
 0.000265965
 0.000245774
 0.000221664
  0.00019472
 0.000166304
 0.000137835
  0.00011055
  8.5384e-05
 6.29486e-05
  4.3621e-05
 2.75786e-05
 1.50203e-05
 6.02967e-06
 5.91139e-07
-1.68169e-06
-1.50034e-06
-4.38099e-05
-8.76197e-05
-4.75357e-05
-7.45163e-06
 9.25638e-06
 2.59644e-05
  2.5175e-05
 2.43856e-05
 1.08626e-05
-2.66052e-06
-2.29974e-05
-4.33342e-05
-4.98161e-05
 -5.6298e-05
-5.10131e-05
-4.57282e-05
-4.35308e-05
-4.13334e-05
-7.04722e-05
-9.96109e-05
-0.000155265
 -0.00021092
-0.000177138
-0.000143357
-0.000110823
-7.82893e-05
-4.29932e-05
-7.69711e-06
 1.58057e-05
 3.93084e-05
 1.96542e-05
