0.0980266
0.09485260000000001
0.0916849
0.0885727
0.085501
0.0824472
0.0793953
0.0763367
0.07315219999999999
0.0695423
0.0652772
0.059212
0.0519504
0.0440264
0.03571969999999999
0.028739400000000002
0.0229778
0.0190708
0.016836700000000003
0.016264400000000002
0.0177922
0.023277799999999998
0.031245699999999998
0.0410115
0.0506202
0.0558859
0.0582702
0.055770900000000005
0.0500603
0.041067
0.030341000000000003
0.022611799999999998
0.0169814
0.0181832
0.02334
0.0265888
0.028543000000000002
0.0234696
0.015035499999999999
0.00771024
0.0004282
-0.0058138999999999995
-0.0118303
-0.017812099999999997
-0.0215513
-0.0180081
-0.0105529
-0.00121655
0.00850609
0.0115876
0.0104691
0.00691795
0.00191926
0.00063086
0.00041217
-0.00125892
-0.00303939
-0.00306971
-0.00184258
-0.00174221
-0.00224135
-0.00276872
-0.00285374
-0.00212867
-0.000668385
0.00482763
0.0117745
0.0181429
0.0238482
0.0256928
0.024971599999999997
0.019369900000000002
0.010939
-6.54036e-05
-0.011411399999999999
-0.015228799999999999
-0.015049100000000001
-0.014924000000000002
-0.0142941
-0.012960900000000001
4.4676400000000005e-05
