0.0980255
0.0948479
0.0916767
0.08855980000000001
0.0854836
0.082425
0.0793682
0.0763035
0.0731118
0.06948969999999999
0.06520930000000001
0.059147000000000005
0.0518837
0.0439509
0.0356348
0.0286318
0.022855700000000003
0.0189326
0.0166928
0.016128999999999998
0.017671799999999998
0.0231687
0.031152600000000003
0.040832099999999996
0.050347199999999995
0.0556039
0.057967099999999994
0.0555062
0.0498216
0.0409013
0.030238499999999998
0.0224875
0.0168382
0.0179111
0.022969
0.026219
0.028190800000000002
0.0232905
0.015009999999999999
0.0077265
0.000474266
-0.00580636
-0.0118549
-0.017725
-0.021343599999999997
-0.017843900000000003
-0.010420700000000001
-0.00112194
0.00856893
0.01175
0.0107031
0.00720648
0.00223367
0.0008307210000000001
0.000505703
-0.00119547
-0.00298979
-0.00303534
-0.00180829
-0.00170806
-0.00221579
-0.00273839
-0.00281757
-0.00207348
-0.00059784
0.00478176
0.011615200000000001
0.0179179
0.0235585
0.025379699999999998
0.0246269
0.019083799999999998
0.010712000000000001
-0.000168552
-0.0114009
-0.015287299999999998
-0.0151569
-0.0149857
-0.014295400000000002
-0.0129645
3.77985e-05
