0.0980279
0.09485
0.0916786
0.08856339999999999
0.08548889999999999
0.0824318
0.07937639999999999
0.07631460000000001
0.073126
0.06951289999999999
0.0652416
0.0591361
0.051829599999999997
0.0438587
0.0355045
0.0285064
0.022735299999999996
0.0188487
0.0166455
0.0160979
0.017657
0.0232264
0.0312829
0.0412224
0.0509974
0.056300800000000005
0.0587105
0.0561336
0.0503329
0.041176199999999996
0.030276799999999996
0.0224685
0.016761900000000003
0.018080000000000002
0.0233831
0.0267444
0.0288275
0.0236307
0.0150536
0.00764556
0.000268846
-0.00596504
-0.011966899999999999
-0.0180554
-0.0218924
-0.0182317
-0.0106473
-0.00114015
0.00875911
0.011813200000000001
0.010639299999999999
0.00693274
0.00175005
0.00046279
0.00025345799999999997
-0.0014257
-0.00319801
-0.00318038
-0.00189013
-0.00177799
-0.00227381
-0.00283153
-0.00294585
-0.0022513999999999998
-0.0008254060000000001
0.00480831
0.011895900000000001
0.0183683
0.0241787
0.0260389
0.025325099999999996
0.019640099999999997
0.0111264
-7.713199999999999e-05
-0.0116324
-0.0154096
-0.01517
-0.0150101
-0.014331100000000001
-0.0129755
5.1588e-05
