-0.773051
-0.751455
-0.730162
-0.709172
-0.6884859999999999
-0.668103
-0.6480229999999999
-0.628246
-0.608772
-0.5896020000000001
-0.570733
-0.552167
-0.5339
-0.515935
-0.498275
-0.480915
-0.46385600000000005
-0.44709799999999994
-0.43063999999999997
-0.41448599999999997
-0.398631
-0.38307800000000003
-0.367827
-0.352879
-0.33823200000000003
-0.323889
-0.309849
-0.296111
-0.28267600000000004
-0.269545
-0.25671700000000003
-0.24419000000000002
-0.231967
-0.220045
-0.20842600000000003
-0.19711099999999998
-0.18609900000000001
-0.17539000000000002
-0.164983
-0.154879
-0.145077
-0.135578
-0.126382
-0.11748800000000001
-0.10889700000000001
-0.100609
-0.0926237
-0.0849415
-0.07756110000000001
-0.0704826
-0.0637056
-0.05723009999999999
-0.0510564
-0.045183600000000004
-0.0396125
-0.0343432
-0.0293757
-0.0247101
-0.0203458
-0.016283000000000002
-0.012521299999999999
-0.00906097
-0.00590149
-0.00304181
-0.000482868
0.0017755
0.00373393
0.00539283
0.00675289
0.00781451
0.00857845
0.00904592
0.00921682
0.00909322
0.00867365
0.00795859
0.00695009
0.00564803
0.00405501
0.00217006
-8.101810000000001e-08
