-0.773051
-0.751455
-0.730162
-0.709172
-0.6884859999999999
-0.668103
-0.6480229999999999
-0.628246
-0.608772
-0.5896020000000001
-0.570733
-0.552167
-0.5339
-0.515936
-0.498276
-0.480915
-0.46385600000000005
-0.44709899999999997
-0.430642
-0.414487
-0.39863200000000004
-0.383079
-0.36782800000000004
-0.35288
-0.338233
-0.323889
-0.309849
-0.296111
-0.28267600000000004
-0.269545
-0.256718
-0.244191
-0.231967
-0.220045
-0.20842600000000003
-0.19711099999999998
-0.18609900000000001
-0.17538900000000002
-0.164983
-0.154879
-0.145077
-0.135578
-0.126382
-0.117487
-0.108896
-0.100608
-0.092623
-0.0849408
-0.0775605
-0.070482
-0.0637052
-0.0572298
-0.051056300000000006
-0.0451833
-0.03961219999999999
-0.03434280000000001
-0.0293752
-0.024709599999999998
-0.0203453
-0.0162825
-0.012520700000000001
-0.00906058
-0.00590121
-0.00304149
-0.000482516
0.00177586
0.0037343000000000003
0.00539319
0.00675324
0.0078148
0.00857867
0.00904617
0.0092171
0.00909379
0.00867448
0.00795966
0.00695139
0.00564931
0.00405627
0.00217065
-1.2794e-07
