-0.773051
-0.751455
-0.730162
-0.709172
-0.6884859999999999
-0.668103
-0.6480229999999999
-0.628246
-0.608772
-0.5896020000000001
-0.570733
-0.552167
-0.5339
-0.515936
-0.498276
-0.480915
-0.46385600000000005
-0.44709899999999997
-0.430642
-0.414487
-0.39863200000000004
-0.38308000000000003
-0.367829
-0.35288
-0.33823400000000003
-0.32389
-0.30985
-0.296112
-0.28267800000000004
-0.269546
-0.256718
-0.244191
-0.231967
-0.220046
-0.20842600000000003
-0.19711199999999998
-0.18609900000000001
-0.17539000000000002
-0.164983
-0.154879
-0.145077
-0.135578
-0.126382
-0.11748800000000001
-0.10889700000000001
-0.100609
-0.0926239
-0.0849416
-0.07756110000000001
-0.0704826
-0.0637056
-0.057229999999999996
-0.051056199999999996
-0.0451834
-0.0396124
-0.0343432
-0.0293757
-0.0247102
-0.0203459
-0.016283000000000002
-0.0125212
-0.00906081
-0.00590118
-0.00304147
-0.00048250400000000003
0.00177586
0.00373429
0.00539322
0.0067533
0.00781496
0.00857893
0.00904634
0.009217200000000002
0.00909337
0.00867354
0.007958199999999999
0.0069494
0.00564724
0.00405413
0.00216962
-5.32559e-08
