   0.0980201
     0.19509
     0.29028
     0.38268
      0.4714
    0.555571
    0.634391
    0.707111
    0.773011
    0.831471
    0.881921
    0.923881
    0.956941
    0.980791
    0.995181
           1
    0.995181
    0.980791
    0.956941
    0.923881
    0.881921
    0.831471
    0.773011
    0.707111
    0.634391
    0.555571
      0.4714
     0.38268
     0.29028
     0.19509
   0.0980199
   -0.773051
    -1.53866
    -2.28945
    -3.01819
    -3.71787
    -4.38174
    -5.00342
    -5.57691
    -6.09669
    -6.55776
    -6.95567
     -7.2866
    -7.54735
    -7.73542
    -7.84899
    -7.88697
    -7.84899
    -7.73543
    -7.54736
    -7.28661
    -6.95569
    -6.55778
    -6.09671
    -5.57693
    -5.00345
    -4.38177
     -3.7179
    -3.01822
    -2.28947
    -1.53868
   -0.773061
   0.0956221
    0.190323
    0.283192
    0.373333
    0.459879
    0.541996
    0.618894
    0.689831
    0.754125
    0.811156
    0.860376
    0.901309
    0.933562
    0.956825
    0.970872
     0.97557
    0.970873
    0.956825
    0.933563
     0.90131
    0.860376
    0.811157
    0.754126
    0.689832
    0.618894
    0.541997
     0.45988
    0.373334
    0.283192
    0.190324
   0.0956227
   -0.751455
    -1.49567
    -2.22549
    -2.93387
      -3.614
    -4.25933
    -4.86364
    -5.42111
    -5.92637
    -6.37456
    -6.76135
    -7.08304
     -7.3365
    -7.51932
    -7.62971
    -7.66663
    -7.62972
    -7.51932
    -7.33651
    -7.08305
    -6.76137
    -6.37457
    -5.92639
    -5.42113
    -4.86366
    -4.25936
    -3.61403
     -2.9339
    -2.22551
    -1.49569
   -0.751464
    0.093253
    0.185608
    0.276176
    0.364084
    0.448486
    0.528568
    0.603561
    0.672741
    0.735442
    0.791061
    0.839061
     0.87898
    0.910435
    0.933121
    0.946821
    0.951402
    0.946821
    0.933122
    0.910435
    0.878981
    0.839062
    0.791062
    0.735444
    0.672743
    0.603563
    0.528571
    0.448488
    0.364086
    0.276178
     0.18561
   0.0932539
   -0.730162
    -1.45329
    -2.16243
    -2.85074
     -3.5116
    -4.13864
    -4.72582
     -5.2675
    -5.75844
    -6.19393
    -6.56976
    -6.88233
    -7.12862
    -7.30625
    -7.41352
    -7.44939
    -7.41352
    -7.30625
    -7.12862
    -6.88234
    -6.56978
    -6.19394
    -5.75845
    -5.26751
    -4.72584
    -4.13866
    -3.51162
    -2.85076
    -2.16245
    -1.45331
   -0.730171
   0.0909104
    0.180945
    0.269238
    0.354938
     0.43722
     0.51529
    0.588399
    0.655842
    0.716968
    0.771189
    0.817984
      0.8569
    0.887565
    0.909681
    0.923037
    0.927503
    0.923037
    0.909682
    0.887565
    0.856901
    0.817985
    0.771191
     0.71697
    0.655844
    0.588402
    0.515293
    0.437222
     0.35494
     0.26924
    0.180947
   0.0909115
   -0.709172
    -1.41151
    -2.10026
    -2.76879
    -3.41065
    -4.01966
    -4.58997
    -5.11607
     -5.5929
    -6.01587
     -6.3809
    -6.68448
    -6.92369
    -7.09621
     -7.2004
    -7.23524
     -7.2004
    -7.09622
    -6.92369
    -6.68448
     -6.3809
    -6.01587
    -5.59291
    -5.11608
    -4.58998
    -4.01968
    -3.41067
    -2.76881
    -2.10028
    -1.41153
   -0.709179
   0.0885947
    0.176336
     0.26238
    0.345897
    0.426082
    0.502165
    0.573411
    0.639136
    0.698705
    0.751546
    0.797148
    0.835074
    0.864957
     0.88651
    0.899526
    0.903878
    0.899526
    0.886511
    0.864958
    0.835075
    0.797149
    0.751547
    0.698707
    0.639138
    0.573414
    0.502168
    0.426086
      0.3459
    0.262382
    0.176338
   0.0885959
   -0.688486
    -1.37034
      -2.039
    -2.68802
    -3.31116
    -3.90241
    -4.45608
    -4.96683
    -5.42975
    -5.84038
    -6.19477
    -6.48949
    -6.72172
    -6.88921
    -6.99036
    -7.02418
    -6.99036
    -6.88921
    -6.72171
    -6.48949
    -6.19477
    -5.84038
    -5.42976
    -4.96684
    -4.45609
    -3.90243
    -3.31118
    -2.68804
    -2.03901
    -1.37035
   -0.688492
   0.0863064
    0.171782
    0.255603
    0.336963
    0.415077
    0.489194
      0.5586
    0.622627
    0.680658
    0.732133
    0.776558
    0.813504
    0.842615
    0.863612
    0.876291
    0.880531
    0.876292
    0.863612
    0.842616
    0.813505
    0.776559
    0.732135
     0.68066
     0.62263
    0.558604
    0.489198
     0.41508
    0.336965
    0.255605
    0.171784
   0.0863075
   -0.668103
    -1.32977
    -1.97863
    -2.60844
    -3.21313
    -3.78687
    -4.32415
    -4.81978
      -5.269
    -5.66747
    -6.01136
    -6.29736
    -6.52271
    -6.68525
    -6.78339
    -6.81621
    -6.78339
    -6.68524
     -6.5227
    -6.29735
    -6.01136
    -5.66747
      -5.269
    -4.81979
    -4.32416
    -3.78689
    -3.21315
    -2.60846
    -1.97865
    -1.32978
   -0.668108
   0.0840457
    0.167282
    0.248908
    0.328136
    0.404205
     0.47638
    0.543968
    0.606318
    0.662829
    0.712956
    0.756217
    0.792195
    0.820544
    0.840991
    0.853338
    0.857467
    0.853338
    0.840991
    0.820545
    0.792196
    0.756219
    0.712958
    0.662831
    0.606321
    0.543972
    0.476384
    0.404208
    0.328139
     0.24891
    0.167284
   0.0840468
   -0.648023
    -1.28981
    -1.91917
    -2.53004
    -3.11656
    -3.67306
    -4.19418
    -4.67492
    -5.11063
    -5.49713
    -5.83069
    -6.10809
    -6.32667
    -6.48431
     -6.5795
    -6.61134
     -6.5795
     -6.4843
    -6.32666
    -6.10808
    -5.83068
    -5.49713
    -5.11064
    -4.67493
     -4.1942
    -3.67307
    -3.11657
    -2.53006
    -1.91918
    -1.28981
   -0.648028
    0.081813
    0.162838
    0.242295
    0.319419
    0.393467
    0.463725
    0.529518
    0.590211
     0.64522
    0.694016
    0.736127
     0.77115
    0.798746
    0.818649
    0.830669
    0.834688
    0.830669
     0.81865
    0.798747
    0.771151
     0.73613
    0.694018
    0.645223
    0.590214
    0.529522
    0.463729
    0.393471
    0.319422
    0.242298
     0.16284
   0.0818142
   -0.628246
    -1.25044
    -1.86059
    -2.45283
    -3.02144
    -3.56096
    -4.06617
    -4.53223
    -4.95465
    -5.32935
    -5.65272
    -5.92166
    -6.13357
     -6.2864
     -6.3787
    -6.40957
     -6.3787
    -6.28641
    -6.13358
    -5.92167
    -5.65274
    -5.32937
    -4.95467
    -4.53226
     -4.0662
    -3.56098
    -3.02146
    -2.45285
    -1.86061
    -1.25045
   -0.628251
   0.0796086
    0.158451
    0.235767
    0.310813
    0.382865
     0.45123
     0.51525
    0.574308
    0.627835
    0.675316
    0.716293
    0.750372
    0.777224
    0.796591
    0.808287
    0.812198
    0.808287
    0.796592
    0.777226
    0.750374
    0.716295
    0.675319
    0.627838
    0.574312
    0.515254
    0.451235
    0.382869
    0.310816
     0.23577
    0.158453
   0.0796098
   -0.608772
    -1.21168
    -1.80292
     -2.3768
    -2.92779
    -3.45058
    -3.94014
    -4.39174
    -4.80107
    -5.16415
     -5.4775
    -5.73811
    -5.94345
    -6.09155
    -6.18098
    -6.21089
    -6.18099
    -6.09156
    -5.94346
    -5.73812
    -5.47752
    -5.16418
     -4.8011
    -4.39178
    -3.94016
     -3.4506
    -2.92781
    -2.37682
    -1.80294
    -1.21169
   -0.608777
   0.0774328
     0.15412
    0.229323
    0.302318
    0.372401
    0.438898
    0.501167
    0.558611
    0.610676
    0.656859
    0.696716
    0.729863
    0.755981
    0.774819
    0.786195
        0.79
    0.786196
    0.774821
    0.755983
    0.729865
    0.696718
    0.656862
    0.610679
    0.558615
    0.501172
    0.438902
    0.372405
    0.302321
    0.229326
    0.154122
    0.077434
   -0.589602
    -1.17353
    -1.74615
    -2.30195
    -2.83559
    -3.34192
    -3.81606
    -4.25345
    -4.64988
    -5.00153
    -5.30502
    -5.55742
    -5.75629
    -5.89973
    -5.98635
    -6.01532
    -5.98635
    -5.89974
     -5.7563
    -5.55743
    -5.30504
    -5.00156
     -4.6499
    -4.25347
    -3.81607
    -3.34192
    -2.83559
    -2.30195
    -1.74615
    -1.17352
   -0.589601
   0.0752858
    0.149847
    0.222965
    0.293935
    0.362075
    0.426728
    0.487272
    0.543122
    0.593743
    0.638645
    0.677397
    0.709626
     0.73502
    0.753336
    0.764396
    0.768095
    0.764397
    0.753337
    0.735022
    0.709628
      0.6774
    0.638648
    0.593746
    0.543126
    0.487276
    0.426732
    0.362079
    0.293938
    0.222967
    0.149848
   0.0752869
   -0.570733
    -1.13597
    -1.69027
    -2.22829
    -2.74485
    -3.23498
    -3.69395
    -4.11735
    -4.50109
    -4.84148
    -5.13525
    -5.37956
    -5.57206
     -5.7109
    -5.79474
    -5.82278
    -5.79474
    -5.71089
    -5.57204
    -5.37953
    -5.13522
    -4.84145
    -4.50105
    -4.11731
    -3.69391
    -3.23494
    -2.74482
    -2.22826
    -1.69025
    -1.13596
   -0.570726
   0.0731671
     0.14563
    0.216691
    0.285665
    0.351887
    0.414721
    0.473562
    0.527841
    0.577037
    0.620676
    0.658337
    0.689658
    0.714338
    0.732137
    0.742887
    0.746481
    0.742887
    0.732139
     0.71434
    0.689662
    0.658342
     0.62068
    0.577042
    0.527845
    0.473566
    0.414726
    0.351892
    0.285668
    0.216694
    0.145633
   0.0731688
   -0.552167
    -1.09902
    -1.63528
    -2.15579
    -2.65554
    -3.12972
    -3.57375
    -3.98337
    -4.35463
    -4.68394
    -4.96815
    -5.20451
    -5.39075
    -5.52507
    -5.60618
    -5.63331
    -5.60618
    -5.52506
    -5.39073
    -5.20448
    -4.96812
    -4.68391
    -4.35459
    -3.98333
    -3.57371
    -3.12968
     -2.6555
    -2.15576
    -1.63525
    -1.09899
   -0.552155
   0.0710774
    0.141471
    0.210502
    0.277506
    0.341837
    0.402877
    0.460037
    0.512767
    0.560557
     0.60295
    0.639535
    0.669962
    0.693937
    0.711229
    0.721672
    0.725164
    0.721673
    0.711232
    0.693941
    0.669967
    0.639542
    0.602957
    0.560565
    0.512774
    0.460044
    0.402884
    0.341845
    0.277512
    0.210507
    0.141475
   0.0710797
     -0.5339
    -1.06266
    -1.58118
    -2.08447
    -2.56769
    -3.02618
    -3.45552
    -3.85159
    -4.21056
    -4.52898
    -4.80378
    -5.03232
    -5.21239
    -5.34227
     -5.4207
    -5.44692
    -5.42069
    -5.34226
    -5.21237
    -5.03229
    -4.80375
    -4.52894
    -4.21052
    -3.85154
    -3.45547
    -3.02613
    -2.56764
    -2.08443
    -1.58114
    -1.06263
   -0.533886
    0.069017
     0.13737
      0.2044
    0.269461
    0.331929
    0.391199
    0.446702
    0.497903
    0.544308
    0.585472
    0.620998
    0.650544
    0.673824
    0.690615
    0.700755
    0.704146
    0.700756
    0.690618
    0.673829
     0.65055
    0.621006
    0.585482
    0.544319
    0.497913
    0.446712
    0.391209
    0.331938
     0.26947
    0.204407
    0.137375
   0.0690199
   -0.515935
     -1.0269
    -1.52798
    -2.01433
    -2.48129
    -2.92435
    -3.33925
    -3.72199
    -4.06887
    -4.37658
    -4.64213
    -4.86298
    -5.03699
     -5.1625
    -5.23829
    -5.26363
    -5.23828
    -5.16249
    -5.03697
    -4.86295
    -4.64209
    -4.37653
    -4.06883
    -3.72193
    -3.33919
    -2.92429
    -2.48124
    -2.01428
    -1.52793
    -1.02687
   -0.515919
   0.0669857
    0.133327
    0.198384
    0.261532
     0.32216
    0.379687
    0.433557
    0.483251
    0.528292
    0.568245
    0.602726
    0.631403
    0.653998
    0.670295
    0.680137
    0.683429
    0.680139
    0.670299
    0.654004
     0.63141
    0.602736
    0.568257
    0.528305
    0.483265
     0.43357
      0.3797
    0.322173
    0.261543
    0.198394
    0.133334
   0.0669895
   -0.498275
    -0.99175
    -1.47567
    -1.94538
    -2.39635
    -2.82425
    -3.22494
    -3.59457
    -3.92958
    -4.22674
    -4.48321
     -4.6965
    -4.86455
    -4.98576
    -5.05896
    -5.08343
    -5.05895
    -4.98574
    -4.86452
    -4.69646
    -4.48316
    -4.22669
    -3.92952
     -3.5945
    -3.22487
    -2.82417
    -2.39628
    -1.94532
    -1.47562
   -0.991711
   -0.498254
    0.064984
    0.129343
    0.192457
    0.253717
    0.312534
    0.368343
    0.420604
    0.468814
     0.51251
     0.55127
    0.584721
    0.612541
    0.634462
    0.650272
     0.65982
    0.663014
    0.659822
    0.650276
    0.634468
    0.612549
    0.584731
    0.551282
    0.512525
    0.468829
    0.420619
    0.368358
     0.31255
    0.253731
    0.192468
    0.129351
   0.0649886
   -0.480915
   -0.957196
    -1.42426
     -1.8776
    -2.31286
    -2.72585
    -3.11258
    -3.46933
    -3.79267
    -4.07948
    -4.32701
    -4.53287
    -4.69507
    -4.81206
    -4.88271
    -4.90633
     -4.8827
    -4.81204
    -4.69504
    -4.53281
    -4.32694
     -4.0794
    -3.79258
    -3.46924
    -3.11249
    -2.72576
    -2.31278
    -1.87752
    -1.42419
   -0.957149
   -0.480889
   0.0630121
    0.125418
    0.186617
    0.246019
    0.303051
    0.357166
    0.407842
    0.454589
     0.49696
    0.534545
    0.566981
    0.593957
    0.615213
    0.630545
    0.639804
    0.642901
    0.639807
     0.63055
    0.615221
    0.593967
    0.566994
    0.534559
    0.496977
    0.454608
     0.40786
    0.357184
    0.303069
    0.246034
     0.18663
    0.125428
   0.0630173
   -0.463856
   -0.923243
    -1.37374
      -1.811
    -2.23082
    -2.62915
    -3.00216
    -3.34626
    -3.65814
    -3.93478
    -4.17354
    -4.37209
    -4.52853
    -4.64136
    -4.70949
    -4.73227
    -4.70947
    -4.64132
    -4.52847
      -4.372
    -4.17344
    -3.93467
    -3.65802
    -3.34615
    -3.00205
    -2.62904
    -2.23071
     -1.8109
    -1.37366
   -0.923187
   -0.463826
   0.0610701
    0.121553
    0.180865
    0.238436
    0.293711
    0.346159
    0.395272
    0.440579
    0.481644
     0.51807
    0.549507
    0.575652
    0.596253
    0.611112
    0.620086
    0.623088
     0.62009
    0.611121
    0.596265
    0.575666
    0.549523
    0.518089
    0.481665
    0.440601
    0.395294
     0.34618
    0.293731
    0.238454
     0.18088
    0.121563
   0.0610758
   -0.447098
   -0.889888
     -1.3241
    -1.74557
    -2.15022
    -2.53416
    -2.89369
    -3.22536
    -3.52597
    -3.79261
    -4.02273
    -4.21411
    -4.36489
    -4.47365
    -4.53932
    -4.56127
    -4.53929
    -4.47361
    -4.36483
    -4.21402
    -4.02263
    -3.79249
    -3.52584
    -3.22523
    -2.89357
    -2.53404
    -2.15011
    -1.74547
    -1.32402
   -0.889826
   -0.447065
   0.0591577
    0.117746
    0.175202
     0.23097
    0.284515
    0.335319
    0.382895
    0.426784
    0.466563
    0.501848
    0.532301
    0.557628
    0.577584
    0.591978
    0.600672
     0.60358
    0.600676
    0.591988
    0.577598
    0.557646
    0.532322
    0.501871
    0.466587
     0.42681
    0.382921
    0.335344
    0.284538
    0.230991
    0.175219
    0.117759
   0.0591642
    -0.43064
   -0.857131
    -1.27536
    -1.68131
    -2.07107
    -2.44088
    -2.78718
    -3.10663
    -3.39617
    -3.65299
    -3.87464
    -4.05897
    -4.20421
    -4.30896
    -4.37221
    -4.39335
    -4.37219
    -4.30891
    -4.20414
    -4.05888
    -3.87453
    -3.65287
    -3.39603
     -3.1065
    -2.78704
    -2.44075
    -2.07095
    -1.68121
    -1.27528
   -0.857068
   -0.430607
   0.0572751
    0.113999
    0.169626
     0.22362
    0.275461
    0.324649
    0.370712
    0.413204
    0.451718
    0.485881
    0.515365
    0.539887
    0.559209
    0.573145
    0.581562
    0.584379
    0.581567
    0.573155
    0.559224
    0.539907
    0.515389
    0.485908
    0.451746
    0.413233
    0.370741
    0.324678
    0.275487
    0.223643
    0.169645
    0.114013
   0.0572824
   -0.414486
   -0.824977
    -1.22752
    -1.61824
    -1.99337
     -2.3493
    -2.68261
    -2.99008
    -3.26875
    -3.51594
    -3.72926
    -3.90668
    -4.04647
    -4.14729
    -4.20817
    -4.22852
    -4.20815
    -4.14725
    -4.04641
     -3.9066
    -3.72917
    -3.51582
    -3.26862
    -2.98995
    -2.68248
    -2.34917
    -1.99325
    -1.61813
    -1.22743
   -0.824912
   -0.414451
   0.0554226
    0.110312
     0.16414
    0.216387
    0.266551
    0.314149
    0.358722
    0.399841
    0.437109
    0.470168
      0.4987
    0.522429
    0.541126
    0.554613
    0.562758
    0.565483
    0.562763
    0.554623
    0.541142
     0.52245
    0.498725
    0.470197
    0.437141
    0.399873
    0.358755
    0.314181
    0.266581
    0.216413
    0.164161
    0.110327
   0.0554306
   -0.398631
   -0.793421
    -1.18057
    -1.55634
    -1.91712
    -2.25944
       -2.58
     -2.8757
    -3.14371
    -3.38145
    -3.58661
    -3.75724
    -3.89168
    -3.98864
     -4.0472
    -4.06677
    -4.04717
     -3.9886
    -3.89162
    -3.75716
    -3.58652
    -3.38134
    -3.14359
    -2.87558
    -2.57987
    -2.25932
      -1.917
    -1.55624
    -1.18048
   -0.793358
   -0.398598
      0.0536
    0.106685
    0.158742
    0.209272
    0.257787
     0.30382
    0.346928
    0.386695
    0.422738
    0.454711
    0.482305
    0.505254
    0.523337
    0.536381
    0.544259
    0.546895
    0.544264
    0.536392
    0.523354
    0.505276
    0.482332
    0.454741
    0.422771
     0.38673
    0.346963
    0.303854
    0.257819
      0.2093
    0.158765
    0.106701
   0.0536087
   -0.383078
   -0.762465
    -1.13451
    -1.49562
    -1.84232
    -2.17129
    -2.47934
    -2.76351
    -3.02106
    -3.24952
    -3.44668
    -3.61065
    -3.73985
    -3.83303
    -3.88929
     -3.9081
    -3.88927
    -3.83299
     -3.7398
    -3.61058
     -3.4466
    -3.24942
    -3.02095
    -2.76339
    -2.47922
    -2.17117
    -1.84221
    -1.49552
    -1.13443
   -0.762407
   -0.383047
   0.0518076
    0.103117
    0.153435
    0.202275
    0.249168
    0.293662
    0.335329
    0.373766
    0.408605
    0.439509
     0.46618
    0.488362
    0.505841
    0.518448
    0.526063
    0.528612
    0.526071
    0.518462
     0.50586
    0.488386
    0.466209
    0.439541
    0.408639
    0.373802
    0.335365
    0.293697
    0.249201
    0.202304
    0.153458
    0.103134
   0.0518169
   -0.367827
    -0.73211
    -1.08934
    -1.43608
    -1.76898
    -2.08485
    -2.38063
    -2.65349
     -2.9008
    -3.12016
    -3.30948
    -3.46692
    -3.59097
    -3.68044
    -3.73447
    -3.75253
    -3.73445
    -3.68041
    -3.59092
    -3.46685
    -3.30939
    -3.12006
    -2.90069
    -2.65338
    -2.38053
    -2.08474
    -1.76888
    -1.43599
    -1.08927
   -0.732057
   -0.367799
   0.0500457
   0.0996102
    0.148216
    0.195396
    0.240694
    0.283675
    0.323925
    0.361055
    0.394709
    0.424562
    0.450327
    0.471754
    0.488639
    0.500818
    0.508174
    0.510636
    0.508181
    0.500832
    0.488659
     0.47178
    0.450356
    0.424595
    0.394745
    0.361093
    0.323962
    0.283712
    0.240729
    0.195427
    0.148242
   0.0996287
   0.0500555
   -0.352879
   -0.702357
    -1.04507
    -1.37772
    -1.69709
    -2.00012
    -2.28389
    -2.54566
    -2.78292
    -2.99337
    -3.17499
    -3.32603
    -3.44505
    -3.53088
    -3.58271
    -3.60004
     -3.5827
    -3.53085
      -3.445
    -3.32597
    -3.17491
    -2.99327
    -2.78282
    -2.54556
    -2.28379
    -2.00003
      -1.697
    -1.37763
      -1.045
   -0.702309
   -0.352853
   0.0483139
   0.0961633
    0.143087
    0.188634
    0.232365
    0.273859
    0.312716
    0.348562
    0.381051
    0.409872
    0.434745
    0.455432
    0.471733
    0.483491
    0.490593
     0.49297
    0.490599
    0.483504
    0.471752
    0.455457
    0.434775
    0.409906
    0.381089
    0.348601
    0.312756
    0.273898
    0.232402
    0.188668
    0.143115
   0.0961833
   0.0483244
   -0.338232
   -0.673206
     -1.0017
    -1.32054
    -1.62666
    -1.91711
     -2.1891
    -2.44001
    -2.66742
    -2.86914
    -3.04322
      -3.188
    -3.30207
    -3.38435
    -3.43403
    -3.45064
    -3.43401
    -3.38432
    -3.30203
    -3.18793
    -3.04315
    -2.86905
    -2.66733
    -2.43992
    -2.18901
    -1.91702
    -1.62657
    -1.32046
    -1.00163
   -0.673163
   -0.338209
   0.0466121
   0.0927761
    0.138047
     0.18199
     0.22418
    0.264213
    0.301702
    0.336285
    0.367631
    0.395437
    0.419434
    0.439393
     0.45512
    0.466465
    0.473317
     0.47561
    0.473324
    0.466479
    0.455142
    0.439421
    0.419469
    0.395476
    0.367674
    0.336331
    0.301748
    0.264258
    0.224223
    0.182028
    0.138078
    0.092798
   0.0466236
   -0.323889
   -0.644657
   -0.959216
    -1.26454
    -1.55768
    -1.83582
    -2.09627
    -2.33654
     -2.5543
    -2.74747
    -2.91418
    -3.05282
    -3.16206
    -3.24084
    -3.28841
    -3.30432
     -3.2884
    -3.24081
    -3.16201
    -3.05276
    -2.91411
     -2.7474
    -2.55423
    -2.33646
    -2.09619
    -1.83573
     -1.5576
    -1.26447
   -0.959161
   -0.644618
   -0.323868
   0.0449405
    0.089449
    0.133097
    0.175463
    0.216141
    0.254738
    0.290882
    0.324226
    0.354448
    0.381257
    0.404395
    0.423638
    0.438802
     0.44974
    0.456347
     0.45856
    0.456356
    0.449758
    0.438828
    0.423672
    0.404435
    0.381304
    0.354499
     0.32428
    0.290937
    0.254791
     0.21619
    0.175507
    0.133131
   0.0894735
   0.0449532
   -0.309849
   -0.616712
   -0.917635
    -1.20972
    -1.49015
    -1.75624
    -2.00541
    -2.23526
    -2.44358
    -2.62838
    -2.78785
    -2.92049
    -3.02499
    -3.10036
    -3.14587
    -3.16109
    -3.14586
    -3.10033
    -3.02495
    -2.92043
    -2.78779
    -2.62831
    -2.44351
    -2.23518
    -2.00532
    -1.75616
    -1.49008
    -1.20966
   -0.917584
   -0.616675
   -0.309829
   0.0432988
   0.0861814
    0.128235
    0.169054
    0.208246
    0.245434
    0.280259
    0.312385
    0.341504
    0.367334
    0.389628
    0.408169
     0.42278
     0.43332
    0.439687
    0.441821
    0.439699
    0.433342
    0.422812
     0.40821
    0.389677
     0.36739
    0.341564
    0.312449
    0.280323
    0.245497
    0.208304
    0.169105
    0.128276
   0.0862102
   0.0433136
   -0.296111
   -0.589369
   -0.876952
    -1.15609
    -1.42409
    -1.67838
     -1.9165
    -2.13616
    -2.33525
    -2.51185
    -2.66426
    -2.79101
    -2.89088
    -2.96291
     -3.0064
    -3.02094
    -3.00638
    -2.96288
    -2.89084
    -2.79096
     -2.6642
    -2.51179
    -2.33518
    -2.13609
    -1.91642
     -1.6783
    -1.42402
    -1.15603
   -0.876905
   -0.589336
   -0.296093
    0.041687
   0.0829736
    0.123462
    0.162763
    0.200497
    0.236301
     0.26983
    0.300761
    0.328798
    0.353668
    0.375133
    0.392986
    0.407055
    0.417205
    0.423337
    0.425392
    0.423351
    0.417232
    0.407095
    0.393037
    0.375193
    0.353735
     0.32887
    0.300837
    0.269907
    0.236375
    0.200565
    0.162822
     0.12351
   0.0830078
   0.0417046
   -0.282676
    -0.56263
   -0.837166
    -1.10364
    -1.35948
    -1.60223
    -1.82955
    -2.03925
    -2.22931
    -2.39789
    -2.54339
    -2.66438
    -2.75972
    -2.82848
       -2.87
    -2.88389
    -2.86999
    -2.82846
    -2.75969
    -2.66434
    -2.54333
    -2.39783
    -2.22924
    -2.03917
    -1.82948
    -1.60216
    -1.35942
    -1.10358
   -0.837122
     -0.5626
   -0.282661
   0.0401055
    0.079826
    0.118779
    0.156589
    0.192893
     0.22734
    0.259599
    0.289359
    0.316334
    0.340263
    0.360915
    0.378093
     0.39163
    0.401396
    0.407297
    0.409275
    0.407313
    0.401427
    0.391674
     0.37815
    0.360982
    0.340338
    0.316415
    0.289444
    0.259685
    0.227424
     0.19297
    0.156657
    0.118834
   0.0798647
   0.0401255
   -0.269545
   -0.536494
   -0.798277
    -1.05237
    -1.29633
     -1.5278
    -1.74456
    -1.94452
    -2.12575
     -2.2865
    -2.42524
    -2.54062
    -2.63153
    -2.69709
    -2.73669
    -2.74992
    -2.73667
    -2.69707
    -2.63149
    -2.54057
    -2.42519
    -2.28644
    -2.12568
    -1.94445
    -1.74449
    -1.52774
    -1.29627
    -1.05232
   -0.798235
   -0.536465
    -0.26953
   0.0385543
   0.0767389
    0.114186
    0.150535
    0.185436
    0.218552
    0.249565
    0.278177
     0.30411
    0.327116
    0.346973
    0.363488
    0.376503
    0.385893
    0.391567
     0.39347
    0.391584
    0.385926
    0.376551
     0.36355
    0.347045
    0.327198
      0.3042
     0.27827
     0.24966
    0.218644
    0.185521
     0.15061
    0.114246
   0.0767818
   0.0385766
   -0.256717
   -0.510961
   -0.760283
    -1.00228
    -1.23463
    -1.45509
    -1.66153
    -1.85197
    -2.02457
    -2.17768
    -2.30981
     -2.4197
    -2.50628
    -2.56873
    -2.60644
    -2.61904
    -2.60643
    -2.56871
    -2.50625
    -2.41966
    -2.30976
    -2.17761
    -2.02451
    -1.85191
    -1.66147
    -1.45503
    -1.23457
    -1.00223
   -0.760244
   -0.510934
   -0.256703
   0.0370344
    0.073714
    0.109686
    0.144602
    0.178128
     0.20994
    0.239732
    0.267217
    0.292129
    0.314229
    0.333304
    0.349169
    0.361672
    0.370693
    0.376144
    0.377972
    0.376161
    0.370726
    0.361721
    0.349231
    0.333378
    0.314312
    0.292219
    0.267311
    0.239827
    0.210032
    0.178214
    0.144678
    0.109747
   0.0737579
   0.0370575
    -0.24419
   -0.486028
   -0.723185
   -0.953376
    -1.17439
    -1.38408
    -1.58045
     -1.7616
    -1.92578
    -2.07142
     -2.1971
    -2.30163
    -2.38399
    -2.44339
    -2.47926
    -2.49125
    -2.47925
    -2.44337
    -2.38396
    -2.30159
    -2.19705
    -2.07136
    -1.92573
    -1.76155
     -1.5804
    -1.38403
    -1.17434
   -0.953334
    -0.72315
   -0.486004
   -0.244178
   0.0355454
   0.0707506
    0.105277
     0.13879
    0.170969
    0.201503
    0.230097
    0.256478
    0.280389
    0.301601
    0.319909
    0.335137
    0.347138
    0.355796
    0.361028
    0.362783
    0.361044
    0.355828
    0.347185
    0.335197
     0.31998
    0.301681
    0.280475
    0.256567
    0.230188
     0.20159
    0.171051
    0.138862
    0.105336
   0.0707932
   0.0355683
   -0.231967
   -0.461698
   -0.686983
   -0.905651
     -1.1156
     -1.3148
    -1.50134
    -1.67341
    -1.82938
    -1.96772
    -2.08711
    -2.18641
    -2.26465
    -2.32108
    -2.35515
    -2.36654
    -2.35514
    -2.32105
    -2.26462
    -2.18637
    -2.08708
    -1.96768
    -1.82933
    -1.67337
    -1.50129
    -1.31475
    -1.11555
   -0.905613
   -0.686952
   -0.461676
   -0.231955
   0.0340879
   0.0678491
    0.100958
    0.133097
    0.163955
    0.193236
    0.220657
    0.245955
    0.268885
    0.289226
    0.306783
    0.321387
    0.332895
    0.341198
    0.346215
    0.347898
    0.346231
    0.341229
    0.332939
    0.321444
    0.306851
    0.289303
    0.268967
    0.246041
    0.220743
    0.193319
    0.164033
    0.133165
    0.101014
   0.0678893
   0.0341094
   -0.220045
    -0.43797
   -0.651677
   -0.859107
    -1.05826
    -1.24723
    -1.42418
    -1.58742
    -1.73536
     -1.8666
    -1.97985
    -2.07404
    -2.14826
    -2.20179
    -2.23411
    -2.24492
     -2.2341
    -2.20177
    -2.14824
    -2.07402
    -1.97982
    -1.86656
    -1.73532
    -1.58737
    -1.42414
    -1.24719
    -1.05823
   -0.859073
   -0.651649
    -0.43795
   -0.220034
   0.0326607
   0.0650078
   0.0967298
    0.127521
    0.157086
    0.185139
    0.211411
    0.235649
    0.257618
    0.277107
    0.293928
     0.30792
    0.318946
    0.326901
    0.331707
     0.33332
    0.331722
    0.326929
    0.318987
    0.307972
    0.293992
    0.277179
    0.257696
     0.23573
    0.211494
    0.185219
     0.15716
    0.127586
   0.0967826
   0.0650456
   0.0326807
   -0.208426
   -0.414845
   -0.617268
   -0.813746
    -1.00239
    -1.18137
    -1.34898
     -1.5036
    -1.64374
    -1.76805
    -1.87532
    -1.96454
    -2.03484
    -2.08554
    -2.11616
    -2.12639
    -2.11615
    -2.08553
    -2.03482
    -1.96452
    -1.87529
    -1.76801
     -1.6437
    -1.50356
    -1.34895
    -1.18134
    -1.00235
   -0.813714
   -0.617241
   -0.414826
   -0.208417
   0.0312622
   0.0622242
   0.0925877
    0.122061
    0.150359
    0.177211
    0.202358
    0.225557
    0.246585
    0.265239
     0.28134
    0.294733
    0.305286
    0.312901
    0.317502
    0.319046
    0.317517
    0.312929
    0.305328
    0.294786
    0.281405
    0.265313
    0.246665
    0.225641
    0.202442
    0.177293
    0.150435
    0.122127
   0.0926416
   0.0622626
   0.0312825
   -0.197111
   -0.392324
   -0.583759
   -0.769571
   -0.947972
    -1.11724
    -1.27575
    -1.42198
    -1.55451
    -1.67206
    -1.77352
    -1.85789
    -1.92438
    -1.97233
    -2.00128
    -2.01096
    -2.00127
    -1.97231
    -1.92435
    -1.85787
    -1.77349
    -1.67203
    -1.55447
    -1.42193
    -1.27571
     -1.1172
   -0.947933
   -0.769537
   -0.583731
   -0.392305
   -0.197102
   0.0298932
   0.0594993
    0.088533
    0.116715
    0.143775
    0.169451
    0.193496
    0.215679
    0.235787
    0.253625
    0.269021
    0.281827
    0.291919
      0.2992
    0.303601
    0.305078
    0.303617
    0.299232
    0.291964
    0.281885
    0.269091
    0.253704
    0.235874
     0.21577
    0.193587
    0.169539
    0.143857
    0.116787
    0.088591
   0.0595404
   0.0299149
   -0.186099
   -0.370406
   -0.551146
   -0.726579
   -0.895014
    -1.05483
    -1.20449
    -1.34254
    -1.46767
    -1.57866
    -1.67444
     -1.7541
    -1.81687
    -1.86214
    -1.88947
    -1.89861
    -1.88947
    -1.86212
    -1.81685
    -1.75407
     -1.6744
    -1.57861
    -1.46762
    -1.34249
    -1.20444
    -1.05478
   -0.894972
   -0.726544
   -0.551119
   -0.370388
   -0.186091
   0.0285529
    0.056832
   0.0845645
    0.111484
    0.137331
    0.161857
    0.184825
    0.206016
    0.225223
    0.242263
     0.25697
    0.269204
    0.278845
    0.285802
    0.290007
     0.29142
    0.290026
    0.285839
    0.278898
    0.269272
    0.257051
    0.242354
    0.225322
    0.206119
     0.18493
    0.161957
    0.137424
    0.111565
   0.0846303
   0.0568787
   0.0285776
    -0.17539
    -0.34909
    -0.51943
   -0.684767
   -0.843511
    -0.99413
    -1.13517
    -1.26529
    -1.38321
    -1.48781
    -1.57809
    -1.65316
    -1.71232
    -1.75498
    -1.78074
    -1.78936
    -1.78073
    -1.75496
    -1.71229
    -1.65313
    -1.57805
    -1.48777
    -1.38317
    -1.26524
    -1.13513
   -0.994087
   -0.843473
   -0.684737
   -0.519407
   -0.349075
   -0.175383
   0.0272419
   0.0542231
   0.0806832
    0.106368
     0.13103
    0.154431
    0.176347
    0.196566
    0.214894
    0.231154
    0.245189
    0.256864
    0.266066
    0.272706
    0.276721
    0.278071
    0.276743
     0.27275
    0.266129
    0.256945
    0.245285
    0.231262
    0.215011
    0.196688
    0.176468
    0.154548
    0.131137
    0.106462
   0.0807596
   0.0542775
   0.0272707
   -0.164983
   -0.328377
    -0.48861
   -0.644137
   -0.793462
   -0.935144
    -1.06782
    -1.19021
    -1.30114
    -1.39954
    -1.48445
    -1.55507
    -1.61072
    -1.65085
    -1.67508
    -1.68318
    -1.67507
    -1.65084
     -1.6107
    -1.55505
    -1.48442
     -1.3995
     -1.3011
    -1.19017
    -1.06778
   -0.935108
   -0.793431
   -0.644113
   -0.488593
   -0.328367
   -0.164978
   0.0259602
   0.0516727
   0.0768894
    0.101368
    0.124872
    0.147175
    0.168063
    0.187335
    0.204804
    0.220303
    0.233682
    0.244811
    0.253583
    0.259915
    0.263743
    0.265032
    0.263768
    0.259964
    0.253656
    0.244904
    0.233792
    0.220428
    0.204939
    0.187475
    0.168203
     0.14731
    0.124997
    0.101477
   0.0769785
   0.0517365
   0.0259942
   -0.154879
   -0.308266
   -0.458685
   -0.604687
   -0.744866
   -0.877872
    -1.00242
    -1.11732
    -1.22145
    -1.31382
    -1.39354
    -1.45983
    -1.51207
    -1.54975
     -1.5725
    -1.58011
     -1.5725
    -1.54974
    -1.51206
    -1.45982
    -1.39352
     -1.3138
    -1.22143
    -1.11729
     -1.0024
   -0.877852
    -0.74485
   -0.604676
   -0.458677
   -0.308262
   -0.154877
   0.0247084
   0.0491819
   0.0731843
   0.0964845
    0.118858
    0.140089
    0.159975
    0.178321
    0.194953
    0.209709
    0.222447
    0.233044
    0.241398
    0.247427
    0.251074
    0.252303
    0.251102
    0.247483
    0.241479
    0.233149
    0.222572
     0.20985
    0.195106
     0.17848
    0.160135
    0.140245
    0.119002
   0.0966108
   0.0732873
   0.0492558
    0.024748
   -0.145077
   -0.288757
   -0.429656
   -0.566417
   -0.697724
   -0.822311
   -0.938979
     -1.0466
    -1.14415
    -1.23068
    -1.30535
    -1.36745
    -1.41639
    -1.45168
    -1.47299
    -1.48012
    -1.47299
    -1.45168
    -1.41638
    -1.36745
    -1.30535
    -1.23067
    -1.14415
     -1.0466
    -0.93898
   -0.822313
   -0.697727
    -0.56642
   -0.429658
   -0.288759
   -0.145079
   0.0234873
   0.0467522
   0.0695701
   0.0917213
    0.112992
    0.133178
    0.152085
    0.169529
    0.185343
    0.199374
    0.211486
    0.221564
    0.229508
    0.235243
    0.238712
    0.239883
    0.238743
    0.235304
    0.229597
    0.221678
    0.211623
    0.199529
    0.185511
    0.169704
    0.152261
     0.13335
    0.113152
   0.0918624
   0.0696856
   0.0468354
    0.023532
   -0.135578
   -0.269851
   -0.401525
   -0.529332
   -0.652042
   -0.768473
   -0.877502
   -0.978082
    -1.06924
    -1.15011
    -1.21989
    -1.27793
    -1.32366
    -1.35664
    -1.37656
    -1.38322
    -1.37656
    -1.35665
    -1.32367
    -1.27794
     -1.2199
    -1.15012
    -1.06926
   -0.978099
    -0.87752
    -0.76849
   -0.652058
   -0.529346
   -0.401536
   -0.269859
   -0.135583
   0.0222969
   0.0443834
   0.0660464
   0.0870775
    0.107274
     0.12644
    0.144392
    0.160956
    0.175973
    0.189296
    0.200799
    0.210369
    0.217914
    0.223361
    0.226658
    0.227771
    0.226691
    0.223427
     0.21801
    0.210493
    0.200947
    0.189464
    0.176154
    0.161146
    0.144584
    0.126627
    0.107448
   0.0872319
   0.0661734
   0.0444752
   0.0223463
   -0.126382
   -0.251547
   -0.374289
   -0.493428
   -0.607815
   -0.716349
   -0.817985
   -0.911743
    -0.99672
     -1.0721
    -1.13716
    -1.19126
    -1.23389
    -1.26464
    -1.28321
    -1.28942
    -1.28321
    -1.26465
     -1.2339
    -1.19128
    -1.13718
    -1.07213
    -0.99675
   -0.911773
   -0.818014
   -0.716377
   -0.607841
    -0.49345
   -0.374308
    -0.25156
   -0.126389
   0.0211379
   0.0420768
   0.0626148
    0.082554
    0.101702
    0.119875
    0.136896
    0.152602
    0.166841
    0.179475
    0.190383
    0.199459
    0.206615
    0.211782
     0.21491
    0.215967
    0.214945
    0.211852
    0.206718
    0.199591
    0.190541
    0.179654
    0.167035
    0.152805
    0.137101
    0.120075
    0.101889
   0.0827198
   0.0627511
   0.0421755
    0.021191
   -0.117488
   -0.233845
   -0.347951
   -0.458707
   -0.565047
   -0.665945
    -0.76043
   -0.847593
   -0.926593
    -0.99667
    -1.05715
    -1.10745
    -1.14708
    -1.17566
    -1.19293
     -1.1987
    -1.19293
    -1.17567
    -1.14709
    -1.10747
    -1.05717
   -0.996699
   -0.926625
   -0.847625
   -0.760463
   -0.665977
   -0.565077
   -0.458734
   -0.347973
   -0.233861
   -0.117497
   0.0200095
    0.039831
   0.0592734
   0.0781494
   0.0962769
    0.113481
    0.129596
    0.144466
    0.157947
     0.16991
    0.180239
    0.188833
     0.19561
    0.200504
    0.203467
    0.204471
    0.203505
    0.200578
    0.195719
    0.188974
    0.180407
      0.1701
    0.158154
    0.144682
    0.129814
    0.113694
   0.0964755
   0.0783256
   0.0594185
   0.0399361
    0.020066
   -0.108897
   -0.216746
   -0.322509
   -0.425168
   -0.523734
   -0.617257
   -0.704835
   -0.785626
   -0.858851
   -0.923805
   -0.979862
    -1.02648
    -1.06322
    -1.08971
    -1.10571
    -1.11107
    -1.10572
    -1.08972
    -1.06323
     -1.0265
   -0.979887
   -0.923832
    -0.85888
   -0.785656
   -0.704866
   -0.617288
   -0.523764
   -0.425195
   -0.322533
   -0.216763
   -0.108906
   0.0189112
   0.0376451
    0.056021
   0.0738621
   0.0909962
    0.107258
    0.122491
    0.136547
    0.149291
      0.1606
    0.170365
    0.178491
    0.184899
    0.189527
     0.19233
    0.193281
    0.192371
    0.189607
    0.185016
    0.178641
    0.170545
    0.160805
    0.149513
    0.136779
    0.122725
    0.107487
     0.09121
   0.0740516
   0.0561769
   0.0377577
   0.0189715
   -0.100609
   -0.200251
   -0.297966
   -0.392812
   -0.483878
   -0.570283
   -0.651197
    -0.72584
   -0.793493
   -0.853504
   -0.905296
   -0.948369
   -0.982308
    -1.00679
    -1.02157
    -1.02652
    -1.02158
     -1.0068
   -0.982322
   -0.948386
   -0.905315
   -0.853525
   -0.793515
   -0.725863
    -0.65122
   -0.570306
   -0.483901
   -0.392835
   -0.297985
   -0.200265
   -0.100618
   0.0178429
    0.035519
   0.0528577
   0.0696923
   0.0858601
    0.101205
     0.11558
    0.128845
    0.140872
    0.151546
    0.160762
    0.168432
    0.174481
    0.178851
    0.181499
    0.182399
    0.181543
    0.178937
    0.174607
    0.168595
    0.160957
    0.151767
    0.141113
    0.129097
    0.115835
    0.101453
   0.0860917
   0.0698973
    0.053026
   0.0356403
   0.0179077
  -0.0926237
   -0.184357
   -0.274317
   -0.361637
   -0.445475
   -0.525023
   -0.599515
   -0.668235
   -0.730518
   -0.785767
   -0.833448
   -0.873103
   -0.904349
   -0.926886
   -0.940496
   -0.945048
     -0.9405
   -0.926893
   -0.904358
   -0.873114
   -0.833461
   -0.785781
   -0.730534
   -0.668251
   -0.599533
   -0.525041
   -0.445493
   -0.361654
   -0.274333
    -0.18437
  -0.0926315
   0.0168043
   0.0334521
   0.0497827
    0.065639
   0.0808679
   0.0953226
    0.108863
     0.12136
    0.132691
    0.142747
     0.15143
    0.158658
    0.164359
    0.168479
    0.170977
    0.171828
    0.171025
    0.168574
    0.164498
    0.158837
    0.151644
    0.142988
    0.132953
    0.121634
     0.10914
   0.0955917
   0.0811188
   0.0658607
   0.0499644
    0.033583
   0.0168741
  -0.0849415
   -0.169067
   -0.251565
   -0.331642
   -0.408526
   -0.481475
   -0.549788
   -0.612808
   -0.669925
   -0.720591
   -0.764318
   -0.800683
   -0.829337
   -0.850004
   -0.862484
   -0.866659
   -0.862486
   -0.850007
   -0.829341
   -0.800688
   -0.764325
   -0.720601
   -0.669937
    -0.61282
   -0.549802
   -0.481489
    -0.40854
   -0.331656
   -0.251578
   -0.169077
   -0.084948
   0.0157959
   0.0314453
   0.0467971
   0.0617036
   0.0760209
   0.0896109
    0.102342
    0.114093
    0.124748
    0.134204
    0.142372
     0.14917
    0.154534
    0.158412
    0.160764
    0.161569
    0.160817
    0.158516
    0.154688
    0.149367
    0.142606
    0.134469
    0.125034
    0.114391
    0.102643
   0.0899026
   0.0762922
   0.0619429
   0.0469929
    0.031586
   0.0158709
  -0.0775611
   -0.154377
   -0.229707
   -0.302826
   -0.373029
    -0.43964
   -0.502018
    -0.55956
   -0.611715
   -0.657979
   -0.697906
   -0.731111
   -0.757275
   -0.776146
   -0.787541
   -0.791352
   -0.787541
   -0.776146
   -0.757275
   -0.731112
   -0.697908
   -0.657983
   -0.611722
    -0.55957
   -0.502028
   -0.439651
   -0.373041
   -0.302838
   -0.229718
   -0.154386
  -0.0775669
   0.0148177
   0.0294988
   0.0439016
   0.0578873
    0.071321
   0.0840731
   0.0960204
    0.107048
    0.117048
    0.125924
    0.133591
    0.139974
    0.145011
    0.148653
    0.150865
    0.151623
    0.150922
    0.148765
    0.145175
    0.140185
    0.133842
    0.126207
    0.117354
    0.107367
   0.0963417
   0.0843846
   0.0716105
   0.0581426
   0.0441104
    0.029649
   0.0148979
  -0.0704826
   -0.140288
   -0.208743
   -0.275189
   -0.338984
   -0.399516
     -0.4562
   -0.508492
   -0.555885
   -0.597925
   -0.634207
    -0.66438
   -0.688155
   -0.705304
    -0.71566
   -0.719123
   -0.715661
   -0.705306
   -0.688159
   -0.664385
   -0.634212
   -0.597932
   -0.555894
   -0.508502
   -0.456211
   -0.399528
   -0.338997
   -0.275201
   -0.208754
   -0.140297
  -0.0704881
   0.0138706
   0.0276141
   0.0410979
   0.0541921
   0.0667703
   0.0787111
   0.0898992
    0.100226
    0.109593
    0.117908
     0.12509
    0.131071
    0.135791
    0.139205
    0.141279
    0.141993
    0.141339
    0.139322
    0.135962
    0.131291
    0.125353
    0.118205
    0.109915
    0.100563
   0.0902373
   0.0790389
   0.0670749
   0.0544607
   0.0413176
   0.0277723
   0.0139552
  -0.0637056
   -0.126799
   -0.188672
   -0.248728
    -0.30639
   -0.361101
   -0.412335
   -0.459597
   -0.502433
   -0.540431
   -0.573224
   -0.600497
   -0.621986
   -0.637485
   -0.646846
   -0.649977
   -0.646848
    -0.63749
   -0.621993
   -0.600505
   -0.573235
   -0.540444
   -0.502448
   -0.459612
    -0.41235
   -0.361116
   -0.306405
   -0.248742
   -0.188684
   -0.126808
  -0.0637112
   0.0129556
   0.0257933
   0.0383892
    0.050622
   0.0623734
   0.0735299
   0.0839838
   0.0936339
    0.102387
    0.110157
     0.11687
    0.122461
    0.126874
    0.130066
    0.132007
    0.132676
    0.132067
    0.130185
    0.127048
    0.122686
    0.117139
    0.110461
    0.102716
   0.0939777
   0.0843299
   0.0738657
   0.0626856
   0.0508976
   0.0386151
   0.0259562
   0.0130429
  -0.0572301
    -0.11391
   -0.169493
   -0.223445
   -0.275244
   -0.324394
    -0.37042
   -0.412878
   -0.451361
   -0.485497
   -0.514958
   -0.539459
   -0.558765
    -0.57269
     -0.5811
   -0.583913
   -0.581103
   -0.572697
   -0.558776
   -0.539473
   -0.514975
   -0.485516
   -0.451382
     -0.4129
   -0.370441
   -0.324415
   -0.275265
   -0.223462
   -0.169508
   -0.113921
  -0.0572361
   0.0120729
   0.0240366
   0.0357759
   0.0471772
   0.0581305
   0.0685298
   0.0782745
   0.0872703
   0.0954299
    0.102674
    0.108933
    0.114146
    0.118261
    0.121239
    0.123049
    0.123675
     0.12311
    0.121358
    0.118435
     0.11437
    0.109201
    0.102977
   0.0957587
   0.0876136
   0.0786204
   0.0688657
   0.0584432
   0.0474536
   0.0360029
   0.0242009
   0.0121611
  -0.0510564
   -0.101622
   -0.151208
   -0.199339
   -0.245551
   -0.289398
    -0.33046
   -0.368339
   -0.402671
   -0.433125
   -0.459408
   -0.481267
   -0.498491
   -0.510915
   -0.518418
   -0.520929
   -0.518422
   -0.510924
   -0.498504
   -0.481283
   -0.459428
   -0.433147
   -0.402695
   -0.368364
   -0.330486
   -0.289424
   -0.245574
    -0.19936
   -0.151225
   -0.101633
  -0.0510626
   0.0112231
   0.0223449
   0.0332581
   0.0438575
   0.0540406
   0.0637091
   0.0727694
   0.0811337
   0.0887208
   0.0954574
    0.101278
    0.106126
    0.109954
    0.112724
    0.114409
    0.114993
    0.114469
    0.112841
    0.110125
    0.106346
    0.101541
   0.0957556
   0.0890443
   0.0814716
   0.0731099
     0.06404
   0.0543489
   0.0441301
   0.0334819
   0.0225067
     0.01131
  -0.0451836
  -0.0899327
   -0.133816
   -0.176412
   -0.217309
   -0.256114
   -0.292454
   -0.325977
   -0.356361
   -0.383313
   -0.406574
    -0.42592
   -0.441164
   -0.452159
     -0.4588
   -0.461022
   -0.458804
   -0.452168
   -0.441177
   -0.425937
   -0.406594
   -0.383336
   -0.356385
   -0.326003
    -0.29248
    -0.25614
   -0.217334
   -0.176434
   -0.133834
  -0.0899456
  -0.0451904
   0.0104057
   0.0207173
   0.0308354
   0.0406627
   0.0501042
   0.0590688
   0.0674697
   0.0752256
   0.0822612
   0.0885083
   0.0939062
   0.0984025
    0.101953
    0.104523
    0.106088
     0.10663
    0.106146
    0.104637
     0.10212
   0.0986168
    0.094162
   0.0887977
   0.0825751
   0.0755536
   0.0678003
     0.05939
   0.0504037
   0.0409274
   0.0310525
    0.020874
   0.0104898
  -0.0396125
  -0.0788445
   -0.117318
   -0.154663
   -0.190519
   -0.224541
     -0.2564
   -0.285791
    -0.31243
    -0.33606
   -0.356454
   -0.373415
    -0.38678
    -0.39642
   -0.402243
   -0.404192
   -0.402247
   -0.396429
   -0.386793
   -0.373431
   -0.356473
   -0.336081
   -0.312453
   -0.285816
   -0.256425
   -0.224565
   -0.190542
   -0.154684
   -0.117336
  -0.0788577
  -0.0396196
  0.00961977
   0.0191528
   0.0285071
   0.0375926
   0.0463215
   0.0546096
   0.0623767
   0.0695475
   0.0760525
   0.0818286
   0.0868196
   0.0909771
   0.0942604
   0.0966375
    0.098085
    0.098588
    0.098141
   0.0967479
   0.0944215
   0.0911841
   0.0870665
   0.0821078
   0.0763554
   0.0698641
   0.0626961
   0.0549202
   0.0466112
   0.0378488
   0.0287173
   0.0193045
  0.00970122
  -0.0343432
  -0.0683569
   -0.101713
   -0.134091
   -0.165179
   -0.194676
   -0.222299
   -0.247782
   -0.270878
   -0.291366
   -0.309048
   -0.323753
   -0.335341
     -0.3437
   -0.348748
   -0.350437
   -0.348751
   -0.343706
   -0.335352
   -0.323767
   -0.309063
   -0.291383
   -0.270898
   -0.247802
    -0.22232
   -0.194697
   -0.165199
    -0.13411
   -0.101729
  -0.0683687
  -0.0343499
  0.00886578
   0.0176518
   0.0262732
    0.034647
   0.0426922
   0.0503312
     0.05749
   0.0640992
   0.0700949
   0.0754187
   0.0800189
   0.0838509
   0.0868773
   0.0890688
   0.0904038
   0.0908685
   0.0904577
    0.089175
   0.0870323
   0.0840499
   0.0802561
   0.0756869
   0.0703859
   0.0644036
   0.0577974
   0.0506304
   0.0429715
   0.0348941
   0.0264761
   0.0177983
  0.00894432
  -0.0293757
  -0.0584698
  -0.0870022
   -0.114698
    -0.14129
   -0.166522
    -0.19015
   -0.211948
   -0.231704
   -0.249229
   -0.264354
   -0.276934
   -0.286846
   -0.293996
   -0.298314
   -0.299758
   -0.298316
   -0.294001
   -0.286854
   -0.276944
   -0.264367
   -0.249244
    -0.23172
   -0.211964
   -0.190167
   -0.166539
   -0.141306
   -0.114714
  -0.0870159
  -0.0584806
  -0.0293821
  0.00814369
    0.016214
    0.024133
   0.0318245
   0.0392143
   0.0462311
   0.0528071
   0.0588785
   0.0643865
   0.0692775
   0.0735039
   0.0770248
    0.079806
   0.0818202
   0.0830477
   0.0834758
      0.0831
   0.0819233
   0.0799566
   0.0772185
   0.0737348
   0.0695385
   0.0646697
   0.0591747
   0.0531061
   0.0465219
   0.0394853
   0.0320639
    0.024329
   0.0163551
  0.00821912
  -0.0247101
  -0.0491836
  -0.0731849
  -0.0964823
   -0.118851
   -0.140076
   -0.159953
   -0.178289
   -0.194908
   -0.209651
   -0.222374
   -0.232955
   -0.241294
   -0.247308
    -0.25094
   -0.252155
   -0.250941
   -0.247311
   -0.241298
   -0.232962
   -0.222382
    -0.20966
   -0.194919
   -0.178301
   -0.159966
    -0.14009
   -0.118866
  -0.0964963
  -0.0731976
  -0.0491939
  -0.0247163
  0.00745331
   0.0148393
   0.0220866
   0.0291257
   0.0358887
   0.0423106
   0.0483295
   0.0538868
   0.0589288
   0.0634063
   0.0672756
   0.0704995
   0.0730465
   0.0748916
   0.0760165
     0.07641
   0.0760678
   0.0749926
   0.0731944
   0.0706898
   0.0675024
   0.0636625
   0.0592067
   0.0541773
   0.0486223
    0.042595
   0.0361531
   0.0293585
   0.0222765
   0.0149755
  0.00752581
  -0.0203458
  -0.0404971
  -0.0602599
  -0.0794431
  -0.0978621
   -0.115339
   -0.131705
   -0.146803
   -0.160488
   -0.172627
   -0.183104
   -0.191817
   -0.198682
   -0.203634
   -0.206625
   -0.207625
   -0.206626
   -0.203637
   -0.198686
   -0.191821
    -0.18311
   -0.172635
   -0.160497
   -0.146814
   -0.131717
   -0.115352
  -0.0978757
  -0.0794569
  -0.0602726
  -0.0405077
  -0.0203522
  0.00679385
   0.0135267
   0.0201334
   0.0265506
   0.0327164
   0.0385714
   0.0440591
   0.0491263
   0.0537239
   0.0578072
   0.0613364
   0.0642774
   0.0666014
   0.0682856
   0.0693131
   0.0696737
   0.0693633
   0.0683846
   0.0667463
   0.0644638
   0.0615584
   0.0580577
   0.0539951
   0.0494092
   0.0443439
   0.0388475
   0.0329729
   0.0267764
   0.0203175
   0.0136587
  0.00686415
   -0.016283
  -0.0324105
  -0.0482273
  -0.0635804
  -0.0783218
  -0.0923093
   -0.105408
   -0.117492
   -0.128444
   -0.138159
   -0.146543
   -0.153516
   -0.159011
   -0.162974
   -0.165367
   -0.166168
   -0.165369
   -0.162977
   -0.159015
   -0.153522
    -0.14655
   -0.138168
   -0.128454
   -0.117504
   -0.105421
  -0.0923235
  -0.0783365
   -0.063595
  -0.0482408
  -0.0324215
  -0.0162896
  0.00616598
    0.012277
   0.0182741
   0.0240995
   0.0296971
   0.0350128
   0.0399953
   0.0445963
   0.0487712
   0.0524797
   0.0556856
   0.0583577
   0.0604698
   0.0620009
   0.0629358
    0.063265
   0.0629848
   0.0620976
   0.0606112
   0.0585396
   0.0559021
   0.0527239
   0.0490351
    0.044871
   0.0402713
   0.0352802
   0.0299453
   0.0243181
   0.0184524
    0.012405
  0.00623415
  -0.0125213
  -0.0249232
  -0.0370863
   -0.048893
  -0.0602294
  -0.0709861
  -0.0810593
  -0.0903519
  -0.0987743
   -0.106245
   -0.112693
   -0.118055
   -0.122281
   -0.125328
   -0.127169
   -0.127785
   -0.127171
   -0.125332
   -0.122286
   -0.118063
   -0.112703
   -0.106257
   -0.098788
  -0.0903672
  -0.0810757
  -0.0710032
  -0.0602467
  -0.0489097
  -0.0371013
  -0.0249352
  -0.0125282
  0.00557034
   0.0110915
   0.0165101
   0.0217741
   0.0268328
   0.0316371
   0.0361407
   0.0402998
   0.0440741
   0.0474269
   0.0503256
   0.0527419
    0.054652
   0.0560371
   0.0568832
   0.0571818
   0.0569295
   0.0561285
   0.0547858
    0.052914
   0.0505306
   0.0476584
   0.0443245
   0.0405608
   0.0364033
   0.0318917
   0.0270694
   0.0219826
   0.0166804
   0.0112138
  0.00563561
 -0.00906097
  -0.0180355
  -0.0268372
  -0.0353809
  -0.0435843
  -0.0513681
  -0.0586574
   -0.065382
  -0.0714771
  -0.0768839
  -0.0815504
  -0.0854316
  -0.0884902
  -0.0906966
  -0.0920298
  -0.0924767
  -0.0920331
  -0.0907031
  -0.0884996
  -0.0854439
  -0.0815654
  -0.0769012
  -0.0714964
  -0.0654028
   -0.058679
  -0.0513897
  -0.0436051
  -0.0354001
  -0.0268537
   -0.018048
 -0.00906796
  0.00500677
  0.00996974
   0.0148411
    0.019574
   0.0241228
   0.0284433
   0.0324937
   0.0362346
   0.0396297
   0.0426457
   0.0452534
   0.0474272
   0.0491457
   0.0503919
   0.0511534
   0.0514225
   0.0511961
   0.0504761
   0.0492691
   0.0475862
   0.0454432
   0.0428605
   0.0398626
   0.0364781
   0.0327391
   0.0286818
   0.0243448
     0.01977
   0.0150015
   0.0100851
   0.0050685
 -0.00590149
  -0.0117467
  -0.0174793
  -0.0230438
  -0.0283866
  -0.0334564
  -0.0382041
  -0.0425841
  -0.0465544
  -0.0500766
  -0.0531168
  -0.0556456
  -0.0576389
  -0.0590771
  -0.0599464
  -0.0602385
  -0.0599504
  -0.0590849
  -0.0576502
  -0.0556603
  -0.0531343
  -0.0500966
  -0.0465765
  -0.0426075
  -0.0382279
  -0.0334798
  -0.0284088
  -0.0230637
  -0.0174958
  -0.0117589
 -0.00590811
  0.00447665
  0.00891413
   0.0132698
   0.0175016
   0.0215688
    0.025432
   0.0290537
   0.0323988
   0.0354346
   0.0381317
   0.0404636
   0.0424077
   0.0439446
   0.0450593
   0.0457406
   0.0459815
   0.0457793
   0.0451357
   0.0440565
   0.0425517
   0.0406354
   0.0383258
    0.035645
   0.0326185
   0.0292752
   0.0256472
   0.0217692
   0.0176785
   0.0134146
  0.00901851
  0.00453259
 -0.00304181
 -0.00605496
 -0.00901036
  -0.0118795
  -0.0146346
  -0.0172492
   -0.019698
  -0.0219573
  -0.0240054
  -0.0258226
  -0.0273912
  -0.0286962
   -0.029725
  -0.0304676
  -0.0309168
  -0.0310682
  -0.0309206
   -0.030475
  -0.0297358
  -0.0287102
  -0.0274079
  -0.0258416
  -0.0240263
  -0.0219794
  -0.0197205
  -0.0172714
  -0.0146557
  -0.0118984
 -0.00902624
 -0.00606672
 -0.00304828
  0.00397857
  0.00792219
   0.0117929
   0.0155534
   0.0191673
   0.0225998
   0.0258176
   0.0287894
   0.0314865
   0.0338826
   0.0359544
   0.0376815
    0.039047
   0.0400374
   0.0406427
   0.0408567
   0.0406771
   0.0401051
    0.039146
   0.0378086
   0.0361055
   0.0340531
   0.0316709
   0.0289816
    0.026011
   0.0227875
   0.0193419
   0.0157075
   0.0119192
  0.00801339
   0.0040276
-0.000482868
-0.000961779
 -0.00143203
 -0.00188911
 -0.00232856
 -0.00274602
 -0.00313742
 -0.00349887
 -0.00382679
   -0.004118
 -0.00436963
 -0.00457922
 -0.00474469
 -0.00486447
 -0.00493739
 -0.00496278
 -0.00494041
 -0.00487033
 -0.00475318
 -0.00459009
 -0.00438265
 -0.00413286
 -0.00384307
 -0.00351612
 -0.00315512
 -0.00276364
 -0.00234541
 -0.00190451
 -0.00144513
-0.000971629
-0.000488452
  0.00351142
  0.00699149
   0.0104066
   0.0137243
   0.0169124
   0.0199404
   0.0227789
   0.0254003
   0.0277794
   0.0298929
   0.0317202
   0.0332436
   0.0344479
   0.0353213
   0.0358549
   0.0360435
   0.0358847
     0.03538
   0.0345338
   0.0333541
   0.0318519
   0.0300416
   0.0279403
   0.0255681
   0.0229478
   0.0201042
   0.0170648
   0.0138586
   0.0105165
  0.00707052
  0.00355378
   0.0017755
  0.00353318
  0.00525621
  0.00692803
  0.00853262
   0.0100546
   0.0114794
   0.0127934
   0.0139839
   0.0150397
   0.0159507
    0.016708
   0.0173045
   0.0177345
    0.017994
   0.0180802
   0.0179926
   0.0177318
   0.0173006
   0.0167029
   0.0159445
   0.0150326
   0.0139761
    0.012785
   0.0114708
   0.0100459
  0.00852405
  0.00691983
  0.00524872
  0.00352705
  0.00177155
   0.0030745
  0.00612096
  0.00910984
   0.0120132
    0.014803
   0.0174525
   0.0199361
   0.0222298
   0.0243113
   0.0261604
   0.0277591
   0.0290917
   0.0301451
   0.0309089
   0.0313755
   0.0315402
   0.0314011
   0.0309594
   0.0302191
   0.0291871
   0.0278731
   0.0262895
   0.0244514
   0.0223762
   0.0200836
   0.0175957
    0.014936
   0.0121303
  0.00920535
  0.00618923
  0.00311092
  0.00373393
  0.00743118
   0.0110562
   0.0145743
   0.0179515
   0.0211554
   0.0241553
   0.0269223
   0.0294299
    0.031654
   0.0335733
   0.0351693
   0.0364268
   0.0373337
   0.0378814
   0.0380646
   0.0378815
   0.0373338
   0.0364268
   0.0351693
   0.0335731
   0.0316536
   0.0294294
   0.0269216
   0.0241544
   0.0211542
   0.0179498
    0.014572
   0.0110533
  0.00742806
  0.00373128
  0.00266628
  0.00530804
  0.00789953
   0.0104167
   0.0128353
   0.0151321
   0.0172851
   0.0192734
   0.0210777
   0.0226806
   0.0240665
   0.0252218
   0.0261352
   0.0267977
   0.0272026
   0.0273458
   0.0272258
   0.0268435
   0.0262025
   0.0253085
   0.0241699
   0.0227976
   0.0212045
   0.0194057
   0.0174183
   0.0152612
    0.012955
   0.0105218
  0.00798501
  0.00536894
  0.00269873
  0.00539283
    0.010733
   0.0159692
   0.0210511
   0.0259299
   0.0305586
   0.0348928
   0.0388908
   0.0425142
   0.0457282
   0.0485019
   0.0508087
   0.0526265
   0.0539378
   0.0547298
   0.0549951
    0.054731
   0.0539402
   0.0526302
   0.0508134
   0.0485072
   0.0457338
   0.0425197
    0.038896
   0.0348973
   0.0305622
   0.0259322
    0.021052
   0.0159686
   0.0107313
   0.0053907
  0.00228727
  0.00455337
  0.00677608
  0.00893498
   0.0110092
    0.012979
   0.0148254
   0.0165307
   0.0180782
   0.0194531
   0.0206421
   0.0216334
   0.0224175
   0.0229865
   0.0233348
   0.0234588
   0.0233571
   0.0230304
   0.0224817
   0.0217159
   0.0207402
   0.0195638
   0.0181978
   0.0166551
   0.0149503
   0.0130996
   0.0111207
  0.00903253
  0.00685515
  0.00460949
  0.00231711
  0.00675289
     0.01344
   0.0199972
   0.0263613
   0.0324712
   0.0382681
   0.0436962
   0.0487034
   0.0532415
   0.0572669
   0.0607409
   0.0636301
   0.0659069
   0.0675491
   0.0685409
   0.0688729
   0.0685419
   0.0675509
   0.0659099
    0.063634
   0.0607453
   0.0572714
   0.0532457
   0.0487071
   0.0436991
     0.03827
   0.0324719
   0.0263607
   0.0199952
   0.0134373
  0.00675011
  0.00193655
  0.00385539
  0.00573761
  0.00756601
  0.00932285
   0.0109915
   0.0125558
   0.0140008
   0.0153124
    0.016478
   0.0174862
   0.0183272
   0.0189928
   0.0194763
    0.019773
   0.0198797
   0.0197951
   0.0195199
   0.0190564
   0.0184087
   0.0175829
   0.0165868
   0.0154298
   0.0141227
    0.012678
   0.0111094
  0.00943176
  0.00766123
  0.00581481
  0.00391023
   0.0019658
  0.00781451
   0.0155532
   0.0231417
    0.030507
   0.0375783
   0.0442874
   0.0505698
   0.0563649
    0.061617
   0.0662756
   0.0702959
   0.0736394
   0.0762741
   0.0781742
   0.0793214
   0.0797046
   0.0793202
   0.0781721
   0.0762712
   0.0736358
   0.0702912
   0.0662697
   0.0616099
    0.056357
   0.0505612
   0.0442786
   0.0375695
   0.0304986
   0.0231338
   0.0155466
  0.00780992
  0.00161484
   0.0032153
   0.0047855
  0.00631118
  0.00777753
  0.00917065
   0.0104771
   0.0116842
   0.0127804
    0.013755
   0.0145984
   0.0153025
   0.0158602
   0.0162661
    0.016516
   0.0166073
   0.0165388
   0.0163108
   0.0159254
   0.0153859
   0.0146973
    0.013866
      0.0129
   0.0118083
   0.0106013
  0.00929037
  0.00788806
  0.00640785
  0.00486392
   0.0032711
   0.0016447
  0.00857845
   0.0170739
   0.0254045
   0.0334902
   0.0412532
   0.0486185
   0.0555152
   0.0618769
   0.0676423
   0.0727559
   0.0771686
   0.0808381
   0.0837293
   0.0858139
    0.087072
   0.0874913
   0.0870679
    0.085806
   0.0837178
   0.0808235
   0.0771509
   0.0727355
   0.0676199
   0.0618534
   0.0554915
   0.0485956
   0.0412319
   0.0334714
   0.0253888
    0.017062
  0.00857139
  0.00132238
  0.00263365
  0.00392079
    0.005172
  0.00637512
  0.00751869
  0.00859164
  0.00958355
   0.0104848
   0.0112865
    0.011981
   0.0125612
   0.0130214
    0.013357
   0.0135646
   0.0136418
   0.0135877
   0.0134025
   0.0130877
   0.0126461
   0.0120818
   0.0114001
   0.0106072
  0.00971083
  0.00871937
  0.00764217
  0.00648949
  0.00527241
  0.00400261
  0.00269223
  0.00135385
  0.00904592
   0.0180042
   0.0267886
   0.0353145
   0.0435001
   0.0512663
   0.0585383
   0.0652459
   0.0713244
   0.0767152
   0.0813664
   0.0852335
   0.0882795
   0.0904749
   0.0917989
   0.0922387
   0.0917903
    0.090458
   0.0882548
   0.0852022
   0.0813293
   0.0766737
   0.0712803
    0.065201
   0.0584942
   0.0512248
   0.0434624
    0.035282
   0.0267622
   0.0179851
  0.00903537
  0.00105969
  0.00211131
   0.0031444
  0.00414939
  0.00511646
  0.00603632
  0.00690005
  0.00769913
  0.00842577
  0.00907276
  0.00963374
   0.0101031
    0.010476
   0.0107487
   0.0109184
    0.010983
   0.0109417
   0.0107947
   0.0105432
   0.0101894
  0.00973657
  0.00918884
  0.00855131
  0.00783007
  0.00703196
  0.00616438
  0.00523557
  0.00425447
  0.00323047
  0.00217331
  0.00109313
  0.00921682
   0.0183441
    0.027294
   0.0359802
   0.0443193
   0.0522309
   0.0596389
   0.0664716
   0.0726632
   0.0781538
   0.0828905
   0.0868283
   0.0899293
   0.0921639
   0.0935107
   0.0939571
   0.0934988
   0.0921405
   0.0898952
   0.0867847
   0.0828391
   0.0780964
   0.0726023
   0.0664098
   0.0595784
   0.0521739
   0.0442676
   0.0359355
   0.0272579
   0.0183184
  0.00920302
 0.000827101
  0.00164896
  0.00245743
  0.00324473
  0.00400316
  0.00472529
  0.00540405
  0.00603265
  0.00660486
  0.00711488
  0.00755757
  0.00792852
  0.00822395
  0.00844081
  0.00857679
  0.00863026
  0.00860045
  0.00848746
  0.00829219
  0.00801631
  0.00766229
  0.00723336
  0.00673349
  0.00616737
  0.00554034
  0.00485818
  0.00412735
  0.00335485
  0.00254807
  0.00171468
 0.000862647
  0.00909322
   0.0180973
   0.0269255
   0.0354928
   0.0437168
   0.0515184
   0.0588227
   0.0655593
   0.0716635
   0.0770764
   0.0817461
    0.085628
   0.0886849
   0.0908874
   0.0922147
   0.0926541
   0.0922015
   0.0908614
   0.0886468
   0.0855791
    0.081688
   0.0770109
   0.0715929
   0.0654862
   0.0587496
    0.051448
   0.0436517
   0.0354356
   0.0268788
   0.0180638
  0.00907532
  0.00062479
  0.00124684
  0.00186006
  0.00245817
  0.00303527
  0.00358555
  0.00410353
  0.00458391
  0.00502184
  0.00541269
  0.00575239
  0.00603767
  0.00626554
  0.00643373
  0.00654041
  0.00658418
  0.00656438
  0.00648105
   0.0063348
  0.00612677
  0.00585879
  0.00553328
  0.00515322
  0.00472207
  0.00424384
  0.00372293
  0.00316422
  0.00257305
  0.00195507
  0.00131613
 0.000662357
  0.00867365
   0.0172615
   0.0256808
   0.0338505
   0.0416921
   0.0491305
   0.0560941
   0.0625162
   0.0683351
   0.0734951
   0.0779466
   0.0816471
   0.0845611
   0.0866606
   0.0879257
   0.0883443
   0.0879124
   0.0866344
   0.0845227
   0.0815976
   0.0778873
   0.0734278
   0.0682618
   0.0624392
   0.0560161
   0.0490542
   0.0416207
   0.0337869
   0.0256284
   0.0172237
  0.00865343
 0.000454053
 0.000907022
  0.00135449
  0.00179179
  0.00221454
  0.00261844
  0.00299937
   0.0033534
  0.00367689
  0.00396633
  0.00421867
  0.00443136
  0.00460215
  0.00472925
  0.00481125
  0.00484703
  0.00483605
  0.00477816
  0.00467373
  0.00452356
  0.00432892
  0.00409155
  0.00381359
  0.00349749
  0.00314616
  0.00276263
   0.0023504
  0.00191308
  0.00145469
 0.000979851
 0.000493069
  0.00795859
   0.0158376
   0.0235608
   0.0310548
   0.0382474
     0.04507
    0.051457
   0.0573473
   0.0626843
    0.067417
      0.0715
   0.0748941
   0.0775668
   0.0794926
    0.080653
    0.081037
   0.0806409
   0.0794688
   0.0775319
    0.074849
   0.0714459
   0.0673554
   0.0626169
   0.0572762
   0.0513845
   0.0449986
     0.03818
   0.0309942
   0.0235103
   0.0158003
  0.00793843
  0.00031401
 0.000628188
 0.000939479
  0.00124454
  0.00154027
  0.00182361
  0.00209164
  0.00234157
  0.00257078
  0.00277673
  0.00295721
  0.00311027
  0.00323423
  0.00332771
  0.00338959
  0.00341904
  0.00341556
  0.00337888
  0.00330913
  0.00320683
  0.00307281
  0.00290822
  0.00271453
  0.00249332
  0.00224656
   0.0019761
  0.00168428
  0.00137319
   0.0010455
 0.000704884
 0.000354582
  0.00695009
   0.0138297
   0.0205722
   0.0271142
   0.0333928
   0.0393483
   0.0449236
   0.0500653
   0.0547241
   0.0588554
   0.0624196
   0.0653826
   0.0677158
   0.0693971
   0.0704103
   0.0707458
   0.0704004
   0.0693775
   0.0676869
    0.065345
   0.0623744
   0.0588037
   0.0546672
   0.0500049
   0.0448615
   0.0392866
   0.0333339
   0.0270604
   0.0205266
   0.0137952
  0.00693113
  0.00020427
 0.000409718
 0.000614363
 0.000815883
  0.00101221
  0.00120126
  0.00138104
  0.00154962
  0.00170519
  0.00184593
  0.00197027
  0.00207679
  0.00216426
  0.00223169
  0.00227824
  0.00230323
  0.00230624
  0.00228697
  0.00224541
  0.00218163
  0.00209603
  0.00198896
  0.00186118
  0.00171376
  0.00154782
  0.00136459
  0.00116551
 0.000952026
 0.000725913
 0.000489912
 0.000246359
  0.00564803
   0.0112382
   0.0167162
   0.0220312
   0.0271321
   0.0319705
   0.0365001
   0.0406774
   0.0444626
   0.0478193
   0.0507153
   0.0531229
    0.055019
   0.0563855
   0.0572092
   0.0574824
   0.0572023
   0.0563718
   0.0549989
   0.0530968
   0.0506838
    0.047783
   0.0444224
   0.0406343
   0.0364551
   0.0319251
    0.027088
   0.0219901
   0.0166806
   0.0112106
  0.00563256
 0.000124981
 0.000251856
 0.000379441
 0.000506156
  0.00063069
 0.000751665
 0.000867781
 0.000977728
  0.00108028
  0.00117414
  0.00125819
  0.00133142
  0.00139291
  0.00144197
  0.00147798
  0.00150037
  0.00150874
  0.00150279
  0.00148237
  0.00144712
  0.00139708
  0.00133185
  0.00125164
  0.00115716
  0.00104893
 0.000927853
 0.000794739
 0.000650775
 0.000497119
 0.000335866
 0.000168717
  0.00405501
  0.00806776
   0.0119993
   0.0158138
   0.0194745
    0.022947
   0.0261979
   0.0291962
   0.0319131
   0.0343226
   0.0364016
     0.03813
   0.0394914
   0.0404726
   0.0410643
   0.0412608
   0.0410602
   0.0404646
   0.0394797
   0.0381149
   0.0363833
   0.0343015
   0.0318895
   0.0291705
   0.0261706
   0.0229188
   0.0194463
   0.0157866
    0.011975
   0.0080481
  0.00404369
 7.74731e-05
 0.000156887
 0.000237528
 0.000318488
 0.000398925
 0.000477958
  0.00055471
  0.00062829
 0.000697829
 0.000762421
 0.000821246
 0.000873533
  0.00091857
 0.000955773
 0.000984581
  0.00100448
  0.00101506
  0.00101592
   0.0010068
 0.000987299
 0.000957256
 0.000916314
 0.000864484
   0.0008021
 0.000729478
 0.000647186
 0.000555825
 0.000456251
 0.000349375
 0.000236627
 0.000119296
  0.00217006
  0.00431781
  0.00642247
  0.00846473
   0.0104249
   0.0122845
   0.0140256
   0.0156315
   0.0170869
   0.0183777
   0.0194916
   0.0204177
   0.0211473
   0.0216734
   0.0219907
   0.0220964
   0.0219894
   0.0216708
   0.0211436
   0.0204129
   0.0194858
    0.018371
   0.0170793
   0.0156231
   0.0140165
    0.012275
   0.0104152
  0.00845513
  0.00641367
  0.00431046
  0.00216574
 1.05574e-07
  2.0768e-07
  3.0325e-07
 3.90009e-07
 4.66512e-07
 5.32072e-07
 5.86616e-07
 6.30434e-07
 6.63989e-07
 6.87752e-07
 7.02135e-07
  7.0747e-07
 7.04045e-07
 6.92146e-07
 6.72131e-07
 6.44467e-07
  6.0979e-07
 5.68919e-07
 5.22873e-07
 4.72842e-07
 4.20162e-07
 3.66259e-07
 3.12601e-07
 2.60629e-07
 2.11682e-07
 1.66909e-07
 1.27153e-07
 9.28443e-08
 6.38937e-08
  3.9643e-08
 1.88876e-08
-8.10181e-08
-1.62036e-07
-1.38172e-07
-1.14308e-07
-1.00071e-07
-8.58349e-08
-7.51775e-08
-6.45202e-08
-5.42337e-08
-4.39473e-08
-3.36534e-08
-2.33594e-08
-1.34895e-08
-3.61954e-09
 4.90934e-09
 1.34382e-08
  1.8596e-08
 2.37538e-08
 2.48388e-08
 2.59238e-08
  2.4357e-08
 2.27901e-08
 2.15529e-08
 2.03157e-08
 1.94172e-08
 1.85186e-08
 1.63328e-08
 1.41471e-08
  7.1275e-09
 1.07958e-10
 5.39792e-11
