   0.0980201
     0.19509
     0.29028
     0.38268
      0.4714
    0.555571
    0.634391
    0.707111
    0.773011
    0.831471
    0.881921
    0.923881
    0.956941
    0.980791
    0.995181
           1
    0.995181
    0.980791
    0.956941
    0.923881
    0.881921
    0.831471
    0.773011
    0.707111
    0.634391
    0.555571
      0.4714
     0.38268
     0.29028
     0.19509
   0.0980199
   -0.773051
    -1.53866
    -2.28945
    -3.01819
    -3.71787
    -4.38174
    -5.00342
    -5.57691
    -6.09669
    -6.55776
    -6.95567
     -7.2866
    -7.54735
    -7.73542
    -7.84899
    -7.88697
    -7.84899
    -7.73543
    -7.54736
    -7.28661
    -6.95569
    -6.55778
    -6.09671
    -5.57693
    -5.00345
    -4.38177
     -3.7179
    -3.01822
    -2.28947
    -1.53868
   -0.773061
   0.0956221
    0.190323
    0.283192
    0.373333
    0.459879
    0.541996
    0.618894
    0.689831
    0.754125
    0.811156
    0.860376
    0.901309
    0.933562
    0.956825
    0.970872
     0.97557
    0.970873
    0.956825
    0.933563
     0.90131
    0.860376
    0.811157
    0.754126
    0.689832
    0.618894
    0.541997
     0.45988
    0.373334
    0.283192
    0.190324
   0.0956227
   -0.751455
    -1.49567
    -2.22549
    -2.93387
      -3.614
    -4.25933
    -4.86364
    -5.42111
    -5.92637
    -6.37456
    -6.76135
    -7.08304
     -7.3365
    -7.51932
    -7.62971
    -7.66663
    -7.62972
    -7.51932
    -7.33651
    -7.08305
    -6.76137
    -6.37457
    -5.92639
    -5.42113
    -4.86366
    -4.25936
    -3.61403
     -2.9339
    -2.22551
    -1.49569
   -0.751464
    0.093253
    0.185608
    0.276176
    0.364084
    0.448486
    0.528568
    0.603561
    0.672741
    0.735442
    0.791061
    0.839061
     0.87898
    0.910435
    0.933121
    0.946821
    0.951402
    0.946821
    0.933122
    0.910435
    0.878981
    0.839062
    0.791062
    0.735444
    0.672743
    0.603563
    0.528571
    0.448488
    0.364086
    0.276178
     0.18561
   0.0932539
   -0.730162
    -1.45329
    -2.16243
    -2.85074
     -3.5116
    -4.13864
    -4.72582
     -5.2675
    -5.75844
    -6.19393
    -6.56976
    -6.88233
    -7.12862
    -7.30625
    -7.41352
    -7.44939
    -7.41352
    -7.30625
    -7.12862
    -6.88234
    -6.56978
    -6.19394
    -5.75845
    -5.26751
    -4.72584
    -4.13866
    -3.51162
    -2.85076
    -2.16245
    -1.45331
   -0.730171
   0.0909104
    0.180945
    0.269238
    0.354938
     0.43722
     0.51529
    0.588399
    0.655842
    0.716968
    0.771189
    0.817984
      0.8569
    0.887565
    0.909681
    0.923037
    0.927503
    0.923037
    0.909682
    0.887565
    0.856901
    0.817985
    0.771191
     0.71697
    0.655844
    0.588402
    0.515293
    0.437222
     0.35494
     0.26924
    0.180947
   0.0909114
   -0.709172
    -1.41151
    -2.10026
    -2.76879
    -3.41065
    -4.01966
    -4.58997
    -5.11607
     -5.5929
    -6.01587
     -6.3809
    -6.68448
    -6.92369
    -7.09621
     -7.2004
    -7.23524
     -7.2004
    -7.09622
    -6.92369
    -6.68448
     -6.3809
    -6.01587
    -5.59291
    -5.11608
    -4.58998
    -4.01968
    -3.41067
    -2.76881
    -2.10028
    -1.41153
   -0.709179
   0.0885947
    0.176336
     0.26238
    0.345897
    0.426082
    0.502165
    0.573411
    0.639136
    0.698705
    0.751546
    0.797148
    0.835074
    0.864957
     0.88651
    0.899526
    0.903878
    0.899526
    0.886511
    0.864958
    0.835075
    0.797149
    0.751547
    0.698707
    0.639138
    0.573414
    0.502168
    0.426086
      0.3459
    0.262382
    0.176338
   0.0885958
   -0.688486
    -1.37034
      -2.039
    -2.68802
    -3.31116
    -3.90241
    -4.45608
    -4.96683
    -5.42975
    -5.84038
    -6.19477
    -6.48949
    -6.72172
    -6.88921
    -6.99036
    -7.02418
    -6.99036
    -6.88921
    -6.72171
    -6.48949
    -6.19477
    -5.84038
    -5.42976
    -4.96684
    -4.45609
    -3.90243
    -3.31118
    -2.68804
    -2.03901
    -1.37035
   -0.688492
   0.0863064
    0.171782
    0.255603
    0.336962
    0.415077
    0.489194
      0.5586
    0.622627
    0.680658
    0.732133
    0.776558
    0.813504
    0.842615
    0.863612
    0.876291
    0.880531
    0.876291
    0.863612
    0.842616
    0.813505
    0.776559
    0.732135
     0.68066
     0.62263
    0.558604
    0.489198
     0.41508
    0.336965
    0.255605
    0.171783
   0.0863074
   -0.668103
    -1.32977
    -1.97863
    -2.60844
    -3.21313
    -3.78687
    -4.32415
    -4.81978
      -5.269
    -5.66747
    -6.01136
    -6.29736
    -6.52271
    -6.68525
    -6.78339
    -6.81621
    -6.78339
    -6.68524
     -6.5227
    -6.29735
    -6.01136
    -5.66747
      -5.269
    -4.81979
    -4.32416
    -3.78689
    -3.21315
    -2.60846
    -1.97865
    -1.32978
   -0.668108
   0.0840457
    0.167282
    0.248908
    0.328136
    0.404205
     0.47638
    0.543968
    0.606318
    0.662829
    0.712956
    0.756217
    0.792195
    0.820544
    0.840991
    0.853338
    0.857467
    0.853338
    0.840991
    0.820545
    0.792196
    0.756218
    0.712958
    0.662831
    0.606321
    0.543972
    0.476384
    0.404208
    0.328139
     0.24891
    0.167284
   0.0840467
   -0.648023
    -1.28981
    -1.91917
    -2.53004
    -3.11656
    -3.67306
    -4.19418
    -4.67492
    -5.11063
    -5.49713
    -5.83069
    -6.10809
    -6.32667
    -6.48431
     -6.5795
    -6.61134
     -6.5795
     -6.4843
    -6.32666
    -6.10808
    -5.83068
    -5.49713
    -5.11064
    -4.67493
     -4.1942
    -3.67307
    -3.11657
    -2.53006
    -1.91918
    -1.28981
   -0.648028
    0.081813
    0.162838
    0.242295
    0.319419
    0.393467
    0.463725
    0.529518
    0.590211
     0.64522
    0.694016
    0.736127
     0.77115
    0.798746
    0.818649
    0.830668
    0.834688
    0.830669
     0.81865
    0.798747
    0.771151
    0.736129
    0.694018
    0.645223
    0.590214
    0.529521
    0.463729
     0.39347
    0.319422
    0.242298
     0.16284
    0.081814
   -0.628246
    -1.25044
    -1.86059
    -2.45283
    -3.02144
    -3.56096
    -4.06617
    -4.53223
    -4.95465
    -5.32935
    -5.65272
    -5.92166
    -6.13357
     -6.2864
     -6.3787
    -6.40957
     -6.3787
    -6.28641
    -6.13358
    -5.92167
    -5.65274
    -5.32937
    -4.95467
    -4.53226
     -4.0662
    -3.56098
    -3.02146
    -2.45285
    -1.86061
    -1.25045
   -0.628251
   0.0796086
    0.158451
    0.235767
    0.310813
    0.382865
     0.45123
     0.51525
    0.574308
    0.627835
    0.675316
    0.716293
    0.750372
    0.777224
    0.796591
    0.808287
    0.812198
    0.808287
    0.796592
    0.777225
    0.750373
    0.716295
    0.675319
    0.627838
    0.574311
    0.515254
    0.451234
    0.382869
    0.310816
     0.23577
    0.158453
   0.0796097
   -0.608772
    -1.21168
    -1.80292
     -2.3768
    -2.92779
    -3.45058
    -3.94014
    -4.39174
    -4.80107
    -5.16415
     -5.4775
    -5.73811
    -5.94345
    -6.09155
    -6.18098
    -6.21089
    -6.18099
    -6.09156
    -5.94346
    -5.73812
    -5.47752
    -5.16418
     -4.8011
    -4.39178
    -3.94016
     -3.4506
    -2.92781
    -2.37682
    -1.80294
    -1.21169
   -0.608777
   0.0774328
     0.15412
    0.229323
    0.302318
    0.372401
    0.438898
    0.501167
    0.558611
    0.610676
    0.656859
    0.696716
    0.729863
    0.755981
    0.774819
    0.786195
    0.789999
    0.786196
     0.77482
    0.755983
    0.729865
    0.696718
    0.656861
    0.610679
    0.558615
    0.501172
    0.438902
    0.372405
    0.302321
    0.229326
    0.154122
   0.0774339
   -0.589602
    -1.17353
    -1.74615
    -2.30195
    -2.83559
    -3.34192
    -3.81606
    -4.25345
    -4.64988
    -5.00153
    -5.30502
    -5.55742
    -5.75629
    -5.89973
    -5.98635
    -6.01532
    -5.98635
    -5.89974
     -5.7563
    -5.55743
    -5.30504
    -5.00156
     -4.6499
    -4.25347
    -3.81607
    -3.34192
    -2.83559
    -2.30195
    -1.74615
    -1.17352
   -0.589601
   0.0752858
    0.149847
    0.222965
    0.293935
    0.362075
    0.426728
    0.487272
    0.543122
    0.593743
    0.638645
    0.677397
    0.709626
     0.73502
    0.753335
    0.764396
    0.768095
    0.764397
    0.753337
    0.735021
    0.709628
      0.6774
    0.638648
    0.593746
    0.543126
    0.487276
    0.426732
    0.362078
    0.293938
    0.222967
    0.149848
   0.0752868
   -0.570733
    -1.13597
    -1.69027
    -2.22829
    -2.74485
    -3.23498
    -3.69395
    -4.11735
    -4.50109
    -4.84149
    -5.13525
    -5.37956
    -5.57207
    -5.71091
    -5.79475
    -5.82278
    -5.79474
    -5.71089
    -5.57205
    -5.37954
    -5.13522
    -4.84145
    -4.50105
    -4.11731
    -3.69391
    -3.23494
    -2.74482
    -2.22827
    -1.69025
    -1.13596
   -0.570727
    0.073167
     0.14563
     0.21669
    0.285664
    0.351887
    0.414721
    0.473561
    0.527841
    0.577037
    0.620675
    0.658336
    0.689657
    0.714337
    0.732136
    0.742886
    0.746481
    0.742887
    0.732138
     0.71434
    0.689661
    0.658341
     0.62068
    0.577041
    0.527845
    0.473565
    0.414726
    0.351892
    0.285668
    0.216694
    0.145633
   0.0731687
   -0.552167
    -1.09902
    -1.63528
    -2.15579
    -2.65555
    -3.12972
    -3.57376
    -3.98338
    -4.35463
    -4.68395
    -4.96816
    -5.20452
    -5.39075
    -5.52508
    -5.60619
    -5.63331
    -5.60618
    -5.52506
    -5.39073
    -5.20449
    -4.96812
    -4.68391
    -4.35459
    -3.98333
    -3.57371
    -3.12968
    -2.65551
    -2.15576
    -1.63525
    -1.09899
   -0.552155
   0.0710773
     0.14147
    0.210501
    0.277505
    0.341837
    0.402877
    0.460036
    0.512766
    0.560556
    0.602949
    0.639535
    0.669962
    0.693937
    0.711229
    0.721671
    0.725163
    0.721672
    0.711231
     0.69394
    0.669966
    0.639541
    0.602956
    0.560565
    0.512773
    0.460043
    0.402884
    0.341844
    0.277512
    0.210507
    0.141475
   0.0710797
     -0.5339
    -1.06266
    -1.58118
    -2.08447
    -2.56769
    -3.02618
    -3.45553
    -3.85159
    -4.21056
    -4.52898
    -4.80378
    -5.03232
     -5.2124
    -5.34228
     -5.4207
    -5.44693
     -5.4207
    -5.34226
    -5.21238
     -5.0323
    -4.80375
    -4.52894
    -4.21052
    -3.85155
    -3.45547
    -3.02613
    -2.56764
    -2.08443
    -1.58114
    -1.06263
   -0.533887
   0.0690168
    0.137369
    0.204399
    0.269461
    0.331928
    0.391198
    0.446701
    0.497902
    0.544307
    0.585472
    0.620997
    0.650543
    0.673823
    0.690614
    0.700754
    0.704145
    0.700755
    0.690617
    0.673828
    0.650549
    0.621005
    0.585481
    0.544318
    0.497912
    0.446711
    0.391208
    0.331938
     0.26947
    0.204407
    0.137375
   0.0690199
   -0.515936
     -1.0269
    -1.52798
    -2.01434
     -2.4813
    -2.92436
    -3.33926
    -3.72199
    -4.06888
    -4.37658
    -4.64214
    -4.86298
      -5.037
    -5.16251
     -5.2383
    -5.26364
    -5.23829
    -5.16249
    -5.03698
    -4.86295
     -4.6421
    -4.37654
    -4.06883
    -3.72194
     -3.3392
    -2.92429
    -2.48124
    -2.01429
    -1.52794
    -1.02687
    -0.51592
   0.0669855
    0.133327
    0.198384
    0.261531
     0.32216
    0.379686
    0.433556
     0.48325
    0.528291
    0.568244
    0.602725
    0.631402
    0.653997
    0.670294
    0.680136
    0.683428
    0.680138
    0.670298
    0.654003
    0.631409
    0.602735
    0.568256
    0.528305
    0.483264
    0.433569
    0.379699
    0.322173
    0.261543
    0.198394
    0.133334
   0.0669895
   -0.498276
   -0.991751
    -1.47567
    -1.94538
    -2.39635
    -2.82425
    -3.22494
    -3.59457
    -3.92958
    -4.22675
    -4.48321
     -4.6965
    -4.86456
    -4.98577
    -5.05896
    -5.08344
    -5.05895
    -4.98575
    -4.86453
    -4.69646
    -4.48317
     -4.2267
    -3.92953
    -3.59451
    -3.22487
    -2.82418
    -2.39628
    -1.94532
    -1.47562
   -0.991712
   -0.498255
   0.0649838
    0.129342
    0.192456
    0.253716
    0.312534
    0.368342
    0.420603
    0.468813
    0.512509
    0.551269
     0.58472
     0.61254
    0.634461
    0.650271
    0.659819
    0.663013
    0.659821
    0.650275
    0.634467
    0.612548
     0.58473
    0.551281
    0.512524
    0.468829
    0.420619
    0.368358
    0.312549
    0.253731
    0.192468
    0.129351
   0.0649886
   -0.480915
   -0.957198
    -1.42426
     -1.8776
    -2.31286
    -2.72585
    -3.11258
    -3.46933
    -3.79267
    -4.07948
    -4.32701
    -4.53287
    -4.69508
    -4.81207
    -4.88271
    -4.90634
    -4.88271
    -4.81205
    -4.69504
    -4.53282
    -4.32694
    -4.07941
    -3.79259
    -3.46924
    -3.11249
    -2.72576
    -2.31278
    -1.87753
     -1.4242
    -0.95715
    -0.48089
   0.0630119
    0.125418
    0.186616
    0.246018
     0.30305
    0.357165
     0.40784
    0.454588
    0.496958
    0.534543
    0.566979
    0.593955
    0.615211
    0.630543
    0.639802
      0.6429
    0.639806
    0.630549
     0.61522
    0.593967
    0.566993
    0.534558
    0.496976
    0.454607
     0.40786
    0.357184
    0.303068
    0.246034
    0.186629
    0.125428
   0.0630173
   -0.463856
   -0.923244
    -1.37374
      -1.811
    -2.23082
    -2.62916
    -3.00217
    -3.34627
    -3.65814
    -3.93479
    -4.17354
    -4.37209
    -4.52854
    -4.64137
     -4.7095
    -4.73228
    -4.70948
    -4.64133
    -4.52848
    -4.37201
    -4.17344
    -3.93468
    -3.65803
    -3.34615
    -3.00205
    -2.62905
    -2.23072
    -1.81091
    -1.37366
   -0.923188
   -0.463827
   0.0610698
    0.121552
    0.180864
    0.238435
     0.29371
    0.346157
    0.395271
    0.440578
    0.481642
    0.518068
    0.549505
     0.57565
    0.596251
     0.61111
    0.620084
    0.623087
    0.620089
    0.611119
    0.596264
    0.575665
    0.549523
    0.518088
    0.481664
    0.440601
    0.395293
    0.346179
    0.293731
    0.238454
    0.180879
    0.121563
   0.0610758
   -0.447099
   -0.889889
    -1.32411
    -1.74557
    -2.15022
    -2.53416
     -2.8937
    -3.22537
    -3.52597
    -3.79262
    -4.02274
    -4.21411
     -4.3649
    -4.47366
    -4.53932
    -4.56128
     -4.5393
    -4.47361
    -4.36484
    -4.21403
    -4.02263
     -3.7925
    -3.52584
    -3.22524
    -2.89357
    -2.53404
    -2.15011
    -1.74547
    -1.32402
   -0.889828
   -0.447066
   0.0591574
    0.117746
    0.175201
    0.230969
    0.284513
    0.335318
    0.382894
    0.426783
    0.466561
    0.501846
    0.532299
    0.557626
    0.577583
    0.591977
     0.60067
    0.603579
    0.600675
    0.591986
    0.577596
    0.557644
    0.532321
     0.50187
    0.466587
    0.426809
     0.38292
    0.335344
    0.284537
     0.23099
    0.175218
    0.117759
   0.0591642
   -0.430642
   -0.857133
    -1.27537
    -1.68132
    -2.07107
    -2.44088
    -2.78718
    -3.10664
    -3.39617
      -3.653
    -3.87465
    -4.05898
    -4.20422
    -4.30897
    -4.37222
    -4.39336
    -4.37219
    -4.30892
    -4.20415
    -4.05889
    -3.87454
    -3.65288
    -3.39604
     -3.1065
    -2.78705
    -2.44075
    -2.07095
    -1.68121
    -1.27528
   -0.857069
   -0.430607
   0.0572748
    0.113999
    0.169626
    0.223619
    0.275459
    0.324648
     0.37071
    0.413202
    0.451716
    0.485879
    0.515364
    0.539885
    0.559207
    0.573143
     0.58156
    0.584377
    0.581565
    0.573154
    0.559222
    0.539905
    0.515388
    0.485906
    0.451745
    0.413233
    0.370741
    0.324677
    0.275487
    0.223643
    0.169645
    0.114013
   0.0572824
   -0.414487
   -0.824979
    -1.22752
    -1.61824
    -1.99338
    -2.34931
    -2.68262
    -2.99009
    -3.26876
    -3.51594
    -3.72927
    -3.90669
    -4.04648
     -4.1473
    -4.20818
    -4.22853
    -4.20815
    -4.14725
    -4.04641
     -3.9066
    -3.72917
    -3.51583
    -3.26863
    -2.98995
    -2.68248
    -2.34918
    -1.99325
    -1.61813
    -1.22743
   -0.824913
   -0.414452
   0.0554223
    0.110311
    0.164139
    0.216386
     0.26655
    0.314148
     0.35872
    0.399839
    0.437107
    0.470166
    0.498698
    0.522427
    0.541125
    0.554611
    0.562756
    0.565481
    0.562761
    0.554622
    0.541141
    0.522449
    0.498724
    0.470196
     0.43714
    0.399872
    0.358754
    0.314181
     0.26658
    0.216413
    0.164161
    0.110327
   0.0554305
   -0.398632
   -0.793423
    -1.18057
    -1.55634
    -1.91713
    -2.25945
    -2.58001
    -2.87571
    -3.14372
    -3.38145
    -3.58662
    -3.75725
    -3.89169
    -3.98865
     -4.0472
    -4.06678
    -4.04718
    -3.98861
    -3.89163
    -3.75717
    -3.58653
    -3.38135
     -3.1436
    -2.87558
    -2.57987
    -2.25932
    -1.91701
    -1.55624
    -1.18048
   -0.793359
   -0.398598
   0.0535997
    0.106684
    0.158742
    0.209271
    0.257786
    0.303818
    0.346926
    0.386693
    0.422736
    0.454708
    0.482302
    0.505251
    0.523334
    0.536378
    0.544256
    0.546893
    0.544262
     0.53639
    0.523352
    0.505274
     0.48233
     0.45474
     0.42277
    0.386729
    0.346962
    0.303853
    0.257818
      0.2093
    0.158765
    0.106701
   0.0536086
   -0.383079
   -0.762467
    -1.13451
    -1.49562
    -1.84233
    -2.17129
    -2.47934
    -2.76352
    -3.02107
    -3.24953
    -3.44669
    -3.61066
    -3.73986
    -3.83304
     -3.8893
    -3.90811
    -3.88928
      -3.833
     -3.7398
    -3.61059
     -3.4466
    -3.24942
    -3.02095
    -2.76339
    -2.47922
    -2.17117
    -1.84222
    -1.49552
    -1.13443
   -0.762408
   -0.383048
   0.0518072
    0.103117
    0.153434
    0.202274
    0.249166
     0.29366
    0.335327
    0.373764
    0.408603
    0.439506
    0.466178
     0.48836
    0.505838
    0.518446
    0.526061
     0.52861
    0.526068
     0.51846
    0.505858
    0.488384
    0.466207
    0.439539
    0.408638
    0.373801
    0.335364
    0.293696
      0.2492
    0.202303
    0.153458
    0.103134
   0.0518168
   -0.367828
   -0.732112
    -1.08934
    -1.43608
    -1.76899
    -2.08485
    -2.38064
     -2.6535
     -2.9008
    -3.12017
    -3.30948
    -3.46692
    -3.59098
    -3.68045
    -3.73447
    -3.75254
    -3.73446
    -3.68042
    -3.59093
    -3.46686
     -3.3094
    -3.12007
     -2.9007
    -2.65339
    -2.38053
    -2.08474
    -1.76888
    -1.43599
    -1.08927
   -0.732058
   -0.367799
   0.0500453
   0.0996095
    0.148215
    0.195394
    0.240692
    0.283673
    0.323923
    0.361053
    0.394707
     0.42456
    0.450324
    0.471752
    0.488636
    0.500815
    0.508171
    0.510633
    0.508178
    0.500829
    0.488657
    0.471777
    0.450354
    0.424593
    0.394743
    0.361091
    0.323961
    0.283711
    0.240728
    0.195426
    0.148241
   0.0996285
   0.0500554
    -0.35288
   -0.702359
    -1.04507
    -1.37772
     -1.6971
    -2.00013
    -2.28389
    -2.54567
    -2.78292
    -2.99337
      -3.175
    -3.32604
    -3.44505
    -3.53089
    -3.58272
    -3.60005
     -3.5827
    -3.53086
      -3.445
    -3.32598
    -3.17491
    -2.99328
    -2.78282
    -2.54557
    -2.28379
    -2.00003
      -1.697
    -1.37764
    -1.04501
    -0.70231
   -0.352853
   0.0483136
   0.0961626
    0.143086
    0.188633
    0.232363
    0.273857
    0.312713
    0.348559
    0.381049
    0.409869
    0.434742
    0.455429
     0.47173
    0.483488
     0.49059
    0.492967
    0.490596
    0.483501
     0.47175
    0.455455
    0.434773
    0.409904
    0.381087
    0.348599
    0.312754
    0.273897
    0.232401
    0.188667
    0.143115
   0.0961833
   0.0483244
   -0.338233
   -0.673207
     -1.0017
    -1.32054
    -1.62666
    -1.91712
    -2.18911
    -2.44001
    -2.66742
    -2.86914
    -3.04323
    -3.18801
    -3.30208
    -3.38436
    -3.43404
    -3.45064
    -3.43402
    -3.38432
    -3.30203
    -3.18794
    -3.04315
    -2.86906
    -2.66733
    -2.43992
    -2.18902
    -1.91703
    -1.62658
    -1.32046
    -1.00164
   -0.673164
    -0.33821
   0.0466118
   0.0927755
    0.138046
    0.181988
    0.224179
    0.264211
    0.301699
    0.336283
    0.367628
    0.395434
    0.419431
     0.43939
    0.455117
    0.466461
    0.473313
    0.475607
    0.473321
    0.466476
    0.455139
    0.439419
    0.419466
    0.395473
    0.367672
    0.336329
    0.301746
    0.264257
    0.224222
    0.182027
    0.138078
   0.0927981
   0.0466236
   -0.323889
   -0.644658
   -0.959218
    -1.26454
    -1.55768
    -1.83582
    -2.09628
    -2.33654
    -2.55431
    -2.74748
    -2.91418
    -3.05282
    -3.16206
    -3.24085
    -3.28842
    -3.30433
    -3.28841
    -3.24082
    -3.16202
    -3.05276
    -2.91411
     -2.7474
    -2.55423
    -2.33646
    -2.09619
    -1.83574
     -1.5576
    -1.26447
   -0.959162
   -0.644619
   -0.323868
   0.0449401
   0.0894483
    0.133095
    0.175462
    0.216139
    0.254735
     0.29088
    0.324224
    0.354445
    0.381254
    0.404391
    0.423635
    0.438798
    0.449737
    0.456344
    0.458556
    0.456352
    0.449754
    0.438825
    0.423669
    0.404433
    0.381301
    0.354497
    0.324279
    0.290936
     0.25479
     0.21619
    0.175507
    0.133131
   0.0894737
   0.0449533
   -0.309849
   -0.616713
   -0.917637
    -1.20972
    -1.49016
    -1.75624
    -2.00541
    -2.23526
    -2.44359
    -2.62838
    -2.78786
    -2.92049
      -3.025
    -3.10037
    -3.14588
    -3.16109
    -3.14587
    -3.10034
    -3.02495
    -2.92044
     -2.7878
    -2.62831
    -2.44352
    -2.23519
    -2.00533
    -1.75616
    -1.49009
    -1.20966
   -0.917585
   -0.616676
   -0.309829
   0.0432983
   0.0861806
    0.128234
    0.169053
    0.208244
    0.245431
    0.280256
    0.312382
      0.3415
    0.367331
    0.389624
    0.408165
    0.422776
    0.433316
    0.439683
    0.441817
    0.439695
    0.433339
    0.422809
    0.408208
    0.389674
    0.367388
    0.341563
    0.312447
    0.280322
    0.245496
    0.208304
    0.169105
    0.128276
   0.0862107
   0.0433139
   -0.296111
    -0.58937
   -0.876953
    -1.15609
    -1.42409
    -1.67838
     -1.9165
    -2.13617
    -2.33526
    -2.51186
    -2.66426
    -2.79102
    -2.89089
    -2.96292
    -3.00641
    -3.02095
    -3.00639
    -2.96288
    -2.89084
    -2.79096
    -2.66421
    -2.51179
    -2.33518
    -2.13609
    -1.91642
    -1.67831
    -1.42403
    -1.15603
   -0.876906
   -0.589336
   -0.296094
   0.0416865
   0.0829726
    0.123461
    0.162761
    0.200494
    0.236298
    0.269827
    0.300758
    0.328794
    0.353664
    0.375129
    0.392982
    0.407051
      0.4172
    0.423333
    0.425388
    0.423347
    0.417228
    0.407092
    0.393034
     0.37519
    0.353733
    0.328868
    0.300836
    0.269906
    0.236375
    0.200565
    0.162823
    0.123511
   0.0830085
    0.041705
   -0.282676
    -0.56263
   -0.837166
    -1.10364
    -1.35948
    -1.60223
    -1.82955
    -2.03925
    -2.22931
     -2.3979
    -2.54339
    -2.66439
    -2.75973
    -2.82849
    -2.87001
    -2.88389
       -2.87
    -2.82847
    -2.75969
    -2.66435
    -2.54334
    -2.39783
    -2.22924
    -2.03917
    -1.82948
    -1.60216
    -1.35942
    -1.10358
   -0.837123
     -0.5626
   -0.282661
   0.0401049
   0.0798249
    0.118777
    0.156587
     0.19289
    0.227337
    0.259595
    0.289355
    0.316329
    0.340258
    0.360911
    0.378089
    0.391626
    0.401392
    0.407292
    0.409271
    0.407309
    0.401423
    0.391671
    0.378147
     0.36098
    0.340335
    0.316413
    0.289443
    0.259684
    0.227423
     0.19297
    0.156657
    0.118834
   0.0798653
   0.0401258
   -0.269545
   -0.536494
   -0.798278
    -1.05237
    -1.29633
     -1.5278
    -1.74456
    -1.94452
    -2.12575
    -2.28651
    -2.42524
    -2.54062
    -2.63153
     -2.6971
    -2.73669
    -2.74993
    -2.73668
    -2.69708
     -2.6315
    -2.54058
    -2.42519
    -2.28644
    -2.12568
    -1.94445
     -1.7445
    -1.52774
    -1.29627
    -1.05232
   -0.798236
   -0.536466
   -0.269531
   0.0385536
   0.0767375
    0.114184
    0.150532
    0.185433
    0.218549
    0.249561
    0.278172
    0.304106
    0.327112
    0.346968
    0.363483
    0.376499
    0.385889
    0.391562
    0.393466
     0.39158
    0.385923
    0.376548
    0.363547
    0.347043
    0.327196
    0.304198
    0.278269
    0.249659
    0.218643
    0.185521
     0.15061
    0.114247
   0.0767822
   0.0385768
   -0.256718
   -0.510962
   -0.760284
    -1.00228
    -1.23463
    -1.45509
    -1.66153
    -1.85197
    -2.02458
    -2.17768
    -2.30981
     -2.4197
    -2.50629
    -2.56873
    -2.60644
    -2.61905
    -2.60643
    -2.56871
    -2.50625
    -2.41966
    -2.30976
    -2.17762
    -2.02451
    -1.85191
    -1.66147
    -1.45503
    -1.23457
    -1.00224
   -0.760245
   -0.510934
   -0.256703
   0.0370336
   0.0737125
    0.109683
      0.1446
    0.178125
    0.209937
    0.239728
    0.267212
    0.292125
    0.314224
    0.333299
    0.349164
    0.361668
    0.370688
    0.376139
    0.377968
    0.376157
    0.370722
    0.361718
    0.349228
    0.333375
     0.31431
    0.292217
    0.267309
    0.239825
    0.210031
    0.178213
    0.144677
    0.109746
   0.0737577
   0.0370575
   -0.244191
   -0.486029
   -0.723186
   -0.953377
    -1.17439
    -1.38409
    -1.58045
     -1.7616
    -1.92578
    -2.07142
    -2.19711
    -2.30163
    -2.38399
    -2.44339
    -2.47926
    -2.49125
    -2.47925
    -2.44337
    -2.38396
    -2.30159
    -2.19705
    -2.07137
    -1.92573
    -1.76155
     -1.5804
    -1.38403
    -1.17434
   -0.953335
   -0.723151
   -0.486005
   -0.244178
   0.0355446
   0.0707489
    0.105274
    0.138788
    0.170966
    0.201499
    0.230093
    0.256473
    0.280384
    0.301596
    0.319904
    0.335132
    0.347133
    0.355791
    0.361023
    0.362778
     0.36104
    0.355824
    0.347181
    0.335193
    0.319977
    0.301678
    0.280472
    0.256565
    0.230185
    0.201588
    0.171049
    0.138861
    0.105335
   0.0707927
    0.035568
   -0.231967
   -0.461699
   -0.686984
   -0.905652
     -1.1156
     -1.3148
    -1.50134
    -1.67342
    -1.82938
    -1.96772
    -2.08712
    -2.18641
    -2.26465
    -2.32108
    -2.35515
    -2.36654
    -2.35514
    -2.32106
    -2.26462
    -2.18637
    -2.08708
    -1.96768
    -1.82933
    -1.67337
    -1.50129
    -1.31475
    -1.11555
   -0.905614
   -0.686952
   -0.461676
   -0.231955
   0.0340872
   0.0678477
    0.100956
    0.133094
    0.163952
    0.193232
    0.220653
     0.24595
     0.26888
    0.289221
    0.306778
    0.321381
     0.33289
    0.341192
     0.34621
    0.347893
    0.346225
    0.341223
    0.332934
    0.321439
    0.306847
    0.289299
    0.268964
    0.246037
     0.22074
    0.193317
    0.164031
    0.133164
    0.101013
   0.0678886
    0.034109
   -0.220045
   -0.437971
   -0.651678
   -0.859108
    -1.05826
    -1.24723
    -1.42418
    -1.58742
    -1.73537
     -1.8666
    -1.97986
    -2.07405
    -2.14826
    -2.20179
    -2.23411
    -2.24492
     -2.2341
    -2.20177
    -2.14824
    -2.07402
    -1.97983
    -1.86656
    -1.73532
    -1.58737
    -1.42414
    -1.24719
    -1.05823
   -0.859074
   -0.651649
    -0.43795
   -0.220034
   0.0326602
   0.0650069
   0.0967281
    0.127519
    0.157083
    0.185136
    0.211407
    0.235644
    0.257612
    0.277102
    0.293922
    0.307913
    0.318939
    0.326894
    0.331701
    0.333313
    0.331715
    0.326923
    0.318981
    0.307966
    0.293986
    0.277174
    0.257691
    0.235726
     0.21149
    0.185216
    0.157157
    0.127584
    0.096781
   0.0650446
   0.0326802
   -0.208426
   -0.414845
   -0.617268
   -0.813747
    -1.00239
    -1.18138
    -1.34899
    -1.50361
    -1.64374
    -1.76805
    -1.87533
    -1.96454
    -2.03484
    -2.08554
    -2.11616
    -2.12639
    -2.11615
    -2.08553
    -2.03482
    -1.96452
    -1.87529
    -1.76801
     -1.6437
    -1.50356
    -1.34895
    -1.18134
    -1.00235
   -0.813714
   -0.617241
   -0.414825
   -0.208416
   0.0312616
   0.0622233
   0.0925859
    0.122058
    0.150356
    0.177207
    0.202353
    0.225551
    0.246579
    0.265233
    0.281334
    0.294725
    0.305279
    0.312893
    0.317495
    0.319038
    0.317509
    0.312922
    0.305321
     0.29478
    0.281399
    0.265307
     0.24666
    0.225636
    0.202438
    0.177289
    0.150432
    0.122125
     0.09264
   0.0622616
    0.031282
   -0.197111
   -0.392324
   -0.583759
   -0.769571
   -0.947972
    -1.11724
    -1.27575
    -1.42198
    -1.55451
    -1.67207
    -1.77352
    -1.85789
    -1.92438
    -1.97233
    -2.00128
    -2.01096
    -2.00127
    -1.97231
    -1.92436
    -1.85787
    -1.77349
    -1.67203
    -1.55447
    -1.42193
    -1.27571
     -1.1172
   -0.947932
   -0.769537
   -0.583731
   -0.392304
   -0.197101
   0.0298926
   0.0594983
   0.0885311
    0.116713
    0.143771
    0.169446
    0.193491
    0.215673
     0.23578
    0.253618
    0.269013
    0.281819
     0.29191
    0.299192
    0.303592
     0.30507
    0.303608
    0.299223
    0.291956
    0.281878
    0.269083
    0.253697
    0.235868
    0.215765
    0.193583
    0.169535
    0.143853
    0.116785
   0.0885894
   0.0595395
   0.0299144
   -0.186099
   -0.370406
   -0.551146
   -0.726579
   -0.895014
    -1.05483
    -1.20449
    -1.34254
    -1.46767
    -1.57866
    -1.67444
     -1.7541
    -1.81687
    -1.86214
    -1.88948
    -1.89861
    -1.88947
    -1.86212
    -1.81685
    -1.75407
     -1.6744
    -1.57861
    -1.46762
    -1.34249
    -1.20444
    -1.05478
   -0.894971
   -0.726542
   -0.551118
   -0.370386
    -0.18609
   0.0285521
   0.0568306
   0.0845621
    0.111481
    0.137327
    0.161852
    0.184819
    0.206008
    0.225215
    0.242254
    0.256961
    0.269194
    0.278836
    0.285792
    0.289997
     0.29141
    0.290016
    0.285829
     0.27889
    0.269263
    0.257043
    0.242347
    0.225316
    0.206114
    0.184925
    0.161953
    0.137421
    0.111563
   0.0846285
   0.0568776
   0.0285771
   -0.175389
    -0.34909
    -0.51943
   -0.684767
   -0.843511
    -0.99413
    -1.13517
    -1.26529
    -1.38321
    -1.48781
    -1.57809
    -1.65316
    -1.71232
    -1.75498
    -1.78074
    -1.78936
    -1.78073
    -1.75496
    -1.71229
    -1.65313
    -1.57805
    -1.48777
    -1.38316
    -1.26524
    -1.13513
   -0.994085
   -0.843471
   -0.684735
   -0.519405
   -0.349074
   -0.175382
    0.027241
   0.0542214
   0.0806803
    0.106364
    0.131024
    0.154425
     0.17634
    0.196558
    0.214885
    0.231145
    0.245179
    0.256853
    0.266055
    0.272695
     0.27671
     0.27806
    0.276732
     0.27274
     0.26612
    0.256936
    0.245277
    0.231255
    0.215004
    0.196682
    0.176463
    0.154544
    0.131134
    0.106459
   0.0807577
   0.0542763
   0.0272702
   -0.164983
   -0.328377
    -0.48861
   -0.644137
   -0.793462
   -0.935144
    -1.06782
    -1.19021
    -1.30114
    -1.39954
    -1.48445
    -1.55507
    -1.61072
    -1.65085
    -1.67508
    -1.68318
    -1.67507
    -1.65084
     -1.6107
    -1.55505
    -1.48442
     -1.3995
     -1.3011
    -1.19017
    -1.06778
   -0.935106
   -0.793429
   -0.644111
   -0.488591
   -0.328365
   -0.164978
    0.025959
   0.0516704
   0.0768858
    0.101363
    0.124865
    0.147168
    0.168055
    0.187325
    0.204794
    0.220292
     0.23367
    0.244799
    0.253572
    0.259903
    0.263731
     0.26502
    0.263757
    0.259954
    0.253646
    0.244894
    0.233783
     0.22042
    0.204932
    0.187468
    0.168198
    0.147306
    0.124993
    0.101474
   0.0769764
   0.0517352
   0.0259936
   -0.154879
   -0.308266
   -0.458685
   -0.604687
   -0.744866
   -0.877872
    -1.00242
    -1.11732
    -1.22145
    -1.31382
    -1.39354
    -1.45983
    -1.51207
    -1.54975
     -1.5725
    -1.58011
     -1.5725
    -1.54974
    -1.51206
    -1.45982
    -1.39352
     -1.3138
    -1.22143
    -1.11729
     -1.0024
    -0.87785
   -0.744848
   -0.604674
   -0.458676
    -0.30826
   -0.154877
   0.0247069
    0.049179
     0.07318
   0.0964789
    0.118851
    0.140081
    0.159965
    0.178311
    0.194942
    0.209697
    0.222435
    0.233032
    0.241385
    0.247415
    0.251062
    0.252291
     0.25109
    0.247471
    0.241468
    0.233138
    0.222562
    0.209841
    0.195098
    0.178474
    0.160129
    0.140239
    0.118998
   0.0966075
   0.0732849
   0.0492543
   0.0247473
   -0.145077
   -0.288756
   -0.429656
   -0.566417
   -0.697724
   -0.822311
   -0.938979
     -1.0466
    -1.14415
    -1.23068
    -1.30535
    -1.36745
    -1.41639
    -1.45168
    -1.47299
    -1.48012
    -1.47299
    -1.45167
    -1.41638
    -1.36745
    -1.30535
    -1.23067
    -1.14415
     -1.0466
   -0.938978
   -0.822311
   -0.697725
   -0.566419
   -0.429657
   -0.288758
   -0.145078
   0.0234856
   0.0467488
   0.0695651
   0.0917148
    0.112984
    0.133169
    0.152074
    0.169517
    0.185331
    0.199361
    0.211473
     0.22155
    0.229494
    0.235229
    0.238699
     0.23987
     0.23873
    0.235291
    0.229585
    0.221667
    0.211613
    0.199519
    0.185502
    0.169697
    0.152255
    0.133344
    0.113148
   0.0918587
   0.0696829
   0.0468337
   0.0235312
   -0.135578
   -0.269851
   -0.401525
   -0.529332
   -0.652042
   -0.768472
   -0.877501
   -0.978081
    -1.06924
     -1.1501
    -1.21989
    -1.27793
    -1.32366
    -1.35664
    -1.37656
    -1.38322
    -1.37656
    -1.35665
    -1.32367
    -1.27794
     -1.2199
    -1.15012
    -1.06925
   -0.978097
   -0.877518
   -0.768488
   -0.652056
   -0.529344
   -0.401535
   -0.269858
   -0.135582
    0.022295
   0.0443796
   0.0660408
   0.0870701
    0.107265
     0.12643
    0.144381
    0.160944
     0.17596
    0.189283
    0.200785
    0.210354
    0.217899
    0.223347
    0.226643
    0.227757
    0.226677
    0.223414
    0.217998
    0.210481
    0.200936
    0.189453
    0.176145
    0.161138
    0.144576
     0.12662
    0.107443
   0.0872278
   0.0661704
   0.0444732
   0.0223454
   -0.126382
   -0.251546
   -0.374289
   -0.493427
   -0.607814
   -0.716348
   -0.817983
   -0.911741
   -0.996719
     -1.0721
    -1.13715
    -1.19126
    -1.23389
    -1.26464
    -1.28321
    -1.28942
    -1.28321
    -1.26465
     -1.2339
    -1.19127
    -1.13717
    -1.07212
   -0.996747
   -0.911772
   -0.818013
   -0.716376
   -0.607839
   -0.493449
   -0.374307
   -0.251559
   -0.126389
   0.0211359
   0.0420728
   0.0626089
   0.0825464
    0.101693
    0.119864
    0.136884
    0.152589
    0.166827
    0.179461
    0.190368
    0.199443
    0.206599
    0.211766
    0.214894
    0.215952
     0.21493
    0.211838
    0.206704
    0.199578
    0.190529
    0.179643
    0.167025
    0.152796
    0.137093
    0.120068
    0.101883
   0.0827152
   0.0627478
   0.0421734
     0.02119
   -0.117487
   -0.233844
    -0.34795
   -0.458706
   -0.565046
   -0.665943
   -0.760428
   -0.847591
   -0.926592
   -0.996668
    -1.05715
    -1.10744
    -1.14708
    -1.17566
    -1.19292
     -1.1987
    -1.19293
    -1.17567
    -1.14709
    -1.10746
    -1.05717
   -0.996697
   -0.926623
   -0.847624
   -0.760462
   -0.665976
   -0.565076
   -0.458733
   -0.347973
   -0.233861
   -0.117496
   0.0200074
   0.0398269
   0.0592673
   0.0781415
   0.0962672
     0.11347
    0.129583
    0.144452
    0.157933
    0.169895
    0.180223
    0.188816
    0.195593
    0.200487
     0.20345
    0.204454
    0.203489
    0.200563
    0.195704
    0.188959
    0.180393
    0.170088
    0.158142
    0.144671
    0.129805
    0.113686
   0.0964691
   0.0783205
   0.0594148
   0.0399338
   0.0200648
   -0.108896
   -0.216745
   -0.322508
   -0.425167
   -0.523732
   -0.617254
   -0.704833
   -0.785624
   -0.858849
   -0.923803
    -0.97986
    -1.02648
    -1.06321
    -1.08971
    -1.10571
    -1.11106
    -1.10572
    -1.08972
    -1.06323
     -1.0265
   -0.979885
    -0.92383
   -0.858878
   -0.785655
   -0.704865
   -0.617287
   -0.523763
   -0.425195
   -0.322532
   -0.216763
   -0.108906
   0.0189089
   0.0376407
   0.0560146
   0.0738537
   0.0909858
    0.107246
    0.122477
    0.136532
    0.149275
    0.160584
    0.170347
    0.178473
     0.18488
    0.189508
    0.192312
    0.193263
    0.192353
    0.189589
    0.184999
    0.178626
    0.170531
    0.160791
    0.149501
    0.136768
    0.122716
    0.107479
   0.0912035
   0.0740466
   0.0561732
   0.0377556
   0.0189705
   -0.100608
    -0.20025
   -0.297964
   -0.392811
   -0.483875
   -0.570281
   -0.651195
   -0.725838
   -0.793491
   -0.853502
   -0.905294
   -0.948367
   -0.982306
    -1.00678
    -1.02157
    -1.02651
    -1.02157
     -1.0068
   -0.982321
   -0.948384
   -0.905313
   -0.853523
   -0.793513
   -0.725861
   -0.651219
   -0.570305
     -0.4839
   -0.392834
   -0.297984
   -0.200265
   -0.100617
   0.0178406
   0.0355144
   0.0528509
   0.0696833
   0.0858492
    0.101193
    0.115566
    0.128829
    0.140855
    0.151528
    0.160743
    0.168412
    0.174461
    0.178831
    0.181479
    0.182379
    0.181523
    0.178918
    0.174589
    0.168578
    0.160941
    0.151752
      0.1411
    0.129085
    0.115825
    0.101445
    0.086085
   0.0698922
   0.0530224
   0.0356383
   0.0179067
   -0.092623
   -0.184356
   -0.274315
   -0.361634
   -0.445472
    -0.52502
   -0.599513
   -0.668232
   -0.730516
   -0.785765
   -0.833446
   -0.873101
   -0.904347
   -0.926884
   -0.940494
   -0.945046
   -0.940498
   -0.926892
   -0.904357
   -0.873113
    -0.83346
    -0.78578
   -0.730533
    -0.66825
   -0.599532
    -0.52504
   -0.445492
   -0.361653
   -0.274332
   -0.184369
   -0.092631
   0.0168018
   0.0334473
   0.0497755
   0.0656295
   0.0808562
   0.0953089
    0.108848
    0.121343
    0.132672
    0.142727
     0.15141
    0.158637
    0.164338
    0.168457
    0.170955
    0.171807
    0.171004
    0.168554
    0.164479
    0.158819
    0.151627
    0.142973
    0.132939
    0.121622
     0.10913
   0.0955831
   0.0811118
   0.0658554
   0.0499606
   0.0335808
   0.0168731
  -0.0849408
   -0.169065
   -0.251564
    -0.33164
   -0.408524
   -0.481473
   -0.549787
   -0.612806
   -0.669923
   -0.720589
   -0.764316
   -0.800681
   -0.829335
   -0.850002
   -0.862483
   -0.866657
   -0.862484
   -0.850005
   -0.829339
   -0.800687
   -0.764323
   -0.720599
   -0.669935
   -0.612819
   -0.549801
   -0.481488
   -0.408539
   -0.331655
   -0.251577
   -0.169076
  -0.0849476
   0.0157933
   0.0314402
   0.0467894
   0.0616934
   0.0760084
   0.0895964
    0.102326
    0.114074
    0.124728
    0.134184
     0.14235
    0.149148
    0.154512
    0.158389
    0.160741
    0.161546
    0.160796
    0.158496
    0.154668
    0.149349
    0.142589
    0.134453
     0.12502
    0.114379
    0.102632
   0.0898936
   0.0762849
   0.0619373
   0.0469889
   0.0315837
   0.0158698
  -0.0775605
   -0.154376
   -0.229706
   -0.302825
   -0.373028
   -0.439639
   -0.502016
   -0.559558
   -0.611713
   -0.657977
   -0.697904
    -0.73111
   -0.757274
   -0.776145
    -0.78754
   -0.791351
    -0.78754
   -0.776144
   -0.757274
    -0.73111
   -0.697906
   -0.657981
    -0.61172
   -0.559568
   -0.502027
    -0.43965
    -0.37304
   -0.302837
   -0.229717
   -0.154385
  -0.0775666
   0.0148149
   0.0294933
   0.0438933
   0.0578765
   0.0713077
   0.0840576
    0.096003
    0.107028
    0.117027
    0.125903
    0.133569
    0.139951
    0.144988
     0.14863
    0.150841
      0.1516
    0.150899
    0.148744
    0.145155
    0.140166
    0.133824
    0.126191
    0.117339
    0.107354
   0.0963303
   0.0843749
   0.0716026
   0.0581364
   0.0441059
   0.0296463
   0.0148966
   -0.070482
   -0.140287
   -0.208742
   -0.275187
   -0.338983
   -0.399514
   -0.456199
    -0.50849
   -0.555884
   -0.597924
   -0.634205
   -0.664379
   -0.688154
   -0.705302
   -0.715658
   -0.719122
   -0.715659
   -0.705305
   -0.688157
   -0.664383
    -0.63421
    -0.59793
   -0.555892
     -0.5085
    -0.45621
   -0.399527
   -0.338996
   -0.275199
   -0.208753
   -0.140296
  -0.0704878
   0.0138676
   0.0276082
   0.0410892
   0.0541807
   0.0667564
   0.0786949
    0.089881
    0.100206
    0.109571
    0.117885
    0.125067
    0.131047
    0.135767
    0.139181
    0.141255
    0.141969
    0.141315
      0.1393
    0.135941
    0.131271
    0.125334
    0.118188
      0.1099
    0.100549
   0.0902255
   0.0790288
   0.0670665
   0.0544541
   0.0413128
   0.0277693
   0.0139537
  -0.0637052
   -0.126798
   -0.188671
   -0.248727
   -0.306389
     -0.3611
   -0.412333
   -0.459596
   -0.502432
    -0.54043
   -0.573223
   -0.600495
   -0.621984
   -0.637483
   -0.646844
   -0.649975
   -0.646846
   -0.637488
   -0.621991
   -0.600503
   -0.573233
   -0.540442
   -0.502446
    -0.45961
   -0.412348
   -0.361115
   -0.306404
   -0.248741
   -0.188683
   -0.126808
   -0.063711
   0.0129525
   0.0257872
   0.0383803
   0.0506103
   0.0623593
   0.0735136
   0.0839655
   0.0936138
    0.102365
    0.110134
    0.116847
    0.122436
    0.126849
    0.130041
    0.131982
    0.132651
    0.132043
    0.130162
    0.127026
    0.122665
    0.117119
    0.110443
      0.1027
   0.0939633
   0.0843174
   0.0738549
   0.0626767
   0.0508904
   0.0386098
   0.0259529
   0.0130412
  -0.0572298
   -0.113909
   -0.169492
   -0.223444
   -0.275243
   -0.324393
   -0.370418
   -0.412877
    -0.45136
   -0.485496
   -0.514956
   -0.539457
   -0.558763
   -0.572688
   -0.581098
   -0.583911
   -0.581101
   -0.572695
   -0.558774
   -0.539471
   -0.514973
   -0.485515
    -0.45138
   -0.412899
    -0.37044
   -0.324414
   -0.275264
   -0.223462
   -0.169507
    -0.11392
   -0.057236
   0.0120697
   0.0240304
   0.0357668
   0.0471655
   0.0581164
   0.0685136
   0.0782563
   0.0872504
   0.0954085
    0.102652
    0.108909
    0.114121
    0.118236
    0.121214
    0.123025
    0.123651
    0.123086
    0.121334
    0.118413
    0.114349
    0.109181
    0.102959
   0.0957418
   0.0875986
   0.0786072
   0.0688543
   0.0584336
   0.0474458
   0.0359972
   0.0241972
   0.0121593
  -0.0510563
   -0.101621
   -0.151208
   -0.199339
    -0.24555
   -0.289397
   -0.330458
   -0.368337
   -0.402669
   -0.433123
   -0.459407
   -0.481266
    -0.49849
   -0.510913
   -0.518416
   -0.520927
   -0.518421
   -0.510922
   -0.498503
   -0.481282
   -0.459426
   -0.433146
   -0.402694
   -0.368363
   -0.330485
   -0.289423
   -0.245574
   -0.199359
   -0.151224
   -0.101633
  -0.0510625
   0.0112201
    0.022339
   0.0332495
   0.0438462
   0.0540269
   0.0636932
   0.0727515
    0.081114
   0.0886996
   0.0954348
    0.101254
    0.106101
    0.109929
    0.112699
    0.114384
    0.114968
    0.114445
    0.112818
    0.110102
    0.106325
    0.101521
   0.0957365
   0.0890268
   0.0814559
   0.0730961
    0.064028
   0.0543389
   0.0441219
   0.0334758
   0.0225027
   0.0113081
  -0.0451833
  -0.0899322
   -0.133816
   -0.176411
   -0.217308
   -0.256113
   -0.292452
   -0.325975
   -0.356359
   -0.383311
   -0.406572
   -0.425918
   -0.441162
   -0.452157
   -0.458798
   -0.461021
   -0.458803
   -0.452166
   -0.441175
   -0.425935
   -0.406593
   -0.383334
   -0.356384
   -0.326002
   -0.292479
    -0.25614
   -0.217334
   -0.176434
   -0.133834
  -0.0899456
  -0.0451904
   0.0104029
   0.0207118
   0.0308273
    0.040652
    0.050091
   0.0590533
   0.0674523
   0.0752064
   0.0822403
   0.0884861
   0.0938829
   0.0983783
    0.101928
    0.104498
    0.106063
    0.106606
    0.106121
    0.104614
    0.102097
   0.0985949
   0.0941411
   0.0887782
   0.0825573
   0.0755375
    0.067786
   0.0593776
   0.0503932
   0.0409191
   0.0310462
   0.0208697
   0.0104877
  -0.0396122
  -0.0788438
   -0.117317
   -0.154662
   -0.190517
   -0.224539
   -0.256399
   -0.285789
   -0.312428
   -0.336058
   -0.356452
   -0.373413
   -0.386778
   -0.396418
   -0.402241
    -0.40419
   -0.402246
   -0.396427
   -0.386791
    -0.37343
   -0.356472
    -0.33608
   -0.312452
   -0.285815
   -0.256425
   -0.224565
   -0.190542
   -0.154684
   -0.117336
  -0.0788578
  -0.0396197
  0.00961711
   0.0191475
   0.0284993
   0.0375823
   0.0463088
   0.0545947
   0.0623598
   0.0695289
   0.0760323
   0.0818071
   0.0867969
   0.0909535
   0.0942361
   0.0966128
   0.0980601
   0.0985633
   0.0981167
   0.0967242
   0.0943986
   0.0911621
   0.0870457
   0.0820884
   0.0763376
   0.0698481
   0.0626819
    0.054908
   0.0466009
   0.0378406
   0.0287112
   0.0193005
  0.00969925
  -0.0343428
  -0.0683561
   -0.101712
    -0.13409
   -0.165177
   -0.194675
   -0.222298
    -0.24778
   -0.270876
   -0.291364
   -0.309046
   -0.323752
   -0.335339
   -0.343698
   -0.348746
   -0.350436
    -0.34875
   -0.343705
    -0.33535
   -0.323766
   -0.309062
   -0.291383
   -0.270897
   -0.247801
   -0.222319
   -0.194697
   -0.165198
    -0.13411
   -0.101729
  -0.0683685
  -0.0343498
  0.00886324
   0.0176467
   0.0262658
   0.0346372
   0.0426802
   0.0503171
   0.0574739
   0.0640815
   0.0700756
   0.0753981
   0.0799971
   0.0838281
   0.0868537
   0.0890445
   0.0903794
   0.0908443
   0.0904338
   0.0891517
   0.0870097
   0.0840282
   0.0802356
   0.0756678
   0.0703684
   0.0643878
   0.0577835
   0.0506185
   0.0429616
   0.0348863
   0.0264703
   0.0177946
   0.0089425
  -0.0293752
  -0.0584687
  -0.0870009
   -0.114696
   -0.141288
    -0.16652
   -0.190148
   -0.211946
   -0.231703
   -0.249228
   -0.264353
   -0.276932
   -0.286844
   -0.293994
   -0.298312
   -0.299757
   -0.298314
   -0.293999
   -0.286852
   -0.276943
   -0.264366
   -0.249243
   -0.231719
   -0.211964
   -0.190166
   -0.166538
   -0.141306
   -0.114713
  -0.0870153
    -0.05848
  -0.0293817
  0.00814136
   0.0162094
    0.024126
   0.0318153
   0.0392028
   0.0462175
   0.0527915
   0.0588612
   0.0643678
   0.0692575
   0.0734828
   0.0770027
   0.0797831
   0.0817968
   0.0830241
   0.0834524
   0.0830768
   0.0819007
   0.0799348
   0.0771976
   0.0737151
   0.0695202
    0.064653
   0.0591597
   0.0530929
   0.0465107
    0.039476
   0.0320566
   0.0243236
   0.0163517
  0.00821745
  -0.0247096
  -0.0491825
  -0.0731836
  -0.0964807
    -0.11885
   -0.140075
   -0.159951
   -0.178287
   -0.194906
   -0.209649
   -0.222372
   -0.232954
   -0.241292
   -0.247306
   -0.250938
   -0.252153
    -0.25094
   -0.247309
   -0.241297
    -0.23296
    -0.22238
   -0.209659
   -0.194918
     -0.1783
   -0.159965
   -0.140089
   -0.118865
  -0.0964953
  -0.0731968
  -0.0491933
   -0.024716
  0.00745119
   0.0148352
   0.0220801
    0.029117
   0.0358778
   0.0422976
   0.0483145
   0.0538702
   0.0589107
    0.063387
   0.0672552
   0.0704782
   0.0730245
   0.0748691
    0.075994
   0.0763875
   0.0760456
   0.0749709
   0.0731736
     0.07067
   0.0674838
   0.0636453
    0.059191
   0.0541633
     0.04861
   0.0425846
   0.0361445
   0.0293518
   0.0222716
   0.0149725
  0.00752431
  -0.0203453
   -0.040496
  -0.0602585
  -0.0794416
  -0.0978604
   -0.115337
   -0.131704
   -0.146802
   -0.160486
   -0.172625
   -0.183102
   -0.191815
    -0.19868
   -0.203633
   -0.206623
   -0.207624
   -0.206624
   -0.203635
   -0.198684
    -0.19182
   -0.183108
   -0.172633
   -0.160495
   -0.146812
   -0.131715
    -0.11535
  -0.0978743
  -0.0794557
  -0.0602717
   -0.040507
  -0.0203518
  0.00679176
   0.0135226
   0.0201271
   0.0265423
    0.032706
    0.038559
   0.0440449
   0.0491105
   0.0537067
   0.0577888
    0.061317
   0.0642572
   0.0665807
   0.0682645
    0.069292
   0.0696527
   0.0693427
   0.0683645
    0.066727
   0.0644455
   0.0615412
   0.0580418
   0.0539806
   0.0493962
   0.0443324
   0.0388378
   0.0329648
   0.0267701
   0.0203129
   0.0136559
  0.00686274
  -0.0162825
  -0.0324094
   -0.048226
  -0.0635789
  -0.0783203
  -0.0923077
   -0.105406
    -0.11749
   -0.128442
   -0.138157
   -0.146542
   -0.153514
   -0.159009
   -0.162972
   -0.165365
   -0.166166
   -0.165367
   -0.162974
   -0.159012
   -0.153519
   -0.146548
   -0.138165
   -0.128452
   -0.117502
   -0.105419
  -0.0923218
  -0.0783351
  -0.0635937
  -0.0482398
  -0.0324209
  -0.0162892
   0.0061639
   0.0122729
   0.0182679
   0.0240914
    0.029687
    0.035001
   0.0399818
   0.0445814
   0.0487549
   0.0524622
   0.0556672
   0.0583386
   0.0604503
   0.0619812
   0.0629162
   0.0632456
   0.0629658
   0.0620792
   0.0605935
   0.0585228
   0.0558864
   0.0527093
   0.0490218
    0.044859
   0.0402607
   0.0352711
   0.0299378
   0.0243122
   0.0184481
   0.0124024
  0.00623283
  -0.0125207
  -0.0249221
   -0.037085
  -0.0488915
  -0.0602279
  -0.0709844
  -0.0810577
  -0.0903502
  -0.0987725
   -0.106244
   -0.112691
   -0.118053
   -0.122278
   -0.125326
   -0.127167
   -0.127783
   -0.127168
   -0.125329
   -0.122284
    -0.11806
     -0.1127
   -0.106255
  -0.0987857
  -0.0903651
  -0.0810738
  -0.0710015
  -0.0602452
  -0.0489084
  -0.0371003
  -0.0249345
  -0.0125279
  0.00556832
   0.0110875
   0.0165042
   0.0217663
   0.0268232
    0.031626
   0.0361281
   0.0402859
    0.044059
   0.0474109
   0.0503089
   0.0527246
   0.0546344
   0.0560193
   0.0568654
   0.0571642
   0.0569122
   0.0561116
   0.0547696
   0.0528986
   0.0505162
    0.047645
   0.0443122
   0.0405497
   0.0363935
   0.0318833
   0.0270624
   0.0219771
   0.0166763
   0.0112112
  0.00563429
 -0.00906058
  -0.0180347
  -0.0268362
  -0.0353797
  -0.0435828
  -0.0513665
  -0.0586556
  -0.0653801
   -0.071475
  -0.0768817
   -0.081548
  -0.0854291
  -0.0884875
  -0.0906938
  -0.0920269
  -0.0924738
  -0.0920302
  -0.0907002
  -0.0884967
   -0.085441
  -0.0815626
  -0.0768986
   -0.071494
  -0.0654007
  -0.0586771
   -0.051388
  -0.0436037
   -0.035399
  -0.0268528
  -0.0180475
 -0.00906771
  0.00500482
  0.00996589
   0.0148354
   0.0195665
   0.0241137
   0.0284328
    0.032482
   0.0362218
    0.039616
   0.0426313
   0.0452384
   0.0474117
   0.0491299
   0.0503759
   0.0511374
   0.0514066
   0.0511804
   0.0504609
   0.0492543
   0.0475721
   0.0454299
   0.0428481
   0.0398513
   0.0364679
   0.0327301
    0.028674
   0.0243383
   0.0197648
   0.0149975
   0.0100825
   0.0050672
 -0.00590121
  -0.0117461
  -0.0174785
  -0.0230428
  -0.0283854
  -0.0334549
  -0.0382023
  -0.0425821
   -0.046552
  -0.0500739
  -0.0531139
  -0.0556426
  -0.0576358
  -0.0590739
  -0.0599432
  -0.0602353
  -0.0599472
  -0.0590818
  -0.0576472
  -0.0556573
  -0.0531315
  -0.0500939
   -0.046574
  -0.0426053
   -0.038226
  -0.0334781
  -0.0284075
  -0.0230627
  -0.0174952
  -0.0117586
 -0.00590794
  0.00447495
  0.00891078
   0.0132648
   0.0174951
    0.021561
   0.0254229
   0.0290435
   0.0323875
   0.0354224
   0.0381187
   0.0404501
   0.0423936
   0.0439302
   0.0450447
   0.0457259
   0.0459669
   0.0457649
   0.0451217
   0.0440428
   0.0425386
   0.0406229
   0.0383142
   0.0356343
   0.0326087
   0.0292665
   0.0256396
   0.0217627
   0.0176733
   0.0134106
  0.00901581
  0.00453124
 -0.00304149
 -0.00605433
 -0.00900944
  -0.0118783
  -0.0146331
  -0.0172474
  -0.0196959
   -0.021955
  -0.0240028
  -0.0258198
  -0.0273882
  -0.0286931
  -0.0297217
  -0.0304642
  -0.0309134
  -0.0310648
  -0.0309172
  -0.0304718
  -0.0297327
  -0.0287072
   -0.027405
  -0.0258389
  -0.0240238
  -0.0219772
  -0.0197186
  -0.0172698
  -0.0146543
  -0.0118974
 -0.00902549
 -0.00606624
 -0.00304804
  0.00397713
  0.00791934
   0.0117887
    0.015548
   0.0191607
   0.0225921
   0.0258087
   0.0287796
   0.0314757
   0.0338711
   0.0359421
   0.0376687
   0.0390339
    0.040024
   0.0406292
   0.0408432
   0.0406637
    0.040092
   0.0391332
   0.0377964
   0.0360939
   0.0340421
   0.0316606
   0.0289721
   0.0260024
   0.0227799
   0.0193355
   0.0157023
   0.0119152
   0.0080106
   0.0040262
-0.000482516
-0.000961095
 -0.00143098
 -0.00188771
 -0.00232684
 -0.00274399
 -0.00313515
 -0.00349637
 -0.00382407
 -0.00411509
 -0.00436654
 -0.00457601
 -0.00474136
 -0.00486104
  -0.0049339
 -0.00495924
 -0.00493694
 -0.00486698
 -0.00474997
 -0.00458704
  -0.0043798
 -0.00413024
 -0.00384069
 -0.00351401
 -0.00315325
 -0.00276204
 -0.00234404
  -0.0019034
 -0.00144427
-0.000971027
 -0.00048816
  0.00351031
  0.00698933
   0.0104032
   0.0137197
   0.0169066
   0.0199335
   0.0227709
   0.0253914
   0.0277695
   0.0298822
   0.0317089
   0.0332317
   0.0344356
   0.0353087
   0.0358421
   0.0360306
   0.0358719
   0.0353674
   0.0345215
   0.0333422
   0.0318405
   0.0300308
   0.0279302
   0.0255589
   0.0229395
    0.020097
   0.0170587
   0.0138536
   0.0105127
  0.00706792
  0.00355249
  0.00177586
  0.00353389
  0.00525727
  0.00692944
  0.00853436
   0.0100567
   0.0114817
   0.0127959
   0.0139867
   0.0150427
   0.0159538
   0.0167112
   0.0173078
   0.0177379
   0.0179974
   0.0180837
   0.0179959
   0.0177351
   0.0173038
    0.016706
   0.0159474
   0.0150354
   0.0139788
   0.0127875
   0.0114731
    0.010048
    0.008526
  0.00692158
  0.00525017
  0.00352822
  0.00177213
   0.0030737
  0.00611944
  0.00910712
   0.0120093
   0.0147979
   0.0174463
   0.0199288
   0.0222215
   0.0243021
   0.0261505
   0.0277484
   0.0290805
   0.0301334
   0.0308969
   0.0313633
   0.0315278
   0.0313887
    0.030947
    0.030207
   0.0291753
   0.0278619
   0.0262789
   0.0244415
   0.0223671
   0.0200756
   0.0175886
   0.0149301
   0.0121255
  0.00920172
  0.00618681
  0.00310971
   0.0037343
   0.0074319
   0.0110573
   0.0145757
   0.0179532
   0.0211575
   0.0241576
   0.0269249
   0.0294327
   0.0316569
   0.0335764
   0.0351725
     0.03643
    0.037337
   0.0378847
   0.0380679
   0.0378847
    0.037337
     0.03643
   0.0351723
   0.0335761
   0.0316565
   0.0294322
   0.0269243
   0.0241571
   0.0211568
   0.0179522
   0.0145743
   0.0110553
  0.00742976
  0.00373213
  0.00266559
  0.00530674
  0.00789707
   0.0104132
   0.0128305
   0.0151262
   0.0172781
   0.0192654
   0.0210688
   0.0226709
    0.024056
   0.0252107
   0.0261236
   0.0267857
   0.0271904
   0.0273335
   0.0272135
   0.0268314
   0.0261906
    0.025297
    0.024159
   0.0227873
    0.021195
    0.019397
   0.0174106
   0.0152545
   0.0129493
   0.0105172
  0.00798158
  0.00536664
  0.00269758
  0.00539319
   0.0107337
   0.0159702
   0.0210524
   0.0259315
   0.0305605
    0.034895
   0.0388932
   0.0425168
    0.045731
   0.0485048
   0.0508117
   0.0526297
    0.053941
   0.0547331
   0.0549984
   0.0547344
   0.0539436
   0.0526336
   0.0508169
   0.0485107
   0.0457373
   0.0425232
   0.0388994
   0.0349007
   0.0305655
   0.0259353
   0.0210549
    0.015971
   0.0107333
  0.00539174
  0.00228667
  0.00455225
  0.00677381
  0.00893165
   0.0110046
   0.0129733
   0.0148186
   0.0165228
   0.0180694
   0.0194434
   0.0206316
   0.0216223
   0.0224059
   0.0229745
   0.0233226
   0.0234464
   0.0233448
   0.0230183
   0.0224699
   0.0217046
   0.0207294
   0.0195537
   0.0181885
   0.0166466
   0.0149428
   0.0130932
   0.0111153
  0.00902816
  0.00685186
  0.00460726
  0.00231601
  0.00675324
   0.0134407
   0.0199981
   0.0263625
   0.0324727
   0.0382698
   0.0436982
   0.0487056
   0.0532439
   0.0572694
   0.0607435
   0.0636329
   0.0659098
   0.0675522
   0.0685441
   0.0688762
   0.0685452
   0.0675544
   0.0659134
   0.0636377
   0.0607492
   0.0572754
   0.0532497
   0.0487111
    0.043703
   0.0382737
   0.0324754
   0.0263641
   0.0199981
   0.0134397
  0.00675132
  0.00193586
  0.00385411
  0.00573515
  0.00756243
  0.00931802
   0.0109855
   0.0125487
   0.0139926
   0.0153033
    0.016468
   0.0174755
   0.0183159
    0.018981
   0.0194642
   0.0197607
   0.0198674
   0.0197829
   0.0195079
   0.0190448
   0.0183977
   0.0175724
    0.016577
   0.0154207
   0.0141145
   0.0126707
   0.0111031
  0.00942641
  0.00765689
  0.00581151
  0.00390797
  0.00196467
   0.0078148
   0.0155538
   0.0231425
   0.0305081
   0.0375797
    0.044289
   0.0505717
    0.056367
   0.0616194
   0.0662782
   0.0702987
   0.0736423
   0.0762772
   0.0781776
    0.079325
   0.0797083
   0.0793241
   0.0781761
   0.0762754
     0.07364
   0.0702955
    0.066274
   0.0616141
    0.056361
   0.0505651
   0.0442823
   0.0375729
   0.0305017
   0.0231365
   0.0155488
  0.00781103
  0.00161406
  0.00321382
  0.00478277
  0.00630728
  0.00777236
  0.00916428
   0.0104696
   0.0116757
   0.0127709
   0.0137447
   0.0145874
   0.0152909
   0.0158483
   0.0162538
   0.0165036
   0.0165949
   0.0165266
    0.016299
    0.015914
    0.015375
    0.014687
   0.0138564
   0.0128911
   0.0118002
   0.0105941
  0.00928412
  0.00788276
  0.00640352
   0.0048606
  0.00326878
  0.00164354
  0.00857867
   0.0170743
   0.0254052
   0.0334911
   0.0412544
   0.0486199
    0.055517
    0.061879
   0.0676446
   0.0727584
   0.0771714
    0.080841
   0.0837325
   0.0858174
   0.0870758
   0.0874954
   0.0870722
   0.0858104
   0.0837223
    0.080828
   0.0771554
     0.07274
   0.0676242
   0.0618575
   0.0554954
   0.0485992
   0.0412352
   0.0334744
   0.0253912
    0.017064
   0.0085724
  0.00132142
  0.00263181
  0.00391766
  0.00516767
  0.00636952
  0.00751191
  0.00858377
  0.00957468
   0.0104751
    0.011276
   0.0119698
   0.0125495
   0.0130095
   0.0133448
   0.0135523
   0.0136296
   0.0135757
   0.0133908
   0.0130764
   0.0126353
   0.0120716
   0.0113905
   0.0105984
  0.00970276
  0.00871218
  0.00763592
  0.00648419
  0.00526808
   0.0039993
  0.00268993
   0.0013527
  0.00904617
   0.0180047
   0.0267894
   0.0353156
   0.0435014
   0.0512678
   0.0585403
   0.0652483
   0.0713272
   0.0767183
   0.0813698
   0.0852371
   0.0882833
   0.0904789
    0.091803
    0.092243
   0.0917945
   0.0904623
   0.0882591
   0.0852063
   0.0813333
   0.0766777
    0.071284
   0.0652044
   0.0584974
   0.0512277
    0.043465
   0.0352843
    0.026764
   0.0179866
  0.00903613
  0.00105855
   0.0021091
  0.00314088
  0.00414462
  0.00511044
  0.00602915
  0.00689183
  0.00768997
   0.0084158
   0.0090621
  0.00962252
   0.0100914
   0.0104641
   0.0107366
   0.0109062
   0.0109709
   0.0109298
   0.0107831
    0.010532
   0.0101787
  0.00972639
  0.00917931
  0.00854247
  0.00782198
  0.00702475
  0.00615811
  0.00523025
  0.00425012
  0.00322715
  0.00217102
  0.00109198
   0.0092171
   0.0183447
   0.0272948
   0.0359813
   0.0443207
   0.0522325
   0.0596411
   0.0664742
   0.0726663
   0.0781575
   0.0828945
   0.0868325
   0.0899336
   0.0921683
   0.0935152
   0.0939615
   0.0935031
   0.0921446
   0.0898992
   0.0867885
   0.0828427
   0.0780998
   0.0726054
   0.0664126
   0.0595809
   0.0521762
   0.0442696
   0.0359373
   0.0272593
   0.0183195
  0.00920356
 0.000825777
  0.00164636
  0.00245352
  0.00323958
  0.00399682
  0.00471785
  0.00539565
  0.00602338
  0.00659488
   0.0071043
  0.00754646
  0.00791699
  0.00821212
  0.00842877
  0.00856472
  0.00861827
  0.00858863
  0.00847592
  0.00828102
  0.00800562
  0.00765217
  0.00722389
  0.00672474
  0.00615941
  0.00553327
  0.00485207
  0.00412219
  0.00335066
  0.00254491
  0.00171253
 0.000861579
  0.00909379
   0.0180984
   0.0269271
   0.0354948
   0.0437191
    0.051521
   0.0588257
   0.0655626
   0.0716671
   0.0770802
   0.0817501
   0.0856321
   0.0886889
   0.0908915
   0.0922186
   0.0926579
   0.0922051
   0.0908649
     0.08865
   0.0855821
   0.0816907
   0.0770134
   0.0715951
   0.0654882
   0.0587514
   0.0514495
   0.0436529
   0.0354366
   0.0268796
   0.0180644
   0.0090756
 0.000623287
  0.00124387
  0.00185579
  0.00245266
  0.00302866
   0.0035779
    0.004095
  0.00457457
  0.00501188
  0.00540223
  0.00574142
  0.00602631
  0.00625384
  0.00642178
  0.00652842
  0.00657226
  0.00655262
  0.00646954
  0.00632368
  0.00611614
  0.00584873
  0.00552388
  0.00514457
  0.00471423
  0.00423691
  0.00371696
  0.00315921
  0.00256902
  0.00195205
  0.00131412
  0.00066136
  0.00867448
   0.0172632
    0.025683
   0.0338533
   0.0416953
    0.049134
   0.0560978
   0.0625201
   0.0683391
   0.0734991
   0.0779506
   0.0816511
   0.0845649
   0.0866643
   0.0879292
   0.0883475
   0.0879154
   0.0866372
   0.0845252
   0.0815999
   0.0778893
   0.0734295
   0.0682633
   0.0624405
   0.0560171
    0.049055
   0.0416212
   0.0337873
   0.0256287
   0.0172237
  0.00865345
 0.000452591
 0.000904127
  0.00135034
  0.00178644
  0.00220811
  0.00261099
  0.00299102
  0.00334424
  0.00366707
  0.00395597
  0.00420781
  0.00442012
   0.0045906
   0.0047175
  0.00479946
  0.00483533
  0.00482454
  0.00476695
  0.00466292
  0.00451325
  0.00431919
  0.00408247
  0.00380529
  0.00349002
  0.00313967
  0.00275716
  0.00234606
  0.00190992
  0.00145252
 0.000978726
 0.000492532
  0.00795966
   0.0158397
   0.0235635
   0.0310579
   0.0382508
   0.0450736
   0.0514606
    0.057351
    0.062688
   0.0674206
   0.0715035
   0.0748974
     0.07757
   0.0794955
   0.0806557
   0.0810395
   0.0806431
   0.0794708
   0.0775336
   0.0748504
    0.071447
   0.0673563
   0.0626176
   0.0572766
   0.0513848
   0.0449988
   0.0381801
   0.0309941
   0.0235102
   0.0158002
  0.00793834
 0.000312602
 0.000625394
 0.000935473
  0.00123938
  0.00153404
  0.00181639
  0.00208352
  0.00233262
  0.00256114
  0.00276652
  0.00294651
   0.0030992
   0.0032229
  0.00331621
  0.00337808
   0.0034076
  0.00340436
  0.00336803
  0.00329869
  0.00319692
  0.00306348
  0.00289955
  0.00270665
  0.00248628
  0.00224058
  0.00197119
  0.00168068
  0.00137094
   0.0010442
 0.000704652
 0.000354501
  0.00695139
   0.0138323
   0.0205752
   0.0271177
   0.0333964
    0.039352
   0.0449272
   0.0500689
   0.0547276
   0.0588587
   0.0624227
   0.0653854
   0.0677184
   0.0693995
   0.0704124
   0.0707476
   0.0704019
   0.0693787
   0.0676879
   0.0653457
   0.0623749
   0.0588039
   0.0546672
   0.0500047
   0.0448612
   0.0392862
   0.0333334
   0.0270599
   0.0205262
   0.0137949
  0.00693095
 0.000202891
 0.000406974
 0.000610443
 0.000810837
  0.00100613
  0.00119422
  0.00137312
  0.00154092
  0.00169585
  0.00183605
  0.00195995
  0.00206615
  0.00215338
  0.00222067
  0.00226722
  0.00229232
  0.00229559
  0.00227667
  0.00223564
  0.00217247
  0.00208768
   0.0019815
  0.00185463
  0.00170815
  0.00154323
  0.00136105
  0.00116306
 0.000950731
  0.00072537
 0.000490246
  0.00024656
  0.00564931
   0.0112408
   0.0167192
   0.0220345
   0.0271354
   0.0319738
   0.0365032
   0.0406804
   0.0444654
   0.0478218
   0.0507176
    0.053125
   0.0550208
    0.056387
   0.0572105
   0.0574833
    0.057203
   0.0563723
   0.0549992
   0.0530969
   0.0506837
   0.0477828
   0.0444221
   0.0406339
   0.0364547
   0.0319246
   0.0270875
   0.0219896
   0.0166802
   0.0112102
  0.00563237
 0.000123638
 0.000249177
 0.000375628
 0.000501255
 0.000624796
 0.000744844
 0.000860137
  0.00096934
   0.0010713
  0.00116467
  0.00124834
  0.00132129
  0.00138257
  0.00143154
  0.00146758
  0.00149011
  0.00149878
  0.00149319
  0.00147342
  0.00143887
  0.00138987
  0.00132575
  0.00124653
   0.0011531
  0.00104583
  0.00092575
 0.000793517
 0.000650479
 0.000497363
 0.000336789
 0.000169213
  0.00405627
  0.00807035
   0.0120021
   0.0158169
   0.0194775
   0.0229499
   0.0262006
   0.0291987
   0.0319153
   0.0343246
   0.0364033
   0.0381314
   0.0394925
   0.0404734
   0.0410649
   0.0412611
   0.0410603
   0.0404645
   0.0394794
   0.0381144
   0.0363828
   0.0343009
   0.0318889
   0.0291699
     0.02617
   0.0229182
   0.0194458
   0.0157861
   0.0119746
  0.00804771
  0.00404348
 7.63241e-05
 0.000154609
 0.000234215
 0.000314186
 0.000393699
 0.000471874
 0.000547849
 0.000620733
 0.000689691
 0.000753797
 0.000812233
 0.000864237
 0.000909069
 0.000946171
  0.00097499
 0.000995007
  0.00100581
  0.00100699
 0.000998361
  0.00097941
 0.000950112
 0.000909979
 0.000858919
 0.000797349
 0.000725515
 0.000644035
 0.000553442
 0.000454661
 0.000348396
  0.00023633
 0.000119144
  0.00217065
  0.00431904
  0.00642381
  0.00846619
   0.0104263
   0.0122858
   0.0140268
   0.0156327
   0.0170879
   0.0183786
   0.0194924
   0.0204184
   0.0211479
   0.0216738
    0.021991
   0.0220966
   0.0219895
   0.0216707
   0.0211435
   0.0204127
   0.0194855
   0.0183707
    0.017079
   0.0156229
   0.0140163
   0.0122747
   0.0104149
  0.00845487
  0.00641345
  0.00431027
  0.00216564
 2.28979e-07
   4.566e-07
 6.01474e-07
 7.42641e-07
 8.46878e-07
 9.45857e-07
 1.02009e-06
 1.08834e-06
  1.1333e-06
 1.17221e-06
 1.18949e-06
 1.20103e-06
  1.1907e-06
 1.17516e-06
 1.13656e-06
 1.09353e-06
 1.02733e-06
   9.577e-07
 8.67425e-07
 7.74997e-07
 6.74414e-07
   5.731e-07
 4.76632e-07
  3.8079e-07
 2.92167e-07
  2.0517e-07
 1.35527e-07
 6.78801e-08
 3.35382e-08
 8.11216e-10
 9.71205e-11
 -1.2794e-07
 -2.5588e-07
-2.18195e-07
-1.80509e-07
-1.58028e-07
-1.35546e-07
-1.18717e-07
-1.01887e-07
-8.56433e-08
-6.93995e-08
-5.31438e-08
 -3.6888e-08
-2.13019e-08
-5.71581e-09
 7.75259e-09
  2.1221e-08
 2.93659e-08
 3.75108e-08
 3.92242e-08
 4.09377e-08
 3.84634e-08
  3.5989e-08
 3.40353e-08
 3.20815e-08
 3.06626e-08
 2.92437e-08
  2.5792e-08
 2.23403e-08
 1.12554e-08
 1.70483e-10
 8.52414e-11
