   0.0980201
     0.19509
     0.29028
     0.38268
      0.4714
    0.555571
    0.634391
    0.707111
    0.773011
    0.831471
    0.881921
    0.923881
    0.956941
    0.980791
    0.995181
           1
    0.995181
    0.980791
    0.956941
    0.923881
    0.881921
    0.831471
    0.773011
    0.707111
    0.634391
    0.555571
      0.4714
     0.38268
     0.29028
     0.19509
   0.0980199
   -0.773051
    -1.53866
    -2.28945
    -3.01819
    -3.71787
    -4.38174
    -5.00342
    -5.57691
    -6.09669
    -6.55776
    -6.95567
     -7.2866
    -7.54735
    -7.73542
    -7.84899
    -7.88697
    -7.84899
    -7.73543
    -7.54736
    -7.28661
    -6.95569
    -6.55778
    -6.09671
    -5.57693
    -5.00345
    -4.38177
     -3.7179
    -3.01822
    -2.28947
    -1.53868
   -0.773061
   0.0956221
    0.190323
    0.283192
    0.373333
    0.459879
    0.541996
    0.618894
    0.689831
    0.754125
    0.811156
    0.860375
    0.901309
    0.933562
    0.956825
    0.970872
     0.97557
    0.970872
    0.956825
    0.933563
    0.901309
    0.860376
    0.811157
    0.754126
    0.689832
    0.618894
    0.541997
     0.45988
    0.373334
    0.283192
    0.190324
   0.0956227
   -0.751455
    -1.49567
    -2.22549
    -2.93387
      -3.614
    -4.25933
    -4.86364
    -5.42111
    -5.92637
    -6.37456
    -6.76135
    -7.08304
     -7.3365
    -7.51932
    -7.62971
    -7.66663
    -7.62972
    -7.51932
    -7.33651
    -7.08305
    -6.76137
    -6.37457
    -5.92639
    -5.42113
    -4.86366
    -4.25936
    -3.61403
     -2.9339
    -2.22551
    -1.49569
   -0.751464
    0.093253
    0.185608
    0.276176
    0.364084
    0.448486
    0.528568
    0.603561
    0.672741
    0.735442
    0.791061
    0.839061
     0.87898
    0.910435
    0.933121
    0.946821
    0.951402
    0.946821
    0.933121
    0.910435
    0.878981
    0.839062
    0.791062
    0.735444
    0.672743
    0.603563
    0.528571
    0.448488
    0.364086
    0.276178
     0.18561
   0.0932539
   -0.730162
    -1.45329
    -2.16243
    -2.85074
     -3.5116
    -4.13864
    -4.72582
     -5.2675
    -5.75844
    -6.19393
    -6.56976
    -6.88233
    -7.12862
    -7.30625
    -7.41352
    -7.44939
    -7.41352
    -7.30625
    -7.12862
    -6.88234
    -6.56978
    -6.19394
    -5.75845
    -5.26751
    -4.72584
    -4.13866
    -3.51162
    -2.85076
    -2.16245
    -1.45331
   -0.730171
   0.0909104
    0.180945
    0.269238
    0.354938
    0.437219
     0.51529
    0.588399
    0.655842
    0.716968
    0.771189
    0.817984
      0.8569
    0.887565
    0.909681
    0.923037
    0.927503
    0.923037
    0.909682
    0.887565
    0.856901
    0.817985
    0.771191
     0.71697
    0.655844
    0.588402
    0.515293
    0.437222
     0.35494
     0.26924
    0.180947
   0.0909115
   -0.709172
    -1.41151
    -2.10026
    -2.76879
    -3.41065
    -4.01966
    -4.58997
    -5.11607
     -5.5929
    -6.01587
     -6.3809
    -6.68448
    -6.92369
    -7.09621
     -7.2004
    -7.23524
     -7.2004
    -7.09622
    -6.92369
    -6.68448
     -6.3809
    -6.01587
    -5.59291
    -5.11608
    -4.58998
    -4.01968
    -3.41067
    -2.76881
    -2.10028
    -1.41153
   -0.709179
   0.0885947
    0.176336
     0.26238
    0.345897
    0.426082
    0.502165
    0.573411
    0.639136
    0.698705
    0.751546
    0.797148
    0.835074
    0.864957
     0.88651
    0.899526
    0.903878
    0.899526
    0.886511
    0.864958
    0.835075
    0.797149
    0.751547
    0.698707
    0.639138
    0.573414
    0.502168
    0.426086
      0.3459
    0.262382
    0.176338
   0.0885959
   -0.688486
    -1.37034
      -2.039
    -2.68802
    -3.31116
    -3.90241
    -4.45608
    -4.96683
    -5.42975
    -5.84038
    -6.19477
    -6.48949
    -6.72172
    -6.88921
    -6.99036
    -7.02418
    -6.99036
    -6.88921
    -6.72171
    -6.48949
    -6.19477
    -5.84038
    -5.42976
    -4.96684
    -4.45609
    -3.90243
    -3.31118
    -2.68804
    -2.03901
    -1.37035
   -0.688492
   0.0863063
    0.171782
    0.255603
    0.336962
    0.415077
    0.489194
      0.5586
    0.622627
    0.680658
    0.732133
    0.776558
    0.813504
    0.842615
    0.863612
    0.876291
    0.880531
    0.876291
    0.863612
    0.842616
    0.813505
    0.776559
    0.732135
     0.68066
     0.62263
    0.558604
    0.489198
     0.41508
    0.336965
    0.255605
    0.171784
   0.0863075
   -0.668103
    -1.32977
    -1.97863
    -2.60844
    -3.21313
    -3.78687
    -4.32415
    -4.81978
      -5.269
    -5.66747
    -6.01136
    -6.29736
    -6.52271
    -6.68525
    -6.78339
    -6.81621
    -6.78339
    -6.68524
     -6.5227
    -6.29735
    -6.01136
    -5.66747
      -5.269
    -4.81979
    -4.32416
    -3.78689
    -3.21315
    -2.60846
    -1.97865
    -1.32978
   -0.668108
   0.0840457
    0.167282
    0.248908
    0.328136
    0.404205
     0.47638
    0.543968
    0.606318
    0.662829
    0.712956
    0.756217
    0.792195
    0.820544
     0.84099
    0.853338
    0.857467
    0.853338
    0.840991
    0.820545
    0.792196
    0.756218
    0.712958
    0.662831
    0.606321
    0.543972
    0.476384
    0.404208
    0.328139
     0.24891
    0.167284
   0.0840468
   -0.648023
     -1.2898
    -1.91917
    -2.53004
    -3.11656
    -3.67306
    -4.19418
    -4.67492
    -5.11063
    -5.49713
    -5.83068
    -6.10809
    -6.32667
    -6.48431
     -6.5795
    -6.61134
     -6.5795
     -6.4843
    -6.32666
    -6.10808
    -5.83068
    -5.49713
    -5.11064
    -4.67493
     -4.1942
    -3.67307
    -3.11657
    -2.53006
    -1.91918
    -1.28981
   -0.648028
    0.081813
    0.162838
    0.242295
    0.319419
    0.393467
    0.463725
    0.529518
    0.590211
     0.64522
    0.694016
    0.736127
     0.77115
    0.798746
    0.818649
    0.830668
    0.834688
    0.830669
     0.81865
    0.798747
    0.771151
     0.73613
    0.694018
    0.645223
    0.590214
    0.529522
    0.463729
    0.393471
    0.319423
    0.242298
     0.16284
   0.0818142
   -0.628246
    -1.25044
    -1.86059
    -2.45283
    -3.02144
    -3.56096
    -4.06617
    -4.53223
    -4.95465
    -5.32935
    -5.65272
    -5.92166
    -6.13357
     -6.2864
     -6.3787
    -6.40957
     -6.3787
    -6.28641
    -6.13358
    -5.92167
    -5.65274
    -5.32937
    -4.95467
    -4.53226
     -4.0662
    -3.56098
    -3.02146
    -2.45285
    -1.86061
    -1.25045
   -0.628251
   0.0796086
    0.158451
    0.235767
    0.310813
    0.382865
     0.45123
     0.51525
    0.574308
    0.627835
    0.675316
    0.716293
    0.750372
    0.777224
    0.796591
    0.808287
    0.812198
    0.808287
    0.796592
    0.777226
    0.750374
    0.716295
    0.675319
    0.627838
    0.574312
    0.515254
    0.451235
    0.382869
    0.310816
     0.23577
    0.158453
   0.0796098
   -0.608772
    -1.21168
    -1.80292
     -2.3768
    -2.92779
    -3.45058
    -3.94014
    -4.39174
    -4.80107
    -5.16415
     -5.4775
    -5.73811
    -5.94345
    -6.09155
    -6.18098
    -6.21089
    -6.18099
    -6.09156
    -5.94346
    -5.73812
    -5.47752
    -5.16418
     -4.8011
    -4.39178
    -3.94016
     -3.4506
    -2.92781
    -2.37682
    -1.80294
    -1.21169
   -0.608777
   0.0774328
     0.15412
    0.229323
    0.302318
    0.372401
    0.438898
    0.501167
    0.558611
    0.610676
    0.656859
    0.696716
    0.729863
    0.755981
    0.774819
    0.786195
        0.79
    0.786196
    0.774821
    0.755983
    0.729865
    0.696718
    0.656862
    0.610679
    0.558615
    0.501172
    0.438902
    0.372405
    0.302321
    0.229326
    0.154122
    0.077434
   -0.589602
    -1.17353
    -1.74615
    -2.30195
    -2.83559
    -3.34192
    -3.81606
    -4.25345
    -4.64988
    -5.00153
    -5.30502
    -5.55742
    -5.75629
    -5.89973
    -5.98635
    -6.01532
    -5.98635
    -5.89974
     -5.7563
    -5.55743
    -5.30504
    -5.00156
     -4.6499
    -4.25347
    -3.81607
    -3.34192
    -2.83559
    -2.30195
    -1.74615
    -1.17352
   -0.589601
   0.0752858
    0.149847
    0.222965
    0.293935
    0.362075
    0.426728
    0.487272
    0.543122
    0.593743
    0.638646
    0.677397
    0.709626
     0.73502
    0.753336
    0.764396
    0.768095
    0.764397
    0.753337
    0.735022
    0.709628
      0.6774
    0.638649
    0.593746
    0.543126
    0.487276
    0.426732
    0.362079
    0.293938
    0.222967
    0.149849
   0.0752869
   -0.570733
    -1.13597
    -1.69027
    -2.22829
    -2.74485
    -3.23498
    -3.69395
    -4.11735
    -4.50109
    -4.84149
    -5.13525
    -5.37956
    -5.57207
    -5.71091
    -5.79475
    -5.82278
    -5.79474
    -5.71089
    -5.57205
    -5.37954
    -5.13522
    -4.84145
    -4.50105
    -4.11731
    -3.69391
    -3.23494
    -2.74482
    -2.22827
    -1.69025
    -1.13596
   -0.570727
    0.073167
     0.14563
     0.21669
    0.285664
    0.351887
    0.414721
    0.473561
    0.527841
    0.577037
    0.620675
    0.658336
    0.689658
    0.714337
    0.732137
    0.742886
    0.746481
    0.742887
    0.732139
     0.71434
    0.689662
    0.658341
     0.62068
    0.577041
    0.527845
    0.473566
    0.414726
    0.351892
    0.285668
    0.216694
    0.145633
   0.0731688
   -0.552167
    -1.09902
    -1.63528
    -2.15579
    -2.65555
    -3.12972
    -3.57376
    -3.98338
    -4.35463
    -4.68395
    -4.96816
    -5.20452
    -5.39075
    -5.52508
    -5.60619
    -5.63331
    -5.60618
    -5.52506
    -5.39073
    -5.20449
    -4.96812
    -4.68391
    -4.35459
    -3.98333
    -3.57371
    -3.12968
    -2.65551
    -2.15576
    -1.63525
    -1.09899
   -0.552155
   0.0710773
     0.14147
    0.210502
    0.277505
    0.341837
    0.402877
    0.460037
    0.512766
    0.560557
    0.602949
    0.639535
    0.669962
    0.693937
    0.711229
    0.721671
    0.725163
    0.721672
    0.711231
     0.69394
    0.669967
    0.639541
    0.602957
    0.560565
    0.512774
    0.460044
    0.402884
    0.341844
    0.277512
    0.210507
    0.141475
   0.0710797
     -0.5339
    -1.06266
    -1.58118
    -2.08447
    -2.56769
    -3.02618
    -3.45553
    -3.85159
    -4.21056
    -4.52898
    -4.80378
    -5.03232
     -5.2124
    -5.34228
     -5.4207
    -5.44693
     -5.4207
    -5.34226
    -5.21238
     -5.0323
    -4.80375
    -4.52894
    -4.21052
    -3.85155
    -3.45547
    -3.02613
    -2.56764
    -2.08443
    -1.58114
    -1.06263
   -0.533887
   0.0690169
    0.137369
    0.204399
    0.269461
    0.331928
    0.391199
    0.446701
    0.497902
    0.544308
    0.585472
    0.620998
    0.650543
    0.673823
    0.690614
    0.700754
    0.704145
    0.700756
    0.690617
    0.673828
    0.650549
    0.621006
    0.585482
    0.544319
    0.497912
    0.446711
    0.391208
    0.331938
     0.26947
    0.204407
    0.137375
   0.0690199
   -0.515936
     -1.0269
    -1.52798
    -2.01434
     -2.4813
    -2.92436
    -3.33926
    -3.72199
    -4.06888
    -4.37658
    -4.64214
    -4.86298
      -5.037
    -5.16251
     -5.2383
    -5.26364
    -5.23829
    -5.16249
    -5.03698
    -4.86295
     -4.6421
    -4.37654
    -4.06883
    -3.72194
     -3.3392
    -2.92429
    -2.48124
    -2.01429
    -1.52794
    -1.02687
    -0.51592
   0.0669855
    0.133327
    0.198384
    0.261531
     0.32216
    0.379686
    0.433556
    0.483251
    0.528291
    0.568245
    0.602726
    0.631402
    0.653997
    0.670295
    0.680136
    0.683428
    0.680138
    0.670298
    0.654003
    0.631409
    0.602735
    0.568256
    0.528305
    0.483264
    0.433569
    0.379699
    0.322173
    0.261543
    0.198394
    0.133334
   0.0669895
   -0.498276
   -0.991751
    -1.47567
    -1.94538
    -2.39635
    -2.82425
    -3.22494
    -3.59457
    -3.92958
    -4.22675
    -4.48321
     -4.6965
    -4.86456
    -4.98577
    -5.05896
    -5.08344
    -5.05895
    -4.98575
    -4.86453
    -4.69646
    -4.48317
     -4.2267
    -3.92953
    -3.59451
    -3.22487
    -2.82418
    -2.39628
    -1.94532
    -1.47562
   -0.991712
   -0.498255
   0.0649838
    0.129342
    0.192456
    0.253717
    0.312534
    0.368342
    0.420603
    0.468813
    0.512509
    0.551269
     0.58472
     0.61254
    0.634461
    0.650271
    0.659819
    0.663013
    0.659821
    0.650275
    0.634467
    0.612548
     0.58473
    0.551281
    0.512524
    0.468829
    0.420619
    0.368358
    0.312549
    0.253731
    0.192468
    0.129351
   0.0649886
   -0.480915
   -0.957198
    -1.42426
     -1.8776
    -2.31286
    -2.72585
    -3.11258
    -3.46933
    -3.79267
    -4.07948
    -4.32701
    -4.53287
    -4.69508
    -4.81207
    -4.88271
    -4.90634
    -4.88271
    -4.81205
    -4.69504
    -4.53282
    -4.32694
    -4.07941
    -3.79259
    -3.46924
    -3.11249
    -2.72576
    -2.31278
    -1.87753
     -1.4242
    -0.95715
    -0.48089
   0.0630119
    0.125418
    0.186616
    0.246018
     0.30305
    0.357165
     0.40784
    0.454588
    0.496958
    0.534543
    0.566979
    0.593955
    0.615211
    0.630543
    0.639802
    0.642899
    0.639806
    0.630549
     0.61522
    0.593966
    0.566993
    0.534558
    0.496976
    0.454607
     0.40786
    0.357184
    0.303068
    0.246034
    0.186629
    0.125427
   0.0630173
   -0.463856
   -0.923244
    -1.37374
      -1.811
    -2.23082
    -2.62916
    -3.00217
    -3.34627
    -3.65814
    -3.93479
    -4.17354
    -4.37209
    -4.52854
    -4.64137
     -4.7095
    -4.73228
    -4.70948
    -4.64133
    -4.52848
    -4.37201
    -4.17344
    -3.93468
    -3.65803
    -3.34615
    -3.00205
    -2.62905
    -2.23072
    -1.81091
    -1.37366
   -0.923189
   -0.463827
   0.0610698
    0.121552
    0.180864
    0.238435
     0.29371
    0.346157
     0.39527
    0.440578
    0.481642
    0.518068
    0.549505
     0.57565
    0.596251
     0.61111
    0.620084
    0.623087
    0.620088
    0.611119
    0.596264
    0.575665
    0.549522
    0.518088
    0.481664
    0.440601
    0.395293
    0.346179
    0.293731
    0.238453
    0.180879
    0.121563
   0.0610757
   -0.447099
    -0.88989
    -1.32411
    -1.74557
    -2.15022
    -2.53416
     -2.8937
    -3.22537
    -3.52597
    -3.79262
    -4.02274
    -4.21411
     -4.3649
    -4.47366
    -4.53932
    -4.56128
     -4.5393
    -4.47361
    -4.36484
    -4.21403
    -4.02264
     -3.7925
    -3.52584
    -3.22524
    -2.89357
    -2.53404
    -2.15011
    -1.74547
    -1.32402
   -0.889828
   -0.447066
   0.0591573
    0.117746
    0.175201
    0.230969
    0.284513
    0.335318
    0.382894
    0.426782
    0.466561
    0.501846
    0.532299
    0.557626
    0.577582
    0.591977
     0.60067
    0.603579
    0.600674
    0.591986
    0.577596
    0.557644
     0.53232
     0.50187
    0.466586
    0.426809
     0.38292
    0.335343
    0.284537
     0.23099
    0.175218
    0.117758
   0.0591641
   -0.430642
   -0.857133
    -1.27537
    -1.68132
    -2.07107
    -2.44088
    -2.78718
    -3.10664
    -3.39617
      -3.653
    -3.87465
    -4.05898
    -4.20422
    -4.30897
    -4.37222
    -4.39336
    -4.37219
    -4.30892
    -4.20415
    -4.05889
    -3.87454
    -3.65288
    -3.39604
     -3.1065
    -2.78705
    -2.44075
    -2.07095
    -1.68121
    -1.27528
    -0.85707
   -0.430608
   0.0572748
    0.113999
    0.169625
    0.223619
    0.275459
    0.324648
     0.37071
    0.413202
    0.451716
    0.485879
    0.515363
    0.539885
    0.559207
    0.573143
     0.58156
    0.584377
    0.581565
    0.573153
    0.559222
    0.539905
    0.515388
    0.485906
    0.451745
    0.413232
     0.37074
    0.324677
    0.275486
    0.223643
    0.169645
    0.114013
   0.0572823
   -0.414487
   -0.824979
    -1.22752
    -1.61824
    -1.99338
    -2.34931
    -2.68262
    -2.99009
    -3.26876
    -3.51594
    -3.72927
    -3.90669
    -4.04648
     -4.1473
    -4.20818
    -4.22853
    -4.20816
    -4.14726
    -4.04642
    -3.90661
    -3.72918
    -3.51583
    -3.26863
    -2.98995
    -2.68248
    -2.34918
    -1.99325
    -1.61813
    -1.22743
   -0.824914
   -0.414452
   0.0554222
    0.110311
    0.164139
    0.216386
     0.26655
    0.314148
     0.35872
    0.399839
    0.437107
    0.470166
    0.498698
    0.522427
    0.541124
    0.554611
    0.562756
    0.565481
    0.562761
    0.554621
     0.54114
    0.522448
    0.498724
    0.470196
    0.437139
    0.399872
    0.358754
     0.31418
     0.26658
    0.216413
     0.16416
    0.110327
   0.0554304
   -0.398632
   -0.793423
    -1.18057
    -1.55634
    -1.91713
    -2.25945
    -2.58001
    -2.87571
    -3.14372
    -3.38145
    -3.58662
    -3.75725
    -3.89169
    -3.98865
    -4.04721
    -4.06678
    -4.04718
    -3.98861
    -3.89163
    -3.75717
    -3.58653
    -3.38135
     -3.1436
    -2.87558
    -2.57987
    -2.25932
    -1.91701
    -1.55624
    -1.18048
    -0.79336
   -0.398599
   0.0535996
    0.106684
    0.158741
    0.209271
    0.257785
    0.303818
    0.346926
    0.386693
    0.422736
    0.454708
    0.482302
    0.505251
    0.523334
    0.536378
    0.544256
    0.546893
    0.544262
     0.53639
    0.523352
    0.505274
     0.48233
     0.45474
     0.42277
    0.386728
    0.346961
    0.303853
    0.257818
    0.209299
    0.158765
    0.106701
   0.0536086
    -0.38308
   -0.762467
    -1.13451
    -1.49562
    -1.84233
    -2.17129
    -2.47935
    -2.76352
    -3.02107
    -3.24953
    -3.44669
    -3.61066
    -3.73986
    -3.83304
     -3.8893
    -3.90811
    -3.88928
      -3.833
     -3.7398
    -3.61059
     -3.4466
    -3.24943
    -3.02095
     -2.7634
    -2.47922
    -2.17118
    -1.84222
    -1.49552
    -1.13443
   -0.762408
   -0.383048
   0.0518072
    0.103116
    0.153434
    0.202273
    0.249166
     0.29366
    0.335326
    0.373764
    0.408602
    0.439506
    0.466177
    0.488359
    0.505838
    0.518445
     0.52606
    0.528609
    0.526068
     0.51846
    0.505858
    0.488384
    0.466206
    0.439539
    0.408638
    0.373801
    0.335364
    0.293696
      0.2492
    0.202303
    0.153458
    0.103134
   0.0518167
   -0.367829
   -0.732112
    -1.08934
    -1.43608
    -1.76899
    -2.08485
    -2.38064
     -2.6535
    -2.90081
    -3.12017
    -3.30948
    -3.46693
    -3.59098
    -3.68045
    -3.73448
    -3.75254
    -3.73446
    -3.68042
    -3.59093
    -3.46686
     -3.3094
    -3.12007
     -2.9007
    -2.65339
    -2.38053
    -2.08475
    -1.76888
    -1.43599
    -1.08927
   -0.732058
     -0.3678
   0.0500453
   0.0996094
    0.148215
    0.195394
    0.240692
    0.283673
    0.323922
    0.361053
    0.394707
    0.424559
    0.450324
    0.471751
    0.488636
    0.500815
    0.508171
    0.510633
    0.508178
    0.500829
    0.488656
    0.471777
    0.450354
    0.424593
    0.394743
    0.361091
    0.323961
    0.283711
    0.240728
    0.195426
    0.148241
   0.0996281
   0.0500552
    -0.35288
    -0.70236
    -1.04507
    -1.37772
     -1.6971
    -2.00013
     -2.2839
    -2.54567
    -2.78292
    -2.99337
      -3.175
    -3.32604
    -3.44506
    -3.53089
    -3.58272
    -3.60005
    -3.58271
    -3.53086
    -3.44501
    -3.32598
    -3.17492
    -2.99328
    -2.78282
    -2.54557
     -2.2838
    -2.00003
      -1.697
    -1.37764
    -1.04501
    -0.70231
   -0.352854
   0.0483134
   0.0961623
    0.143086
    0.188632
    0.232363
    0.273856
    0.312713
    0.348559
    0.381048
    0.409868
    0.434742
    0.455429
    0.471729
    0.483487
    0.490589
    0.492967
    0.490596
    0.483501
    0.471749
    0.455455
    0.434773
    0.409904
    0.381087
    0.348599
    0.312754
    0.273897
    0.232401
    0.188666
    0.143114
   0.0961825
    0.048324
   -0.338234
   -0.673209
     -1.0017
    -1.32054
    -1.62666
    -1.91712
    -2.18911
    -2.44002
    -2.66743
    -2.86914
    -3.04323
    -3.18801
    -3.30208
    -3.38436
    -3.43404
    -3.45065
    -3.43402
    -3.38432
    -3.30203
    -3.18794
    -3.04315
    -2.86906
    -2.66734
    -2.43992
    -2.18902
    -1.91703
    -1.62658
    -1.32046
    -1.00164
   -0.673164
    -0.33821
   0.0466116
   0.0927751
    0.138046
    0.181988
    0.224178
     0.26421
    0.301699
    0.336282
    0.367628
    0.395433
    0.419431
    0.439389
    0.455117
    0.466461
    0.473313
    0.475607
    0.473321
    0.466476
    0.455139
    0.439418
    0.419466
    0.395473
    0.367671
    0.336328
    0.301746
    0.264256
    0.224221
    0.182026
    0.138077
   0.0927971
   0.0466231
    -0.32389
    -0.64466
    -0.95922
    -1.26454
    -1.55768
    -1.83582
    -2.09628
    -2.33655
    -2.55431
    -2.74748
    -2.91419
    -3.05283
    -3.16206
    -3.24085
    -3.28842
    -3.30433
    -3.28841
    -3.24082
    -3.16202
    -3.05276
    -2.91411
     -2.7474
    -2.55423
    -2.33646
    -2.09619
    -1.83574
     -1.5576
    -1.26447
   -0.959163
    -0.64462
   -0.323869
     0.04494
   0.0894479
    0.133095
    0.175461
    0.216139
    0.254735
    0.290879
    0.324223
    0.354445
    0.381254
    0.404391
    0.423634
    0.438798
    0.449736
    0.456344
    0.458556
    0.456352
    0.449754
    0.438824
    0.423669
    0.404432
    0.381301
    0.354496
    0.324277
    0.290934
    0.254789
    0.216188
    0.175505
     0.13313
   0.0894724
   0.0449527
    -0.30985
   -0.616715
   -0.917639
    -1.20972
    -1.49016
    -1.75624
    -2.00541
    -2.23527
    -2.44359
    -2.62838
    -2.78786
    -2.92049
      -3.025
    -3.10037
    -3.14588
    -3.16109
    -3.14587
    -3.10034
    -3.02495
    -2.92044
     -2.7878
    -2.62831
    -2.44352
    -2.23519
    -2.00533
    -1.75616
    -1.49009
    -1.20966
   -0.917586
   -0.616676
    -0.30983
   0.0432982
   0.0861803
    0.128233
    0.169052
    0.208244
    0.245431
    0.280255
    0.312381
      0.3415
     0.36733
    0.389624
    0.408165
    0.422776
    0.433316
    0.439683
    0.441816
    0.439694
    0.433338
    0.422808
    0.408207
    0.389673
    0.367386
    0.341561
    0.312446
     0.28032
    0.245494
    0.208302
    0.169103
    0.128274
   0.0862088
   0.0433129
   -0.296112
   -0.589372
   -0.876955
    -1.15609
    -1.42409
    -1.67838
     -1.9165
    -2.13617
    -2.33526
    -2.51186
    -2.66427
    -2.79102
    -2.89089
    -2.96292
    -3.00641
    -3.02095
    -3.00639
    -2.96288
    -2.89084
    -2.79097
    -2.66421
    -2.51179
    -2.33519
    -2.13609
    -1.91642
    -1.67831
    -1.42403
    -1.15603
   -0.876906
   -0.589337
   -0.296094
   0.0416863
   0.0829723
     0.12346
     0.16276
    0.200494
    0.236298
    0.269827
    0.300758
    0.328794
    0.353664
    0.375129
    0.392982
    0.407051
      0.4172
    0.423332
    0.425387
    0.423346
    0.417227
     0.40709
    0.393032
    0.375188
    0.353731
    0.328866
    0.300834
    0.269903
    0.236372
    0.200562
     0.16282
    0.123508
    0.083006
   0.0417037
   -0.282678
   -0.562632
   -0.837169
    -1.10364
    -1.35949
    -1.60224
    -1.82956
    -2.03926
    -2.22931
     -2.3979
    -2.54339
    -2.66439
    -2.75973
    -2.82849
    -2.87001
    -2.88389
       -2.87
    -2.82847
    -2.75969
    -2.66435
    -2.54334
    -2.39784
    -2.22924
    -2.03918
    -1.82948
    -1.60217
    -1.35942
    -1.10358
   -0.837123
     -0.5626
   -0.282661
   0.0401048
   0.0798247
    0.118777
    0.156587
     0.19289
    0.227337
    0.259595
    0.289355
    0.316329
    0.340258
     0.36091
    0.378088
    0.391625
     0.40139
    0.407291
     0.40927
    0.407307
    0.401421
    0.391669
    0.378144
    0.360977
    0.340333
    0.316411
     0.28944
    0.259681
     0.22742
    0.192967
    0.156654
    0.118831
   0.0798629
   0.0401246
   -0.269546
   -0.536496
   -0.798279
    -1.05237
    -1.29633
     -1.5278
    -1.74456
    -1.94452
    -2.12575
    -2.28651
    -2.42524
    -2.54062
    -2.63153
     -2.6971
    -2.73669
    -2.74993
    -2.73668
    -2.69708
     -2.6315
    -2.54058
    -2.42519
    -2.28644
    -2.12568
    -1.94445
     -1.7445
    -1.52774
    -1.29627
    -1.05232
   -0.798236
   -0.536466
   -0.269531
   0.0385536
   0.0767375
    0.114184
    0.150532
    0.185433
    0.218548
    0.249561
    0.278172
    0.304105
    0.327111
    0.346967
    0.363482
    0.376497
    0.385886
     0.39156
    0.393463
    0.391577
     0.38592
    0.376545
    0.363543
    0.347039
    0.327193
    0.304194
    0.278265
    0.249655
     0.21864
    0.185517
    0.150607
    0.114244
   0.0767799
   0.0385757
   -0.256718
   -0.510962
   -0.760285
    -1.00229
    -1.23463
    -1.45509
    -1.66153
    -1.85197
    -2.02458
    -2.17768
    -2.30982
     -2.4197
    -2.50629
    -2.56873
    -2.60644
    -2.61905
    -2.60643
    -2.56871
    -2.50625
    -2.41966
    -2.30976
    -2.17762
    -2.02451
    -1.85191
    -1.66147
    -1.45503
    -1.23458
    -1.00224
   -0.760245
   -0.510934
   -0.256703
   0.0370336
   0.0737124
    0.109683
    0.144599
    0.178125
    0.209936
    0.239727
    0.267211
    0.292123
    0.314223
    0.333297
    0.349162
    0.361665
    0.370685
    0.376136
    0.377965
    0.376153
    0.370719
    0.361714
    0.349225
    0.333371
    0.314306
    0.292214
    0.267306
    0.239822
    0.210028
     0.17821
    0.144675
    0.109745
   0.0737563
   0.0370568
   -0.244191
   -0.486029
   -0.723186
   -0.953377
    -1.17439
    -1.38409
    -1.58045
     -1.7616
    -1.92578
    -2.07142
    -2.19711
    -2.30163
    -2.38399
    -2.44339
    -2.47926
    -2.49125
    -2.47925
    -2.44337
    -2.38396
    -2.30159
    -2.19706
    -2.07137
    -1.92573
    -1.76155
     -1.5804
    -1.38403
    -1.17434
   -0.953336
   -0.723151
   -0.486005
   -0.244178
   0.0355445
   0.0707487
    0.105274
    0.138787
    0.170965
    0.201498
    0.230091
    0.256471
    0.280382
    0.301593
    0.319901
    0.335129
    0.347129
    0.355787
    0.361019
    0.362775
    0.361036
     0.35582
    0.347177
     0.33519
    0.319973
    0.301675
     0.28047
    0.256562
    0.230183
    0.201587
    0.171047
     0.13886
    0.105334
    0.070792
   0.0355676
   -0.231967
   -0.461699
   -0.686984
   -0.905652
     -1.1156
     -1.3148
    -1.50134
    -1.67342
    -1.82938
    -1.96772
    -2.08712
    -2.18641
    -2.26465
    -2.32108
    -2.35515
    -2.36654
    -2.35514
    -2.32106
    -2.26462
    -2.18638
    -2.08708
    -1.96768
    -1.82934
    -1.67337
    -1.50129
    -1.31475
    -1.11555
   -0.905614
   -0.686952
   -0.461676
   -0.231955
   0.0340866
   0.0678466
    0.100955
    0.133092
     0.16395
     0.19323
     0.22065
    0.245947
    0.268877
    0.289218
    0.306775
    0.321378
    0.332886
    0.341189
    0.346206
     0.34789
    0.346222
     0.34122
    0.332932
    0.321436
    0.306844
    0.289297
    0.268962
    0.246036
    0.220739
    0.193316
     0.16403
    0.133163
    0.101013
   0.0678881
   0.0341088
   -0.220046
   -0.437971
   -0.651678
   -0.859108
    -1.05826
    -1.24723
    -1.42418
    -1.58742
    -1.73537
     -1.8666
    -1.97986
    -2.07405
    -2.14826
    -2.20179
    -2.23411
    -2.24492
     -2.2341
    -2.20177
    -2.14824
    -2.07402
    -1.97983
    -1.86656
    -1.73532
    -1.58737
    -1.42414
    -1.24719
    -1.05823
   -0.859074
    -0.65165
    -0.43795
   -0.220035
   0.0326591
   0.0650048
   0.0967256
    0.127516
     0.15708
    0.185132
    0.211404
    0.235641
    0.257609
    0.277098
    0.293919
     0.30791
    0.318936
    0.326891
    0.331698
     0.33331
    0.331713
     0.32692
    0.318979
    0.307965
    0.293985
    0.277173
     0.25769
    0.235725
    0.211489
    0.185216
    0.157157
    0.127584
   0.0967808
   0.0650443
   0.0326801
   -0.208426
   -0.414845
   -0.617269
   -0.813747
    -1.00239
    -1.18138
    -1.34899
    -1.50361
    -1.64374
    -1.76805
    -1.87533
    -1.96454
    -2.03484
    -2.08554
    -2.11616
    -2.12639
    -2.11615
    -2.08553
    -2.03482
    -1.96452
    -1.87529
    -1.76801
     -1.6437
    -1.50356
    -1.34895
    -1.18134
    -1.00235
   -0.813714
   -0.617242
   -0.414826
   -0.208417
   0.0312605
    0.062221
   0.0925832
    0.122055
    0.150353
    0.177203
     0.20235
    0.225548
    0.246576
     0.26523
    0.281331
    0.294722
    0.305277
    0.312891
    0.317492
    0.319036
    0.317508
    0.312921
     0.30532
    0.294779
    0.281398
    0.265306
    0.246659
    0.225635
    0.202437
    0.177289
    0.150431
    0.122124
   0.0926396
   0.0622612
   0.0312818
   -0.197112
   -0.392325
    -0.58376
   -0.769572
   -0.947973
    -1.11724
    -1.27575
    -1.42198
    -1.55451
    -1.67207
    -1.77352
     -1.8579
    -1.92438
    -1.97233
    -2.00128
    -2.01096
    -2.00127
    -1.97231
    -1.92436
    -1.85787
    -1.77349
    -1.67203
    -1.55447
    -1.42193
    -1.27571
     -1.1172
   -0.947934
   -0.769538
   -0.583732
   -0.392306
   -0.197102
   0.0298914
   0.0594959
   0.0885283
    0.116709
    0.143768
    0.169443
    0.193488
     0.21567
    0.235777
    0.253615
    0.269011
    0.281816
    0.291908
     0.29919
    0.303591
    0.305068
    0.303607
    0.299223
    0.291956
    0.281877
    0.269083
    0.253697
    0.235867
    0.215765
    0.193582
    0.169535
    0.143853
    0.116784
   0.0885887
   0.0595389
   0.0299141
   -0.186099
   -0.370406
   -0.551147
    -0.72658
   -0.895015
    -1.05483
    -1.20449
    -1.34254
    -1.46767
    -1.57866
    -1.67444
     -1.7541
    -1.81687
    -1.86214
    -1.88948
    -1.89861
    -1.88947
    -1.86212
    -1.81685
    -1.75407
    -1.67441
    -1.57861
    -1.46762
    -1.34249
    -1.20444
    -1.05478
   -0.894973
   -0.726545
    -0.55112
   -0.370389
   -0.186091
    0.028551
   0.0568283
   0.0845595
    0.111478
    0.137324
    0.161849
    0.184817
    0.206006
    0.225213
    0.242252
    0.256959
    0.269193
    0.278834
    0.285791
    0.289997
    0.291409
    0.290016
    0.285829
    0.278889
    0.269263
    0.257043
    0.242347
    0.225316
    0.206113
    0.184924
    0.161953
     0.13742
    0.111562
   0.0846278
    0.056877
   0.0285768
    -0.17539
   -0.349091
    -0.51943
   -0.684768
   -0.843511
    -0.99413
    -1.13518
    -1.26529
    -1.38321
    -1.48781
    -1.57809
    -1.65316
    -1.71232
    -1.75498
    -1.78074
    -1.78936
    -1.78073
    -1.75496
    -1.71229
    -1.65313
    -1.57805
    -1.48777
    -1.38317
    -1.26524
    -1.13513
   -0.994088
   -0.843474
   -0.684738
   -0.519408
   -0.349076
   -0.175383
   0.0272399
   0.0542192
   0.0806779
    0.106361
    0.131022
    0.154423
    0.176338
    0.196556
    0.214884
    0.231143
    0.245178
    0.256852
    0.266054
    0.272695
    0.276709
     0.27806
    0.276732
    0.272739
    0.266119
    0.256935
    0.245277
    0.231254
    0.215004
    0.196681
    0.176462
    0.154543
    0.131133
    0.106459
   0.0807569
   0.0542756
   0.0272698
   -0.164983
   -0.328378
    -0.48861
   -0.644137
   -0.793462
   -0.935145
    -1.06782
    -1.19021
    -1.30114
    -1.39954
    -1.48445
    -1.55507
    -1.61072
    -1.65085
    -1.67508
    -1.68318
    -1.67508
    -1.65084
     -1.6107
    -1.55505
    -1.48442
     -1.3995
     -1.3011
    -1.19017
    -1.06778
   -0.935109
   -0.793432
   -0.644114
   -0.488594
   -0.328368
   -0.164979
   0.0259583
   0.0516689
    0.076884
    0.101361
    0.124864
    0.147166
    0.168054
    0.187324
    0.204793
    0.220292
     0.23367
    0.244799
    0.253571
    0.259902
    0.263731
     0.26502
    0.263757
    0.259953
    0.253645
    0.244894
    0.233783
    0.220419
    0.204931
    0.187467
    0.168197
    0.147305
    0.124992
    0.101473
   0.0769757
   0.0517345
   0.0259932
   -0.154879
   -0.308266
   -0.458685
   -0.604687
   -0.744867
   -0.877872
    -1.00242
    -1.11732
    -1.22145
    -1.31382
    -1.39354
    -1.45983
    -1.51207
    -1.54975
     -1.5725
    -1.58011
     -1.5725
    -1.54974
    -1.51206
    -1.45982
    -1.39352
     -1.3138
    -1.22143
    -1.11729
     -1.0024
   -0.877853
   -0.744851
   -0.604677
   -0.458678
   -0.308262
   -0.154878
   0.0247064
    0.049178
   0.0731789
   0.0964776
     0.11885
     0.14008
    0.159965
     0.17831
    0.194941
    0.209697
    0.222435
    0.233031
    0.241385
    0.247414
    0.251061
     0.25229
    0.251089
     0.24747
    0.241467
    0.233137
    0.222561
     0.20984
    0.195097
    0.178473
    0.160128
    0.140239
    0.118997
   0.0966068
   0.0732842
   0.0492538
    0.024747
   -0.145077
   -0.288757
   -0.429656
   -0.566417
   -0.697724
   -0.822312
   -0.938979
     -1.0466
    -1.14415
    -1.23068
    -1.30535
    -1.36746
    -1.41639
    -1.45168
    -1.47299
    -1.48012
    -1.47299
    -1.45168
    -1.41638
    -1.36745
    -1.30535
    -1.23067
    -1.14415
     -1.0466
   -0.938981
   -0.822314
   -0.697728
   -0.566421
   -0.429659
    -0.28876
   -0.145079
   0.0234853
   0.0467482
   0.0695644
   0.0917141
    0.112984
    0.133168
    0.152074
    0.169517
     0.18533
     0.19936
    0.211473
    0.221549
    0.229494
    0.235228
    0.238698
    0.239869
    0.238729
     0.23529
    0.229584
    0.221666
    0.211612
    0.199518
    0.185501
    0.169696
    0.152254
    0.133344
    0.113147
   0.0918581
   0.0696824
   0.0468333
    0.023531
   -0.135578
   -0.269851
   -0.401525
   -0.529332
   -0.652042
   -0.768473
   -0.877502
   -0.978082
    -1.06924
    -1.15011
    -1.21989
    -1.27793
    -1.32366
    -1.35664
    -1.37656
    -1.38322
    -1.37657
    -1.35665
    -1.32367
    -1.27794
     -1.2199
    -1.15012
    -1.06926
   -0.978099
   -0.877521
    -0.76849
   -0.652058
   -0.529346
   -0.401536
    -0.26986
   -0.135583
   0.0222948
   0.0443793
   0.0660406
     0.08707
    0.107265
     0.12643
     0.14438
    0.160943
    0.175959
    0.189282
    0.200784
    0.210354
    0.217898
    0.223346
    0.226642
    0.227756
    0.226676
    0.223413
    0.217997
     0.21048
    0.200935
    0.189452
    0.176144
    0.161137
    0.144576
     0.12662
    0.107442
   0.0872274
     0.06617
    0.044473
   0.0223452
   -0.126382
   -0.251546
   -0.374289
   -0.493428
   -0.607814
   -0.716349
   -0.817985
   -0.911743
   -0.996721
     -1.0721
    -1.13716
    -1.19126
    -1.23389
    -1.26464
    -1.28321
    -1.28942
    -1.28321
    -1.26465
     -1.2339
    -1.19128
    -1.13718
    -1.07213
    -0.99675
   -0.911773
   -0.818014
   -0.716377
   -0.607841
   -0.493451
   -0.374308
    -0.25156
   -0.126389
   0.0211357
   0.0420724
   0.0626084
   0.0825458
    0.101692
    0.119863
    0.136883
    0.152588
    0.166826
     0.17946
    0.190367
    0.199442
    0.206598
    0.211765
    0.214893
    0.215951
    0.214929
    0.211837
    0.206703
    0.199577
    0.190528
    0.179642
    0.167024
    0.152795
    0.137093
    0.120067
    0.101883
   0.0827149
   0.0627475
   0.0421731
   0.0211898
   -0.117488
   -0.233845
   -0.347951
   -0.458707
   -0.565047
   -0.665945
    -0.76043
   -0.847593
   -0.926594
    -0.99667
    -1.05715
    -1.10745
    -1.14708
    -1.17566
    -1.19293
     -1.1987
    -1.19293
    -1.17567
    -1.14709
    -1.10747
    -1.05717
   -0.996699
   -0.926625
   -0.847625
   -0.760463
   -0.665976
   -0.565077
   -0.458734
   -0.347973
   -0.233861
   -0.117497
   0.0200071
   0.0398263
   0.0592665
   0.0781405
   0.0962662
    0.113469
    0.129582
    0.144451
    0.157932
    0.169894
    0.180221
    0.188815
    0.195592
    0.200486
    0.203449
    0.204453
    0.203488
    0.200562
    0.195703
    0.188959
    0.180393
    0.170087
    0.158142
    0.144671
    0.129805
    0.113686
   0.0964691
   0.0783205
   0.0594146
   0.0399334
   0.0200647
   -0.108897
   -0.216746
    -0.32251
   -0.425169
   -0.523734
   -0.617257
   -0.704835
   -0.785626
   -0.858851
   -0.923805
   -0.979862
    -1.02648
    -1.06322
    -1.08971
    -1.10571
    -1.11107
    -1.10572
    -1.08972
    -1.06323
     -1.0265
   -0.979887
   -0.923831
   -0.858879
   -0.785655
   -0.704866
   -0.617288
   -0.523763
   -0.425195
   -0.322532
   -0.216763
   -0.108906
   0.0189085
   0.0376399
   0.0560136
   0.0738526
   0.0909847
    0.107245
    0.122476
    0.136531
    0.149274
    0.160582
    0.170346
    0.178472
    0.184879
    0.189507
    0.192311
    0.193262
    0.192352
    0.189589
    0.184999
    0.178625
     0.17053
    0.160791
    0.149501
    0.136768
    0.122716
    0.107478
   0.0912028
   0.0740458
   0.0561724
   0.0377546
     0.01897
   -0.100609
   -0.200251
   -0.297966
   -0.392813
   -0.483878
   -0.570283
   -0.651197
    -0.72584
   -0.793493
   -0.853504
   -0.905297
   -0.948369
   -0.982308
    -1.00679
    -1.02157
    -1.02652
    -1.02157
     -1.0068
   -0.982322
   -0.948385
   -0.905314
   -0.853524
   -0.793514
   -0.725862
    -0.65122
   -0.570306
     -0.4839
   -0.392835
   -0.297985
   -0.200265
   -0.100618
   0.0178401
   0.0355135
   0.0528498
   0.0696821
    0.085848
    0.101191
    0.115564
    0.128828
    0.140854
    0.151527
    0.160742
    0.168412
    0.174461
     0.17883
    0.181479
    0.182379
    0.181523
    0.178918
    0.174589
    0.168578
    0.160941
    0.151752
    0.141099
    0.129085
    0.115824
    0.101444
   0.0860838
   0.0698908
   0.0530209
   0.0356367
   0.0179059
  -0.0926239
   -0.184357
   -0.274317
   -0.361637
   -0.445475
   -0.525023
   -0.599515
   -0.668235
   -0.730518
   -0.785767
   -0.833448
   -0.873102
   -0.904348
   -0.926885
   -0.940495
   -0.945047
   -0.940499
   -0.926892
   -0.904357
   -0.873113
    -0.83346
    -0.78578
   -0.730533
    -0.66825
   -0.599532
    -0.52504
   -0.445492
   -0.361654
   -0.274333
    -0.18437
  -0.0926315
   0.0168014
   0.0334464
   0.0497745
   0.0656284
   0.0808552
   0.0953079
    0.108847
    0.121342
    0.132671
    0.142726
    0.151409
    0.158637
    0.164338
    0.168457
    0.170955
    0.171807
    0.171004
    0.168554
    0.164479
    0.158819
    0.151627
    0.142972
    0.132938
    0.121621
    0.109128
   0.0955816
   0.0811102
   0.0658538
    0.049959
   0.0335792
   0.0168723
  -0.0849416
   -0.169067
   -0.251565
   -0.331642
   -0.408526
   -0.481475
   -0.549788
   -0.612807
   -0.669925
   -0.720591
   -0.764317
   -0.800682
   -0.829336
   -0.850003
   -0.862483
   -0.866657
   -0.862485
   -0.850006
    -0.82934
   -0.800687
   -0.764324
     -0.7206
   -0.669936
    -0.61282
   -0.549802
   -0.481489
    -0.40854
   -0.331656
   -0.251578
   -0.169077
  -0.0849481
   0.0157928
   0.0314393
   0.0467885
   0.0616925
   0.0760076
   0.0895956
    0.102325
    0.114074
    0.124728
    0.134183
     0.14235
    0.149148
    0.154512
    0.158389
    0.160741
    0.161546
    0.160795
    0.158495
    0.154667
    0.149348
    0.142588
    0.134452
    0.125018
    0.114377
     0.10263
   0.0898917
    0.076283
   0.0619355
   0.0469872
   0.0315821
    0.015869
  -0.0775611
   -0.154377
   -0.229707
   -0.302826
   -0.373029
    -0.43964
   -0.502017
    -0.55956
   -0.611714
   -0.657978
   -0.697904
    -0.73111
   -0.757274
   -0.776145
    -0.78754
   -0.791351
    -0.78754
   -0.776145
   -0.757274
   -0.731111
   -0.697907
   -0.657982
   -0.611721
   -0.559569
   -0.502028
   -0.439651
   -0.373041
   -0.302838
   -0.229718
   -0.154386
   -0.077567
   0.0148146
   0.0294928
   0.0438928
    0.057876
   0.0713073
   0.0840573
   0.0960028
    0.107028
    0.117027
    0.125902
    0.133569
    0.139951
    0.144988
    0.148629
    0.150841
      0.1516
    0.150898
    0.148743
    0.145153
    0.140164
    0.133823
    0.126189
    0.117338
    0.107352
   0.0963285
   0.0843732
    0.071601
   0.0581348
   0.0441044
   0.0296449
   0.0148959
  -0.0704826
   -0.140288
   -0.208743
   -0.275188
   -0.338984
   -0.399515
   -0.456199
   -0.508491
   -0.555884
   -0.597924
   -0.634206
   -0.664379
   -0.688154
   -0.705302
   -0.715658
   -0.719122
    -0.71566
   -0.705305
   -0.688158
   -0.664384
   -0.634212
   -0.597932
   -0.555893
   -0.508502
   -0.456211
   -0.399528
   -0.338997
   -0.275201
   -0.208754
   -0.140297
  -0.0704882
   0.0138674
    0.027608
    0.041089
   0.0541806
   0.0667564
    0.078695
   0.0898812
    0.100207
    0.109572
    0.117885
    0.125067
    0.131047
    0.135766
     0.13918
    0.141254
    0.141968
    0.141314
    0.139298
    0.135939
    0.131269
    0.125333
    0.118186
    0.109898
    0.100547
   0.0902238
   0.0790272
    0.067065
   0.0544527
   0.0413115
   0.0277681
   0.0139531
  -0.0637056
   -0.126799
   -0.188672
   -0.248728
   -0.306389
     -0.3611
   -0.412334
   -0.459596
   -0.502432
    -0.54043
   -0.573223
   -0.600495
   -0.621985
   -0.637484
   -0.646845
   -0.649976
   -0.646848
    -0.63749
   -0.621992
   -0.600505
   -0.573234
   -0.540443
   -0.502447
   -0.459611
   -0.412349
   -0.361116
   -0.306405
   -0.248742
   -0.188684
   -0.126808
  -0.0637113
   0.0129525
   0.0257871
   0.0383803
   0.0506103
   0.0623592
   0.0735135
   0.0839653
   0.0936135
    0.102365
    0.110134
    0.116846
    0.122435
    0.126848
     0.13004
    0.131981
     0.13265
    0.132042
    0.130161
    0.127025
    0.122663
    0.117118
    0.110442
    0.102698
   0.0939616
   0.0843158
   0.0738536
   0.0626755
   0.0508894
   0.0386089
    0.025952
   0.0130408
    -0.05723
    -0.11391
   -0.169493
   -0.223444
   -0.275244
   -0.324393
   -0.370419
   -0.412878
    -0.45136
   -0.485496
   -0.514957
   -0.539458
   -0.558764
   -0.572689
   -0.581099
   -0.583913
   -0.581103
   -0.572697
   -0.558775
   -0.539472
   -0.514975
   -0.485516
   -0.451382
     -0.4129
   -0.370441
   -0.324415
   -0.275265
   -0.223462
   -0.169508
   -0.113921
  -0.0572361
   0.0120698
   0.0240306
    0.035767
   0.0471656
   0.0581163
   0.0685133
   0.0782558
   0.0872496
   0.0954075
    0.102651
    0.108908
     0.11412
    0.118235
    0.121212
    0.123023
    0.123649
    0.123084
    0.121333
    0.118411
    0.114347
     0.10918
    0.102957
   0.0957403
   0.0875971
   0.0786059
   0.0688532
   0.0584328
   0.0474454
   0.0359967
   0.0241967
    0.012159
  -0.0510562
   -0.101621
   -0.151208
   -0.199339
    -0.24555
   -0.289398
   -0.330459
   -0.368338
    -0.40267
   -0.433124
   -0.459408
   -0.481267
   -0.498491
   -0.510914
   -0.518417
   -0.520928
   -0.518422
   -0.510923
   -0.498504
   -0.481283
   -0.459427
   -0.433147
   -0.402694
   -0.368364
   -0.330485
   -0.289423
   -0.245574
   -0.199359
   -0.151225
   -0.101633
  -0.0510625
   0.0112201
   0.0223388
   0.0332492
   0.0438459
   0.0540265
   0.0636926
   0.0727508
   0.0811131
   0.0886986
   0.0954337
    0.101253
      0.1061
    0.109927
    0.112697
    0.114383
    0.114967
    0.114443
    0.112816
    0.110101
    0.106324
     0.10152
   0.0957355
   0.0890259
   0.0814549
   0.0730953
   0.0640274
   0.0543385
   0.0441217
   0.0334756
   0.0225025
    0.011308
  -0.0451834
  -0.0899324
   -0.133816
   -0.176412
   -0.217309
   -0.256114
   -0.292453
   -0.325976
    -0.35636
   -0.383313
   -0.406574
   -0.425919
   -0.441163
   -0.452159
   -0.458799
   -0.461022
   -0.458804
   -0.452167
   -0.441176
   -0.425936
   -0.406594
   -0.383335
   -0.356385
   -0.326003
    -0.29248
    -0.25614
   -0.217334
   -0.176434
   -0.133834
  -0.0899454
  -0.0451904
   0.0104026
   0.0207112
   0.0308266
   0.0406512
   0.0500902
   0.0590525
   0.0674514
   0.0752053
   0.0822393
    0.088485
   0.0938817
   0.0983771
    0.101927
    0.104497
    0.106061
    0.106604
     0.10612
    0.104612
    0.102096
   0.0985941
   0.0941406
   0.0887778
   0.0825568
    0.075537
   0.0677857
   0.0593775
   0.0503932
   0.0409191
   0.0310463
   0.0208699
   0.0104878
  -0.0396124
  -0.0788444
   -0.117318
   -0.154662
   -0.190518
    -0.22454
     -0.2564
   -0.285791
   -0.312429
   -0.336059
   -0.356453
   -0.373414
    -0.38678
    -0.39642
   -0.402242
   -0.404191
   -0.402247
   -0.396428
   -0.386792
    -0.37343
   -0.356472
   -0.336081
   -0.312453
   -0.285815
   -0.256425
   -0.224565
   -0.190542
   -0.154684
   -0.117336
  -0.0788574
  -0.0396195
  0.00961683
    0.019147
   0.0284985
   0.0375814
   0.0463078
   0.0545937
   0.0623587
   0.0695277
   0.0760311
   0.0818058
   0.0867957
   0.0909523
   0.0942351
   0.0966119
   0.0980592
   0.0985623
   0.0981158
   0.0967233
    0.094398
   0.0911617
   0.0870454
   0.0820882
   0.0763374
   0.0698478
   0.0626816
   0.0549077
   0.0466007
   0.0378403
   0.0287109
   0.0193003
   0.0096991
  -0.0343432
  -0.0683569
   -0.101713
   -0.134091
   -0.165179
   -0.194676
   -0.222299
   -0.247781
   -0.270878
   -0.291365
   -0.309047
   -0.323753
   -0.335341
   -0.343699
   -0.348747
   -0.350436
    -0.34875
   -0.343706
   -0.335351
   -0.323766
   -0.309063
   -0.291383
   -0.270897
   -0.247801
   -0.222319
   -0.194697
   -0.165198
    -0.13411
   -0.101729
  -0.0683686
  -0.0343498
  0.00886296
   0.0176462
    0.026265
   0.0346362
    0.042679
   0.0503157
   0.0574725
     0.06408
   0.0700741
   0.0753966
   0.0799958
    0.083827
    0.086853
   0.0890442
    0.090379
   0.0908437
   0.0904334
   0.0891513
   0.0870095
   0.0840281
   0.0802356
   0.0756677
   0.0703682
   0.0643876
   0.0577831
    0.050618
    0.042961
   0.0348856
   0.0264696
   0.0177939
  0.00894214
  -0.0293757
  -0.0584699
  -0.0870023
   -0.114698
    -0.14129
   -0.166521
    -0.19015
   -0.211947
   -0.231704
   -0.249229
   -0.264354
   -0.276933
   -0.286845
   -0.293995
   -0.298313
   -0.299757
   -0.298315
   -0.293999
   -0.286853
   -0.276943
   -0.264366
   -0.249243
   -0.231719
   -0.211963
   -0.190166
   -0.166538
   -0.141306
   -0.114713
  -0.0870158
  -0.0584806
  -0.0293821
  0.00814095
   0.0162086
   0.0241251
   0.0318142
   0.0392017
   0.0462165
   0.0527906
   0.0588603
   0.0643668
   0.0692565
   0.0734819
   0.0770021
   0.0797827
   0.0817965
   0.0830239
   0.0834521
   0.0830766
   0.0819005
   0.0799345
   0.0771974
   0.0737148
   0.0695198
   0.0646524
   0.0591589
    0.053092
   0.0465096
   0.0394748
   0.0320553
   0.0243225
   0.0163507
  0.00821692
  -0.0247102
  -0.0491837
   -0.073185
  -0.0964823
   -0.118851
   -0.140076
   -0.159952
   -0.178288
   -0.194908
    -0.20965
   -0.222373
   -0.232954
   -0.241292
   -0.247307
   -0.250939
   -0.252154
    -0.25094
   -0.247309
   -0.241297
    -0.23296
    -0.22238
   -0.209659
   -0.194918
     -0.1783
   -0.159965
    -0.14009
   -0.118865
  -0.0964959
  -0.0731973
  -0.0491938
  -0.0247162
  0.00745065
   0.0148341
   0.0220791
    0.029116
    0.035877
    0.042297
    0.048314
   0.0538698
   0.0589103
   0.0633865
   0.0672549
    0.070478
   0.0730244
   0.0748691
   0.0759939
   0.0763875
   0.0760456
   0.0749709
   0.0731733
   0.0706695
   0.0674831
   0.0636445
   0.0591899
   0.0541619
   0.0486085
   0.0425829
   0.0361428
     0.02935
     0.02227
    0.014971
   0.0075236
  -0.0203459
  -0.0404973
  -0.0602599
   -0.079443
  -0.0978618
   -0.115338
   -0.131705
   -0.146803
   -0.160487
   -0.172626
   -0.183102
   -0.191815
   -0.198681
   -0.203633
   -0.206623
   -0.207623
   -0.206624
   -0.203635
   -0.198684
    -0.19182
   -0.183108
   -0.172633
   -0.160496
   -0.146813
   -0.131716
   -0.115351
  -0.0978751
  -0.0794563
  -0.0602722
  -0.0405074
   -0.020352
  0.00679141
   0.0135219
   0.0201264
   0.0265416
   0.0327054
   0.0385586
   0.0440446
   0.0491103
   0.0537065
   0.0577886
   0.0613169
   0.0642572
   0.0665806
   0.0682643
   0.0692917
   0.0696523
   0.0693421
   0.0683638
   0.0667261
   0.0644443
   0.0615399
   0.0580404
    0.053979
   0.0493945
   0.0443307
    0.038836
    0.032963
   0.0267683
   0.0203113
   0.0136545
  0.00686203
   -0.016283
  -0.0324106
  -0.0482272
  -0.0635801
  -0.0783214
  -0.0923086
   -0.105407
   -0.117491
   -0.128442
   -0.138157
   -0.146542
   -0.153515
   -0.159009
   -0.162972
   -0.165365
   -0.166166
   -0.165367
   -0.162974
   -0.159013
    -0.15352
   -0.146549
   -0.138166
   -0.128452
   -0.117502
    -0.10542
  -0.0923225
  -0.0783357
  -0.0635943
  -0.0482403
  -0.0324212
  -0.0162894
  0.00616374
   0.0122726
   0.0182677
   0.0240911
   0.0296868
   0.0350008
   0.0399818
   0.0445813
    0.048755
   0.0524624
   0.0556674
   0.0583388
   0.0604502
   0.0619809
   0.0629155
   0.0632447
   0.0629647
   0.0620778
    0.060592
   0.0585211
   0.0558845
   0.0527073
   0.0490197
    0.044857
   0.0402587
   0.0352691
   0.0299359
   0.0243104
   0.0184465
   0.0124009
  0.00623213
  -0.0125212
  -0.0249231
  -0.0370861
  -0.0488925
  -0.0602287
  -0.0709851
   -0.081058
  -0.0903503
  -0.0987724
   -0.106243
   -0.112691
   -0.118053
   -0.122278
   -0.125326
   -0.127167
   -0.127783
   -0.127169
    -0.12533
   -0.122284
   -0.118061
   -0.112701
   -0.106255
  -0.0987861
  -0.0903654
  -0.0810742
   -0.071002
  -0.0602457
  -0.0489089
  -0.0371008
  -0.0249348
  -0.0125281
  0.00556828
   0.0110874
   0.0165042
   0.0217664
   0.0268233
    0.031626
    0.036128
   0.0402857
   0.0440587
   0.0474105
   0.0503083
   0.0527238
   0.0546334
    0.056018
    0.056864
   0.0571625
   0.0569105
   0.0561098
   0.0547676
   0.0528965
   0.0505141
   0.0476428
   0.0443101
   0.0405476
   0.0363914
   0.0318814
   0.0270606
   0.0219755
   0.0166749
   0.0112101
  0.00563375
 -0.00906081
  -0.0180352
  -0.0268366
  -0.0353801
  -0.0435831
  -0.0513667
  -0.0586557
  -0.0653801
   -0.071475
  -0.0768816
   -0.081548
  -0.0854291
  -0.0884875
  -0.0906939
   -0.092027
   -0.092474
  -0.0920304
  -0.0907005
  -0.0884971
  -0.0854415
  -0.0815631
  -0.0768991
  -0.0714944
  -0.0654009
  -0.0586773
  -0.0513882
  -0.0436039
  -0.0353991
  -0.0268529
  -0.0180475
  -0.0090677
  0.00500489
  0.00996602
   0.0148356
   0.0195669
    0.024114
    0.028433
   0.0324819
   0.0362214
   0.0396152
   0.0426302
    0.045237
     0.04741
   0.0491279
   0.0503738
   0.0511351
   0.0514042
    0.051178
   0.0504584
   0.0492519
   0.0475697
   0.0454276
   0.0428459
    0.039849
   0.0364657
   0.0327281
   0.0286721
   0.0243366
   0.0197634
   0.0149964
   0.0100818
  0.00506681
 -0.00590118
  -0.0117461
  -0.0174783
  -0.0230425
  -0.0283851
  -0.0334545
  -0.0382021
   -0.042582
  -0.0465521
  -0.0500741
  -0.0531142
   -0.055643
   -0.057636
  -0.0590742
  -0.0599434
  -0.0602354
  -0.0599474
  -0.0590819
  -0.0576474
  -0.0556577
  -0.0531319
  -0.0500943
  -0.0465743
  -0.0426055
   -0.038226
  -0.0334781
  -0.0284073
  -0.0230624
  -0.0174949
  -0.0117582
 -0.00590777
  0.00447481
   0.0089105
   0.0132644
   0.0174946
   0.0215602
   0.0254219
   0.0290422
    0.032386
   0.0354207
   0.0381169
    0.040448
   0.0423914
   0.0439279
   0.0450423
   0.0457235
   0.0459644
   0.0457625
   0.0451192
   0.0440405
   0.0425363
   0.0406209
   0.0383123
   0.0356325
   0.0326072
   0.0292651
   0.0256384
   0.0217617
   0.0176725
   0.0134101
  0.00901553
   0.0045311
 -0.00304147
 -0.00605429
 -0.00900937
  -0.0118782
  -0.0146331
  -0.0172474
  -0.0196959
   -0.021955
  -0.0240029
  -0.0258199
  -0.0273884
  -0.0286933
  -0.0297219
  -0.0304644
  -0.0309136
   -0.031065
  -0.0309173
  -0.0304718
  -0.0297328
  -0.0287072
  -0.0274051
  -0.0258389
  -0.0240237
   -0.021977
  -0.0197183
  -0.0172695
   -0.014654
  -0.0118971
 -0.00902521
 -0.00606602
 -0.00304793
  0.00397678
  0.00791865
   0.0117877
   0.0155465
   0.0191589
   0.0225899
   0.0258064
   0.0287771
   0.0314732
   0.0338684
   0.0359395
   0.0376661
   0.0390312
   0.0400213
   0.0406266
   0.0408407
   0.0406612
   0.0400896
    0.039131
   0.0377942
    0.036092
   0.0340405
   0.0316593
   0.0289712
   0.0260018
   0.0227795
   0.0193353
   0.0157022
   0.0119153
  0.00801079
   0.0040263
-0.000482504
 -0.00096107
 -0.00143102
 -0.00188782
 -0.00232698
 -0.00274416
 -0.00313528
 -0.00349645
 -0.00382413
 -0.00411513
 -0.00436658
 -0.00457605
 -0.00474146
 -0.00486119
 -0.00493408
 -0.00495944
 -0.00493702
 -0.00486694
 -0.00474983
 -0.00458679
 -0.00437943
 -0.00412974
 -0.00384013
  -0.0035134
 -0.00315267
 -0.00276148
 -0.00234359
 -0.00190304
 -0.00144405
-0.000970937
-0.000488116
  0.00350957
  0.00698785
   0.0104014
   0.0137175
   0.0169042
   0.0199309
   0.0227682
   0.0253886
   0.0277667
   0.0298794
   0.0317062
    0.033229
    0.034433
   0.0353062
   0.0358398
   0.0360285
     0.03587
   0.0353656
     0.03452
   0.0333409
   0.0318394
   0.0300299
   0.0279296
   0.0255585
   0.0229392
   0.0200968
   0.0170586
   0.0138537
   0.0105128
  0.00706806
  0.00355255
  0.00177586
   0.0035339
  0.00525725
  0.00692939
  0.00853428
   0.0100566
   0.0114816
   0.0127959
   0.0139867
   0.0150427
   0.0159538
   0.0167113
   0.0173079
   0.0177381
   0.0179975
   0.0180839
   0.0179962
   0.0177355
   0.0173042
   0.0167064
   0.0159478
   0.0150358
   0.0139791
   0.0127877
   0.0114732
   0.0100479
  0.00852561
  0.00692096
  0.00524945
   0.0035274
  0.00177172
  0.00307257
  0.00611718
  0.00910455
   0.0120065
   0.0147949
   0.0174432
   0.0199258
   0.0222185
   0.0242991
   0.0261476
   0.0277456
   0.0290778
   0.0301309
   0.0308946
   0.0313612
    0.031526
   0.0313872
    0.030946
   0.0302062
   0.0291748
   0.0278616
   0.0262788
   0.0244415
   0.0223672
   0.0200757
   0.0175888
   0.0149303
   0.0121257
  0.00920184
  0.00618689
  0.00310975
  0.00373429
   0.0074319
   0.0110573
   0.0145757
   0.0179532
   0.0211574
   0.0241576
   0.0269249
   0.0294327
    0.031657
   0.0335765
   0.0351727
   0.0364303
   0.0373374
   0.0378852
   0.0380685
   0.0378854
   0.0373377
   0.0364306
   0.0351729
   0.0335765
   0.0316569
   0.0294324
   0.0269242
   0.0241566
   0.0211559
    0.017951
   0.0145727
   0.0110536
  0.00742803
  0.00373126
  0.00266438
  0.00530433
  0.00789437
   0.0104102
   0.0128275
   0.0151233
   0.0172752
   0.0192626
   0.0210662
   0.0226685
   0.0240538
   0.0252088
   0.0261219
   0.0267842
   0.0271891
   0.0273325
   0.0272128
   0.0268309
   0.0261902
   0.0252968
   0.0241589
   0.0227874
   0.0211951
   0.0193971
   0.0174107
   0.0152545
   0.0129494
   0.0105173
  0.00798167
  0.00536673
  0.00269762
  0.00539322
   0.0107338
   0.0159703
   0.0210526
   0.0259317
   0.0305607
   0.0348952
   0.0388935
   0.0425171
   0.0457313
   0.0485053
   0.0508123
   0.0526302
   0.0539415
   0.0547336
   0.0549989
   0.0547348
   0.0539439
   0.0526337
   0.0508167
   0.0485102
   0.0457365
   0.0425221
    0.038898
   0.0348989
   0.0305633
   0.0259329
   0.0210522
   0.0159684
   0.0107309
   0.0053905
  0.00228539
  0.00454968
  0.00677099
  0.00892857
   0.0110016
   0.0129704
   0.0148159
   0.0165203
   0.0180672
   0.0194415
     0.02063
    0.021621
   0.0224049
   0.0229738
   0.0233221
   0.0234462
   0.0233447
   0.0230183
     0.02247
   0.0217047
   0.0207297
   0.0195539
   0.0181887
   0.0166468
   0.0149429
   0.0130932
   0.0111153
   0.0090282
  0.00685193
  0.00460736
  0.00231605
   0.0067533
   0.0134408
   0.0199984
   0.0263628
   0.0324731
   0.0382703
   0.0436987
   0.0487062
   0.0532445
   0.0572701
   0.0607443
   0.0636337
   0.0659105
   0.0675528
   0.0685446
   0.0688765
   0.0685453
   0.0675543
   0.0659129
   0.0636368
   0.0607477
   0.0572734
   0.0532474
   0.0487083
   0.0436999
   0.0382703
   0.0324718
   0.0263603
   0.0199946
   0.0134365
  0.00674973
  0.00193474
  0.00385187
  0.00573277
  0.00755992
  0.00931569
   0.0109833
   0.0125468
   0.0139909
   0.0153019
   0.0164669
   0.0174746
   0.0183153
   0.0189807
   0.0194641
   0.0197607
   0.0198675
   0.0197831
   0.0195082
    0.019045
   0.0183979
   0.0175727
   0.0165773
    0.015421
   0.0141148
   0.0126709
   0.0111032
  0.00942658
  0.00765711
  0.00581176
  0.00390825
  0.00196481
  0.00781496
   0.0155541
    0.023143
   0.0305087
   0.0375803
   0.0442896
   0.0505722
   0.0563675
   0.0616198
   0.0662786
   0.0702991
   0.0736427
   0.0762773
   0.0781773
   0.0793244
   0.0797074
   0.0793229
   0.0781745
   0.0762734
   0.0736376
   0.0702927
   0.0662709
   0.0616108
   0.0563575
   0.0505614
   0.0442785
   0.0375691
   0.0304979
    0.023133
   0.0155457
  0.00780952
  0.00161311
  0.00321191
  0.00478085
  0.00630534
  0.00777066
  0.00916284
   0.0104684
   0.0116748
   0.0127703
   0.0137443
   0.0145873
    0.015291
   0.0158485
   0.0162542
   0.0165041
   0.0165954
   0.0165271
   0.0162994
   0.0159143
   0.0153753
   0.0146873
   0.0138567
   0.0128915
   0.0118006
   0.0105944
   0.0092844
   0.0078831
  0.00640391
  0.00486103
  0.00326924
  0.00164377
  0.00857893
   0.0170748
   0.0254059
    0.033492
   0.0412552
   0.0486207
   0.0555176
   0.0618794
   0.0676449
   0.0727586
   0.0771714
   0.0808409
   0.0837319
   0.0858163
   0.0870742
   0.0874932
   0.0870695
   0.0858073
   0.0837188
   0.0808242
   0.0771513
   0.0727357
   0.0676198
   0.0618531
   0.0554911
    0.048595
   0.0412311
   0.0334705
   0.0253878
   0.0170611
  0.00857096
  0.00132076
   0.0026305
  0.00391641
  0.00516646
  0.00636856
  0.00751119
  0.00858327
  0.00957442
    0.010475
   0.0112761
   0.0119701
   0.0125499
   0.0130099
   0.0133454
   0.0135529
   0.0136301
   0.0135762
   0.0133912
   0.0130768
   0.0126357
    0.012072
    0.011391
   0.0105989
  0.00970335
  0.00871273
  0.00763643
  0.00648472
  0.00526864
  0.00399984
  0.00269045
  0.00135296
  0.00904634
    0.018005
   0.0267898
   0.0353161
   0.0435019
   0.0512682
   0.0585403
   0.0652479
   0.0713263
    0.076717
   0.0813681
   0.0852352
    0.088281
   0.0904762
      0.0918
   0.0922396
   0.0917909
   0.0904584
    0.088255
   0.0852021
   0.0813291
   0.0766734
   0.0712798
   0.0652003
   0.0584935
   0.0512239
   0.0434615
   0.0352811
   0.0267613
   0.0179844
  0.00903499
   0.0010582
   0.0021084
   0.0031403
  0.00414415
   0.0051102
  0.00602913
  0.00689198
  0.00769029
  0.00841623
  0.00906264
  0.00962312
   0.0100921
   0.0104647
   0.0107373
   0.0109068
   0.0109714
   0.0109303
   0.0107836
   0.0105325
   0.0101792
  0.00972696
  0.00917992
  0.00854319
   0.0078228
  0.00702553
  0.00615884
  0.00523098
  0.00425085
   0.0032278
  0.00217159
  0.00109227
   0.0092172
   0.0183449
   0.0272951
   0.0359816
   0.0443208
   0.0522325
   0.0596405
    0.066473
   0.0726643
   0.0781547
   0.0828912
   0.0868287
   0.0899295
    0.092164
   0.0935107
   0.0939569
   0.0934984
   0.0921399
   0.0898945
    0.086784
   0.0828383
   0.0780955
   0.0726014
   0.0664088
   0.0595774
   0.0521729
   0.0442666
   0.0359346
   0.0272572
   0.0183178
  0.00920271
  0.00082577
  0.00164634
  0.00245363
  0.00323982
  0.00399721
  0.00471837
  0.00539623
  0.00602401
  0.00659547
  0.00710486
  0.00754705
  0.00791763
   0.0082128
  0.00842951
  0.00856542
  0.00861894
  0.00858932
  0.00847662
  0.00828172
  0.00800632
  0.00765287
   0.0072246
  0.00672547
  0.00616015
  0.00553393
  0.00485264
  0.00412273
  0.00335119
  0.00254535
   0.0017129
 0.000861764
  0.00909337
   0.0180976
   0.0269259
   0.0354933
   0.0437173
    0.051519
   0.0588232
   0.0655596
   0.0716636
   0.0770764
   0.0817459
   0.0856277
   0.0886844
   0.0908868
    0.092214
   0.0926533
   0.0922006
   0.0908604
   0.0886458
   0.0855781
   0.0816869
   0.0770098
   0.0715918
   0.0654852
   0.0587487
   0.0514471
   0.0436509
   0.0354349
   0.0268783
   0.0180634
  0.00907513
 0.000623626
  0.00124455
  0.00185661
  0.00245362
  0.00302967
  0.00357896
  0.00409601
  0.00457553
  0.00501264
   0.0054028
  0.00574201
  0.00602691
  0.00625456
  0.00642263
  0.00652926
   0.0065731
  0.00655351
  0.00647047
  0.00632458
  0.00611701
  0.00584958
  0.00552469
   0.0051453
   0.0047149
  0.00423745
  0.00371738
  0.00315958
  0.00256934
  0.00195229
  0.00131429
 0.000661442
  0.00867354
   0.0172613
   0.0256804
   0.0338501
   0.0416916
   0.0491299
   0.0560934
   0.0625154
   0.0683343
   0.0734942
   0.0779456
    0.081646
   0.0845599
   0.0866594
   0.0879244
   0.0883429
   0.0879111
   0.0866331
   0.0845213
   0.0815963
   0.0778861
   0.0734266
   0.0682607
   0.0624383
   0.0560152
   0.0490535
   0.0416201
   0.0337865
   0.0256282
   0.0172235
  0.00865336
 0.000452906
 0.000904756
  0.00135108
  0.00178729
  0.00220901
  0.00261194
  0.00299198
   0.0033452
  0.00366792
  0.00395671
  0.00420855
  0.00442086
   0.0045914
  0.00471836
  0.00480029
  0.00483612
  0.00482529
  0.00476766
  0.00466358
  0.00451386
  0.00431976
    0.004083
  0.00380569
   0.0034903
  0.00313968
  0.00275689
  0.00234539
  0.00190883
  0.00145133
 0.000977442
  0.00049189
   0.0079582
   0.0158368
   0.0235599
   0.0310537
   0.0382463
   0.0450688
   0.0514558
    0.057346
    0.062683
   0.0674157
   0.0714986
   0.0748927
   0.0775654
   0.0794911
   0.0806515
   0.0810355
   0.0806395
   0.0794675
   0.0775306
   0.0748478
   0.0714448
   0.0673544
   0.0626161
   0.0572755
    0.051384
   0.0449982
   0.0381797
    0.030994
   0.0235102
   0.0158003
  0.00793842
 0.000312892
 0.000625975
 0.000936139
  0.00124013
  0.00153485
  0.00181725
  0.00208443
  0.00233358
  0.00256207
  0.00276742
   0.0029474
  0.00310008
  0.00322377
  0.00331707
  0.00337888
  0.00340836
  0.00340498
  0.00336852
  0.00329911
  0.00319725
  0.00306377
  0.00289979
  0.00270673
  0.00248619
  0.00224006
  0.00197024
  0.00167896
  0.00136845
  0.00104159
  0.00070192
 0.000353134
   0.0069494
   0.0138283
   0.0205707
   0.0271125
   0.0333911
   0.0393466
   0.0449219
   0.0500636
   0.0547224
   0.0588537
   0.0624179
   0.0653809
   0.0677142
   0.0693956
   0.0704088
   0.0707444
   0.0703991
   0.0693763
   0.0676858
   0.0653441
   0.0623736
    0.058803
   0.0546668
   0.0500046
   0.0448614
   0.0392866
   0.0333339
   0.0270605
   0.0205267
   0.0137954
   0.0069312
 0.000203215
 0.000407622
 0.000611177
 0.000811658
  0.00100699
  0.00119512
  0.00137405
  0.00154186
  0.00169672
  0.00183686
  0.00196069
  0.00206682
  0.00215402
  0.00222129
  0.00226776
  0.00229279
  0.00229591
  0.00227685
  0.00223556
  0.00217212
  0.00208688
  0.00198023
  0.00185298
  0.00170612
  0.00154078
  0.00135817
  0.00115969
 0.000946864
 0.000721644
  0.00048666
 0.000244767
  0.00564724
   0.0112366
   0.0167145
   0.0220294
   0.0271303
   0.0319687
   0.0364982
   0.0406757
   0.0444609
   0.0478176
   0.0507137
   0.0531214
   0.0550176
   0.0563842
    0.057208
   0.0574813
   0.0572014
    0.056371
   0.0549983
   0.0530963
   0.0506834
   0.0477827
   0.0444223
   0.0406342
   0.0364551
   0.0319252
   0.0270881
   0.0219903
   0.0166808
   0.0112107
  0.00563264
 0.000123997
 0.000249894
 0.000376432
 0.000502146
 0.000625715
 0.000745792
 0.000861075
 0.000970269
  0.00107212
  0.00116538
  0.00124893
  0.00132176
    0.001383
  0.00143192
  0.00146787
   0.0014903
  0.00149881
  0.00149307
  0.00147285
  0.00143785
  0.00138797
  0.00132297
  0.00124316
  0.00114912
  0.00104144
 0.000920944
 0.000788492
 0.000645235
 0.000492522
 0.000332351
 0.000166994
  0.00405413
  0.00806607
   0.0119974
   0.0158118
   0.0194725
   0.0229451
   0.0261961
   0.0291945
   0.0319115
   0.0343211
   0.0364002
   0.0381288
   0.0394903
   0.0404717
   0.0410635
   0.0412602
   0.0410598
   0.0404644
   0.0394796
   0.0381149
   0.0363834
   0.0343016
   0.0318897
   0.0291707
   0.0261708
    0.022919
   0.0194465
   0.0157869
   0.0119752
   0.0080483
  0.00404378
 7.64177e-05
 0.000154797
   0.0002344
 0.000314369
 0.000393867
 0.000472027
 0.000547978
 0.000620837
  0.00068973
 0.000753771
 0.000812144
 0.000864083
 0.000908896
 0.000945979
 0.000974766
 0.000994751
   0.0010055
  0.00100663
 0.000997802
 0.000978658
 0.000948958
 0.000908421
 0.000857095
 0.000795259
 0.000723248
  0.00064159
  0.00055091
 0.000452042
 0.000345986
 0.000234127
 0.000118043
  0.00216962
  0.00431697
  0.00642153
  0.00846369
   0.0104239
   0.0122835
   0.0140246
   0.0156306
   0.0170861
   0.0183769
   0.0194909
   0.0204171
   0.0211468
   0.0216729
   0.0219903
   0.0220961
   0.0219892
   0.0216707
   0.0211436
   0.0204129
   0.0194858
    0.018371
   0.0170793
   0.0156232
   0.0140166
   0.0122751
   0.0104153
  0.00845524
  0.00641378
  0.00431056
  0.00216579
 5.78228e-08
 1.14288e-07
 1.68115e-07
 2.18234e-07
 2.63767e-07
 3.04041e-07
 3.38601e-07
  3.6718e-07
 3.89675e-07
  4.0611e-07
 4.16607e-07
 4.21356e-07
 4.20604e-07
  4.1465e-07
 4.03844e-07
 3.88598e-07
 3.69385e-07
 3.46747e-07
 3.21293e-07
 2.93686e-07
  2.6463e-07
 2.34843e-07
 2.05028e-07
 1.75838e-07
 1.47837e-07
  1.2146e-07
 9.69862e-08
 7.45083e-08
 5.39297e-08
 3.49661e-08
 1.71746e-08
-5.32559e-08
-1.06512e-07
-9.08617e-08
-7.52115e-08
-6.58582e-08
-5.65048e-08
-4.94734e-08
-4.24419e-08
-3.56921e-08
-2.89423e-08
-2.22219e-08
-1.55015e-08
-9.00577e-09
-2.50999e-09
 3.11104e-09
 8.73208e-09
 1.20518e-08
 1.53716e-08
 1.62081e-08
 1.70446e-08
 1.58158e-08
  1.4587e-08
 1.38591e-08
 1.31311e-08
 1.25292e-08
 1.19273e-08
 1.06285e-08
 9.32979e-09
 4.73357e-09
 1.37353e-10
 6.86767e-11
