0.0980201
0.0956221
0.093253
0.09091039999999999
0.0885947
0.08630639999999999
0.0840457
0.081813
0.0796086
0.0774328
0.0752858
0.0731671
0.07107739999999999
0.069017
0.0669857
0.064984
0.0630121
0.0610701
0.0591577
0.057275099999999995
0.0554226
0.0536
0.0518076
0.0500457
0.0483139
0.0466121
0.044940499999999994
0.043298800000000005
0.041687
0.0401055
0.0385543
0.0370344
0.0355454
0.034087900000000004
0.0326607
0.031262200000000004
0.0298932
0.0285529
0.027241900000000003
0.025960200000000003
0.024708400000000002
0.0234873
0.0222969
0.0211379
0.0200095
0.0189112
0.017842900000000002
0.0168043
0.0157959
0.014817700000000001
0.013870600000000002
0.012955600000000001
0.0120729
0.011223100000000001
0.0104057
0.00961977
0.00886578
0.00814369
0.00745331
0.00679385
0.00616598
0.00557034
0.00500677
0.00447665
0.00397857
0.00351142
0.0030745
0.00266628
0.00228727
0.00193655
0.00161484
0.00132238
0.00105969
0.000827101
0.00062479
0.00045405300000000005
0.00031401
0.00020427
0.000124981
7.74731e-05
1.0557399999999999e-07
