0.0980201
0.0956221
0.093253
0.09091039999999999
0.0885947
0.0863063
0.0840457
0.081813
0.0796086
0.0774328
0.0752858
0.073167
0.0710773
0.06901689999999999
0.0669855
0.06498380000000001
0.06301190000000001
0.0610698
0.059157299999999996
0.05727480000000001
0.0554222
0.0535996
0.0518072
0.0500453
0.0483134
0.046611599999999996
0.04494
0.043298199999999995
0.0416863
0.0401048
0.0385536
0.0370336
0.0355445
0.0340866
0.0326591
0.031260500000000004
0.0298914
0.028551
0.0272399
0.025958299999999997
0.024706400000000003
0.023485299999999997
0.022294799999999997
0.0211357
0.0200071
0.0189085
0.017840099999999998
0.0168014
0.0157928
0.0148146
0.0138674
0.0129525
0.012069799999999999
0.0112201
0.010402600000000001
0.00961683
0.00886296
0.00814095
0.00745065
0.00679141
0.00616374
0.00556828
0.00500489
0.00447481
0.00397678
0.00350957
0.00307257
0.00266438
0.00228539
0.00193474
0.00161311
0.00132076
0.0010582
0.00082577
0.000623626
0.000452906
0.000312892
0.000203215
0.000123997
7.64177e-05
5.7822800000000003e-08
