0.0980201
0.0956221
0.093253
0.09091039999999999
0.0885947
0.08630639999999999
0.0840457
0.081813
0.0796086
0.0774328
0.0752858
0.073167
0.0710773
0.0690168
0.0669855
0.06498380000000001
0.06301190000000001
0.0610698
0.059157400000000006
0.05727480000000001
0.05542230000000001
0.05359969999999999
0.0518072
0.0500453
0.0483136
0.0466118
0.044940100000000004
0.0432983
0.0416865
0.040104900000000006
0.0385536
0.0370336
0.035544599999999996
0.0340872
0.0326602
0.0312616
0.0298926
0.028552099999999997
0.027241
0.025958999999999996
0.0247069
0.0234856
0.022295
0.021135900000000003
0.0200074
0.018908900000000003
0.017840599999999998
0.0168018
0.0157933
0.0148149
0.0138676
0.0129525
0.012069700000000001
0.0112201
0.0104029
0.00961711
0.00886324
0.00814136
0.00745119
0.00679176
0.0061639
0.00556832
0.00500482
0.00447495
0.00397713
0.00351031
0.0030737
0.00266559
0.00228667
0.00193586
0.00161406
0.00132142
0.00105855
0.000825777
0.0006232869999999999
0.00045259099999999996
0.000312602
0.000202891
0.000123638
7.63241e-05
2.28979e-07
