-0.757916
-0.739838
-0.7221529999999999
-0.7047770000000001
-0.687542
-0.6701630000000001
-0.65271
-0.634969
-0.61692
-0.5984689999999999
-0.579427
-0.559856
-0.539667
-0.518946
-0.49794099999999997
-0.476833
-0.45585200000000003
-0.435037
-0.41523000000000004
-0.39714
-0.379717
-0.36238400000000004
-0.346288
-0.33107800000000004
-0.316783
-0.30394
-0.291344
-0.279445
-0.267328
-0.255073
-0.242819
-0.22951999999999997
-0.217354
-0.20649499999999998
-0.19630699999999998
-0.18743800000000002
-0.17866300000000002
-0.169889
-0.161341
-0.152771
-0.144979
-0.13880499999999998
-0.132632
-0.126277
-0.120324
-0.11354500000000001
-0.106993
-0.101142
-0.0942044
-0.0857373
-0.0768068
-0.06697410000000001
-0.057994000000000004
-0.050884
-0.0447704
-0.039703300000000004
-0.0354145
-0.031943900000000004
-0.028789599999999995
-0.025221599999999997
-0.021565900000000002
-0.0179395
-0.0139268
-0.0103634
-0.00627417
-0.00131754
0.00340187
0.00812498
0.011724600000000002
0.014603799999999998
0.0168482
0.0175382
0.0180548
0.0195571
0.0197907
0.018434
0.016424599999999998
0.0129352
0.00906505
0.00401925
-0.00011118200000000001
