-0.757588
-0.739533
-0.721879
-0.704549
-0.6873670000000001
-0.670032
-0.652628
-0.6349319999999999
-0.616931
-0.598529
-0.57953
-0.5600069999999999
-0.539851
-0.519143
-0.498133
-0.477001
-0.455981
-0.435067
-0.41516000000000003
-0.397068
-0.37964200000000003
-0.362245
-0.346094
-0.33077199999999995
-0.31638
-0.303543
-0.29096
-0.27915
-0.26711799999999997
-0.254961
-0.24279499999999998
-0.22941799999999998
-0.21717600000000004
-0.206244
-0.195987
-0.18716
-0.178426
-0.169684
-0.161164
-0.152563
-0.144743
-0.138656
-0.132569
-0.126309
-0.120465
-0.11366500000000002
-0.10711300000000001
-0.101398
-0.09458939999999999
-0.0861482
-0.0772158
-0.067258
-0.058142099999999995
-0.0509676
-0.044783300000000005
-0.039640499999999995
-0.035298699999999995
-0.0318786
-0.028794200000000002
-0.0252426
-0.021610900000000002
-0.0180227
-0.0140326
-0.0105637
-0.00655233
-0.00161995
0.00308457
0.00786261
0.0115178
0.014532900000000001
0.0169051
0.0175595
0.0180446
0.0196723
0.0200213
0.018746799999999997
0.0168163
0.013287100000000001
0.00938047
0.00415879
-0.000150771
