-0.757516
-0.739458
-0.721799
-0.704455
-0.6872590000000001
-0.6699390000000001
-0.6525489999999999
-0.634879
-0.6169020000000001
-0.598518
-0.579537
-0.560012
-0.539855
-0.5191560000000001
-0.49815600000000004
-0.477038
-0.456032
-0.43521499999999996
-0.415405
-0.397251
-0.379764
-0.362419
-0.34631999999999996
-0.331156
-0.316923
-0.304064
-0.291459
-0.279501
-0.26732
-0.254996
-0.242664
-0.229417
-0.217306
-0.20649499999999998
-0.19635999999999998
-0.187459
-0.178652
-0.16983900000000002
-0.161248
-0.152671
-0.144875
-0.13862
-0.132366
-0.12593
-0.11991099999999999
-0.113196
-0.10672899999999999
-0.100866
-0.0939086
-0.0855054
-0.07661110000000002
-0.06685060000000001
-0.0579321
-0.050825999999999996
-0.0447102
-0.03963869999999999
-0.035368000000000004
-0.0318678
-0.0287034
-0.0252071
-0.0216308
-0.0180752
-0.014117700000000002
-0.0104956
-0.0063311999999999995
-0.00133066
0.00344202
0.0081581
0.0117513
0.014558600000000001
0.016723
0.017469400000000003
0.0180466
0.0194861
0.019647
0.0182179
0.016132900000000002
0.0126518
0.00879325
0.00389923
-8.267530000000001e-05
