   0.0980228
    0.195096
    0.290287
    0.382688
    0.471409
    0.555579
      0.6344
     0.70712
    0.773021
    0.831481
    0.881931
    0.923891
    0.956951
    0.980801
     0.99519
     1.00001
    0.995189
    0.980799
    0.956948
    0.923887
    0.881927
    0.831476
    0.773015
    0.707115
    0.634394
    0.555574
    0.471402
    0.382681
     0.29028
    0.195089
   0.0980197
   -0.757916
    -1.50962
     -2.2478
     -2.9653
    -3.65513
    -4.31056
    -4.92521
    -5.49306
    -6.00857
    -6.46668
    -6.86289
    -7.19331
    -7.45466
    -7.64435
    -7.76046
    -7.80182
    -7.76793
    -7.65907
    -7.47621
    -7.22107
    -6.89604
    -6.50421
    -6.04932
    -5.53572
     -4.9683
    -4.35251
    -3.69425
    -3.00005
    -2.27662
    -1.53066
    -0.76935
   0.0954514
    0.189994
    0.282716
    0.372727
    0.459158
    0.541176
    0.617991
    0.688862
    0.753105
    0.810101
    0.859299
    0.900226
    0.932485
    0.955766
    0.969843
    0.974579
    0.969929
    0.955936
    0.932734
    0.900545
     0.85968
    0.810531
    0.753571
    0.689347
    0.618479
    0.541651
    0.459606
    0.373126
    0.283045
    0.190232
   0.0955796
   -0.739838
    -1.47356
    -2.19403
    -2.89424
    -3.56737
    -4.20688
    -4.80651
    -5.36042
    -5.86318
    -6.30989
    -6.69615
    -7.01817
    -7.27277
    -7.45743
    -7.57029
     -7.6102
    -7.57672
     -7.4701
    -7.29131
    -7.04204
    -6.72462
    -6.34209
    -5.89811
    -5.39709
    -4.84386
    -4.24352
    -3.60179
    -2.92496
    -2.21954
    -1.49222
   -0.749982
   0.0928989
    0.184928
    0.275201
    0.362845
    0.447016
      0.5269
    0.601727
    0.670775
    0.733375
    0.788924
    0.836884
    0.876791
    0.908259
    0.930984
    0.944744
    0.949405
     0.94492
    0.931331
    0.908767
    0.877445
    0.837664
    0.789806
    0.734331
    0.671773
    0.602733
    0.527883
    0.447946
    0.363679
    0.275891
    0.185432
   0.0931704
   -0.722153
    -1.43824
    -2.14131
    -2.82451
     -3.4812
    -4.10497
    -4.68975
    -5.22984
    -5.71996
    -6.15533
    -6.53168
    -6.84533
    -7.09318
    -7.27279
    -7.38236
     -7.4208
    -7.38766
    -7.28324
    -7.10847
    -6.86502
    -6.55517
    -6.18188
     -5.7487
    -5.26012
    -4.72086
    -4.13572
    -3.51029
    -2.85059
    -2.16298
    -1.45409
   -0.730768
   0.0903815
    0.179928
    0.267776
    0.353076
    0.435006
    0.512773
    0.585626
     0.65286
    0.713825
    0.767932
    0.814655
    0.853542
    0.884215
    0.906375
    0.919806
    0.924374
    0.920033
    0.906818
    0.884853
    0.854345
    0.815581
    0.768939
    0.714867
    0.653874
    0.586546
    0.513577
    0.435678
    0.353617
    0.268199
    0.180247
   0.0906215
   -0.704777
     -1.4035
    -2.08935
     -2.7557
    -3.39603
    -4.00416
    -4.57414
    -5.10045
    -5.57795
    -6.00199
    -6.36842
    -6.67368
    -6.91475
    -7.08927
    -7.19551
     -7.2324
    -7.19954
    -7.09723
    -6.92641
    -6.68884
    -6.38678
    -6.02298
    -5.60087
    -5.12468
      -4.599
    -4.02868
    -3.41919
    -2.77642
    -2.10655
    -1.41606
   -0.711612
   0.0878933
    0.174985
    0.260433
    0.343412
    0.423119
    0.498785
    0.569676
    0.635107
    0.694442
    0.747108
    0.792591
     0.83045
    0.860316
    0.881895
    0.894974
    0.899423
     0.89519
     0.88231
    0.860898
    0.831152
    0.793351
    0.747871
    0.695146
     0.63567
    0.570016
    0.498906
    0.423046
    0.343221
     0.26023
    0.174869
   0.0879751
   -0.687542
    -1.36901
    -2.03777
    -2.68737
    -3.31148
    -3.90406
    -4.45936
    -4.97199
    -5.43695
    -5.84976
    -6.20637
    -6.50331
    -6.73768
    -6.90718
    -7.01014
    -7.04554
    -7.01299
     -6.9128
    -6.74589
     -6.5141
    -6.21968
    -5.86516
    -5.45392
    -4.98993
    -4.47766
    -3.92202
    -3.32836
    -2.70242
    -2.05022
    -1.37808
   -0.692468
   0.0854216
    0.170074
    0.253137
    0.333809
    0.411305
    0.484877
    0.553811
    0.617436
    0.675134
    0.726343
    0.770561
    0.807354
    0.836358
    0.857282
    0.869912
    0.874117
    0.869844
    0.857151
    0.836153
    0.807058
    0.770146
    0.725795
     0.67444
    0.616582
    0.552793
    0.483751
    0.410151
     0.33274
    0.252292
     0.16956
    0.085338
   -0.670163
    -1.33428
    -1.98589
     -2.6187
    -3.22657
    -3.80363
    -4.34425
    -4.84323
    -5.29569
    -5.69729
     -6.0441
    -6.33276
    -6.56046
    -6.72499
    -6.82474
    -6.85878
    -6.82677
    -6.72892
    -6.56615
    -6.34011
      -6.053
    -5.70743
    -5.30673
    -4.85476
     -4.3559
    -3.81495
    -3.23715
    -2.62806
    -1.99359
    -1.33986
     -0.6732
   0.0829569
    0.165176
    0.245858
    0.324221
    0.399502
    0.470971
    0.537931
    0.599728
    0.655757
    0.705468
     0.74837
    0.784035
    0.812105
     0.83229
    0.844378
    0.848243
    0.843832
    0.831236
    0.810576
    0.782078
    0.746029
    0.702813
    0.652869
    0.596701
     0.53488
    0.468024
    0.396809
    0.321933
    0.244135
     0.16412
   0.0826407
    -0.65271
    -1.29939
    -1.93375
    -2.54969
    -3.14122
    -3.70266
    -4.22853
    -4.71377
    -5.15367
    -5.54399
    -5.88093
    -6.16124
    -6.38219
    -6.54166
    -6.63808
    -6.67064
    -6.63902
    -6.54337
     -6.3846
    -6.16424
    -5.88441
    -5.54782
    -5.15772
    -4.71788
    -4.23257
    -3.70649
    -3.14473
    -2.55272
    -1.93621
    -1.30115
    -0.65368
    0.080489
    0.160266
     0.23855
    0.314579
    0.387606
    0.456916
    0.521827
    0.581699
    0.635936
    0.684002
    0.725414
     0.75977
    0.786723
    0.806042
    0.817534
     0.82107
    0.816616
     0.80425
    0.784105
    0.756402
    0.721433
    0.679564
    0.631228
     0.57691
    0.517161
    0.452567
    0.383769
    0.311424
     0.23623
    0.158851
   0.0799907
   -0.634969
    -1.26393
     -1.8808
    -2.47962
    -3.05462
    -3.60023
    -4.11119
    -4.58256
    -5.00978
    -5.38874
    -5.71575
    -5.98768
    -6.20188
    -6.35626
    -6.44935
    -6.48028
    -6.44878
    -6.35509
    -6.20011
    -5.98535
    -5.71291
    -5.38544
    -5.00611
    -4.57862
    -4.10711
    -3.59617
    -3.05074
    -2.47613
    -1.87789
    -1.26181
   -0.633853
   0.0779641
     0.15524
    0.231063
    0.304685
    0.375376
    0.442436
    0.505196
    0.563029
    0.615354
    0.661652
    0.701453
    0.734389
    0.760134
    0.778524
    0.789396
    0.792619
    0.788177
    0.776131
     0.75662
    0.729852
    0.696113
    0.655744
    0.609163
    0.556828
    0.499261
    0.437017
    0.370699
    0.300926
    0.228355
     0.15361
   0.0773574
    -0.61692
    -1.22786
     -1.8269
     -2.4083
    -2.96642
     -3.4959
    -3.99163
    -4.44881
    -4.86305
    -5.23034
    -5.54715
    -5.81044
    -6.01766
    -6.16681
    -6.25644
    -6.28571
    -6.25434
    -6.16267
    -6.01161
    -5.80264
    -5.53781
    -5.21971
    -4.85145
    -4.43661
    -3.97924
    -3.48379
    -2.95506
    -2.39819
    -1.81858
    -1.22183
   -0.613714
   0.0752564
    0.149846
    0.223012
     0.29403
    0.362181
    0.426801
     0.48724
    0.542913
    0.593265
      0.6378
     0.67608
     0.70775
    0.732513
    0.750183
    0.760612
    0.763695
    0.759421
    0.747849
    0.729113
     0.70341
     0.67101
    0.632241
    0.587492
    0.537194
    0.481836
    0.421938
    0.358065
      0.2908
    0.220756
     0.14854
   0.0747855
   -0.598469
    -1.19099
    -1.77184
    -2.33543
    -2.87633
    -3.38933
    -3.86946
    -4.31212
    -4.71304
    -5.06837
    -5.37468
    -5.62907
    -5.82907
    -5.97278
    -6.05883
    -6.08642
     -6.0553
    -5.96583
     -5.8189
    -5.61596
    -5.35903
    -5.05062
    -4.69376
    -4.29193
    -3.84905
    -3.36944
    -2.85777
      -2.319
    -1.75836
    -1.18127
   -0.593305
   0.0723051
    0.143975
    0.214266
    0.282474
    0.347901
    0.409921
    0.467913
    0.521339
    0.569676
    0.612454
    0.649264
    0.679762
    0.703668
    0.720764
    0.730908
    0.734012
     0.73007
    0.719129
    0.701318
    0.676817
     0.64588
    0.608813
    0.565981
    0.517781
    0.464668
    0.407128
    0.345689
    0.280901
    0.213337
    0.143591
   0.0722731
   -0.579427
    -1.15295
    -1.71505
    -2.26031
    -2.78347
    -3.27951
    -3.74364
    -4.17142
    -4.55871
    -4.90184
     -5.1975
    -5.44288
    -5.63563
    -5.77394
     -5.8565
    -5.88256
     -5.8519
    -5.76487
    -5.62235
    -5.42577
    -5.17707
     -4.8787
    -4.53359
    -4.14512
    -3.71709
    -3.25366
    -2.75936
    -2.23897
    -1.69756
    -1.14036
   -0.572733
    0.068981
    0.137441
     0.20466
    0.269943
    0.332622
    0.392069
     0.44769
    0.498969
    0.545406
    0.586549
    0.622008
    0.651444
    0.674589
    0.691224
    0.701207
     0.70445
    0.700941
    0.690719
    0.673894
    0.650635
     0.62117
    0.585785
    0.544816
     0.49864
    0.447682
    0.392408
    0.333314
    0.270933
    0.205818
    0.138552
   0.0697339
   -0.559856
    -1.11384
    -1.65664
    -2.18303
    -2.68796
    -3.16659
    -3.61433
    -4.02689
    -4.40032
    -4.73105
    -5.01594
    -5.25227
    -5.43781
     -5.5708
    -5.65002
    -5.67473
    -5.64476
    -5.56043
    -5.42263
    -5.23271
    -4.99258
     -4.7046
     -4.3716
    -3.99683
    -3.58396
    -3.13701
    -2.66034
    -2.15856
    -1.63655
    -1.09933
   -0.552106
   0.0653874
    0.130406
    0.194369
    0.256598
    0.316451
    0.373296
    0.426562
    0.475744
     0.52036
    0.559969
    0.594191
    0.622692
    0.645203
    0.661507
    0.671456
     0.67496
    0.671992
    0.662579
    0.646813
    0.624843
    0.596875
    0.563172
    0.524044
    0.479853
    0.430998
    0.377928
    0.321118
    0.261087
    0.198372
     0.13355
    0.067209
   -0.539667
    -1.07355
    -1.59654
    -2.10362
    -2.58995
    -3.05086
    -3.48197
    -3.87914
    -4.23859
    -4.55689
    -4.83101
    -5.05835
    -5.23677
    -5.36458
    -5.44062
    -5.46419
    -5.43512
    -5.35375
     -5.2209
     -5.0379
    -4.80659
    -4.52923
    -4.20856
    -3.84771
    -3.45019
    -3.01989
    -2.56099
    -2.07793
     -1.5754
    -1.05825
   -0.531458
   0.0618724
    0.123493
    0.184212
    0.243385
    0.300396
    0.354645
    0.405577
    0.452688
    0.495507
    0.533603
      0.5666
     0.59417
     0.61604
    0.631996
    0.641878
    0.645593
    0.643101
     0.63442
    0.619627
    0.598859
    0.572304
    0.540211
     0.50287
    0.460631
    0.413876
    0.363032
    0.308558
    0.250938
    0.190694
    0.128399
    0.064632
   -0.518946
    -1.03227
    -1.53507
    -2.02254
    -2.49002
    -2.93305
     -3.3474
    -3.72913
    -4.07459
    -4.38049
    -4.64392
    -4.86238
    -5.03382
    -5.15663
    -5.22968
     -5.2523
    -5.22433
    -5.14609
    -5.01839
     -4.8425
    -4.62018
    -4.35361
    -4.04541
    -3.69858
    -3.31651
     -2.9029
    -2.46178
    -1.99742
    -1.51432
    -1.01719
   -0.510828
   0.0583717
    0.116613
    0.174109
    0.230252
    0.284452
    0.336141
     0.38478
    0.429864
    0.470928
     0.50755
    0.539353
    0.566012
    0.587251
    0.602853
    0.612651
    0.616547
    0.614484
    0.606481
    0.592598
    0.572967
    0.547758
    0.517213
    0.481608
    0.441279
    0.396597
    0.347965
     0.29583
    0.240638
    0.182891
    0.123159
   0.0620089
   -0.497941
   -0.990481
    -1.47293
    -1.94068
    -2.38927
    -2.81442
    -3.21206
    -3.57841
    -3.90997
    -4.20357
    -4.45643
    -4.66614
    -4.83072
    -4.94862
    -5.01875
    -5.04049
    -5.01367
     -4.9386
    -4.81605
    -4.64726
    -4.43391
    -4.17809
    -3.88233
    -3.54949
    -3.18283
    -2.78591
    -2.36257
    -1.91692
    -1.45327
   -0.976174
    -0.49024
   0.0550362
    0.110016
    0.164359
    0.217504
    0.268887
    0.317974
    0.364242
    0.407209
    0.446416
    0.481459
     0.51196
    0.537606
    0.558115
    0.573279
    0.582923
    0.586949
    0.585298
    0.577981
    0.565053
    0.546627
    0.522867
     0.49397
    0.460197
    0.421856
    0.379296
    0.332931
    0.283192
    0.230473
    0.175251
     0.11806
    0.059434
   -0.476833
    -0.94856
     -1.4107
    -1.85883
    -2.28869
    -2.69615
    -3.07732
    -3.42853
    -3.74643
    -4.02797
    -4.27046
    -4.47158
    -4.62943
    -4.74252
     -4.8098
    -4.83067
    -4.80498
    -4.73301
    -4.61551
    -4.45367
    -4.24909
    -4.00383
     -3.7203
    -3.40122
     -3.0497
    -2.66923
    -2.26353
    -1.83652
    -1.39234
   -0.935306
   -0.469809
   0.0518558
    0.103703
    0.154991
    0.205206
    0.253806
    0.300297
    0.344171
    0.384977
    0.422268
    0.455658
    0.484777
    0.509324
    0.529022
    0.543669
    0.553092
    0.557194
    0.555913
    0.549258
    0.537281
     0.52007
    0.497779
    0.470562
    0.438657
     0.40234
    0.361938
    0.317871
    0.270554
    0.220327
    0.167641
    0.112989
   0.0568749
   -0.455852
   -0.906961
    -1.34905
    -1.77789
    -2.18936
     -2.5795
    -2.94454
    -3.28095
    -3.58549
    -3.85521
    -4.08753
     -4.2802
    -4.43142
    -4.53973
    -4.60416
    -4.62413
    -4.59951
    -4.53059
    -4.41807
     -4.2631
    -4.06722
    -3.83243
    -3.56104
    -3.25563
    -2.91913
    -2.55496
    -2.16668
    -1.75803
    -1.33297
   -0.895544
    -0.44996
   0.0486261
   0.0972922
    0.145475
    0.192707
    0.238474
    0.282318
     0.32376
    0.362379
    0.397748
    0.429508
    0.457307
    0.480861
    0.499909
    0.514245
    0.523707
    0.528167
    0.527563
    0.521887
    0.511182
    0.495514
    0.475015
    0.449691
     0.41973
    0.385431
    0.347077
    0.305074
    0.259788
    0.211621
    0.160994
    0.108466
   0.0545359
   -0.435037
    -0.86589
     -1.2885
    -1.69865
    -2.09239
    -2.46584
    -2.81534
    -3.13748
     -3.4291
    -3.68736
    -3.90975
    -4.09413
     -4.2387
    -4.34217
    -4.40356
    -4.42245
    -4.39873
    -4.33267
    -4.22499
    -4.07676
    -3.88947
      -3.665
    -3.40558
    -3.11367
    -2.79214
    -2.44416
    -2.07312
    -1.68252
    -1.27616
   -0.857718
   -0.431182
   0.0454811
   0.0910306
    0.136156
    0.180438
    0.223396
    0.264617
     0.30365
    0.340112
    0.373605
    0.403799
    0.430365
    0.453039
    0.471579
    0.485772
    0.495463
    0.500487
    0.500772
    0.496285
    0.487048
     0.47309
    0.454511
    0.431152
    0.403137
    0.370789
    0.334344
    0.294195
    0.250672
    0.204252
    0.155348
    0.104599
   0.0525182
    -0.41523
   -0.826775
    -1.23075
    -1.62297
    -1.99966
      -2.357
    -2.69152
     -2.9999
    -3.27914
    -3.52651
    -3.73959
    -3.91634
      -4.055
    -4.15438
    -4.21349
    -4.23201
    -4.20981
    -4.14714
    -4.04465
    -3.90334
    -3.72464
    -3.51026
    -3.26234
    -2.98327
     -2.6758
    -2.34287
    -1.98775
    -1.61373
    -1.22445
   -0.823313
    -0.41411
   0.0426989
    0.085414
    0.127678
    0.169234
    0.209653
    0.248598
    0.285677
    0.320482
    0.352657
    0.381787
    0.407553
     0.42969
    0.447945
    0.462107
    0.471996
    0.477451
    0.478368
    0.474689
    0.466392
    0.453485
    0.436016
     0.41393
    0.387333
    0.356491
    0.321632
    0.283122
    0.241293
    0.196623
    0.149538
    0.100672
   0.0505458
    -0.39714
   -0.790731
    -1.17702
    -1.55205
    -1.91219
    -2.25384
    -2.57365
    -2.86857
    -3.13572
    -3.37264
    -3.57704
    -3.74696
    -3.88073
    -3.97711
    -4.03516
    -4.05439
    -4.03466
    -3.97611
    -3.87934
    -3.74524
    -3.57515
    -3.37067
     -3.1338
    -2.86679
    -2.57226
      -2.253
    -1.91212
    -1.55279
    -1.17849
   -0.792563
   -0.398663
     0.04044
   0.0808103
    0.120675
    0.159947
    0.198264
    0.235363
    0.270915
    0.304476
    0.335714
    0.364119
    0.389358
    0.411153
    0.429231
    0.443374
    0.453373
    0.459076
    0.460345
    0.457113
    0.449324
    0.436985
     0.42012
    0.398813
    0.373181
    0.343445
    0.309834
    0.272693
    0.232356
    0.189287
    0.143919
   0.0968605
   0.0486304
   -0.379717
   -0.756073
    -1.12548
    -1.48423
    -1.82882
    -2.15587
    -2.46216
    -2.74481
    -3.00105
     -3.2286
    -3.42528
    -3.58916
    -3.71864
    -3.81241
    -3.86957
    -3.88951
    -3.87202
    -3.81721
    -3.72562
    -3.59807
    -3.43581
    -3.24033
    -3.01356
    -2.75761
      -2.475
    -2.16838
    -1.84073
    -1.49513
     -1.1349
   -0.763324
   -0.383941
   0.0390321
   0.0780247
    0.116622
    0.154589
     0.19159
    0.227376
    0.261616
    0.293937
    0.323994
    0.351365
    0.375711
    0.396754
    0.414212
    0.427866
    0.437498
    0.442958
    0.444104
     0.44087
    0.433198
    0.421107
    0.404631
    0.383879
    0.358983
    0.330168
    0.297673
    0.261833
    0.222989
    0.181582
    0.138041
   0.0929096
    0.046687
   -0.362384
   -0.721777
    -1.07475
    -1.41792
    -1.74798
    -2.06166
    -2.35589
    -2.62781
    -2.87474
    -3.09432
     -3.2844
    -3.44306
    -3.56875
    -3.66013
    -3.71633
    -3.73669
    -3.72101
    -3.66936
    -3.58224
    -3.46042
    -3.30509
    -3.11767
        -2.9
    -2.65412
    -2.38243
    -2.08751
    -1.77221
    -1.43953
    -1.09267
   -0.734864
   -0.369537
   0.0386095
    0.077156
    0.115346
    0.152762
    0.189066
    0.224003
    0.257234
    0.288459
    0.317336
    0.343553
    0.366789
    0.386785
    0.403267
    0.416034
    0.424875
    0.429658
    0.430249
    0.426598
    0.418656
    0.406464
    0.390067
      0.3696
    0.345209
    0.317127
    0.285603
    0.250965
    0.213556
    0.173787
     0.13208
    0.088899
   0.0447142
   -0.346288
    -0.68994
    -1.02769
    -1.35641
    -1.67295
    -1.97414
    -2.25702
    -2.51874
     -2.7567
    -2.96847
    -3.15196
    -3.30525
    -3.42684
    -3.51541
    -3.57009
    -3.59025
    -3.57569
    -3.52646
    -3.44304
    -3.32618
    -3.17701
    -2.99694
    -2.78772
    -2.55134
     -2.2901
    -2.00651
    -1.70332
    -1.38345
    -1.04996
   -0.706037
   -0.354935
   0.0393829
   0.0782978
    0.116428
    0.153527
     0.18926
    0.223422
     0.25569
    0.285814
    0.313482
    0.338434
    0.360382
    0.379102
    0.394349
    0.405951
    0.413725
    0.417565
    0.417366
    0.413098
    0.404743
    0.392361
    0.376027
    0.355885
     0.33211
    0.304917
    0.274568
    0.241322
    0.205504
    0.167374
    0.127293
   0.0857178
   0.0430601
   -0.331078
   -0.660132
   -0.984093
    -1.29969
    -1.60388
    -1.89348
    -2.16564
    -2.41751
    -2.64658
    -2.85046
     -3.0271
    -3.17466
    -3.29164
    -3.37681
     -3.4293
    -3.44852
    -3.43427
    -3.38664
    -3.30608
    -3.19337
    -3.04959
    -2.87614
    -2.67472
    -2.44729
    -2.19605
    -1.92349
    -1.63227
     -1.3253
    -1.00557
   -0.676049
   -0.339873
    0.040726
   0.0805147
    0.118998
    0.156103
    0.191505
    0.225059
    0.256466
    0.285533
    0.311983
    0.335611
     0.35617
    0.373476
    0.387328
    0.397591
    0.404121
    0.406846
    0.405698
     0.40068
    0.391806
    0.379159
    0.362842
     0.34301
    0.319855
     0.29357
    0.264413
    0.232557
    0.198295
    0.161722
    0.123129
    0.082976
   0.0416288
   -0.316783
   -0.632046
   -0.942879
    -1.24585
    -1.53803
    -1.81623
     -2.0777
    -2.31964
    -2.53962
    -2.73531
    -2.90475
    -3.04615
    -3.15808
    -3.23937
    -3.28919
    -3.30699
    -3.29262
    -3.24618
    -3.16814
    -3.05928
    -2.92069
    -2.75377
    -2.56016
    -2.34177
    -2.10072
    -1.83945
    -1.56046
    -1.26665
   -0.960877
   -0.645917
    -0.32476
   0.0417533
   0.0822707
    0.121122
    0.158288
    0.193438
    0.226475
    0.257124
    0.285241
    0.310587
    0.333007
    0.352303
    0.368343
    0.380977
    0.390114
    0.395669
    0.397608
    0.395918
    0.390618
    0.381769
    0.369408
    0.353658
    0.334533
    0.312187
    0.286755
    0.258425
    0.227387
    0.193861
    0.158056
    0.120228
   0.0809194
   0.0405074
    -0.30394
   -0.606468
    -0.90479
    -1.19553
    -1.47585
    -1.74265
    -1.99327
    -2.22501
    -2.43554
    -2.62262
    -2.78438
    -2.91912
    -3.02549
    -3.10239
    -3.14905
    -3.16499
    -3.15004
    -3.10438
    -3.02847
    -2.92315
    -2.78949
    -2.62898
    -2.44325
    -2.23415
    -2.00377
    -1.75432
    -1.48824
    -1.20811
   -0.916599
   -0.616275
   -0.309952
   0.0425023
   0.0835336
    0.122608
     0.15975
    0.194618
    0.227159
    0.257116
    0.284387
    0.308771
    0.330161
    0.348406
    0.363425
     0.37512
    0.383447
    0.388372
    0.389897
    0.388055
    0.382868
    0.374424
    0.362693
    0.347784
    0.329543
    0.308064
    0.283404
    0.255684
    0.225125
      0.1919
    0.156368
     0.11879
   0.0798154
   0.0398507
   -0.291344
    -0.58132
   -0.867221
    -1.14573
     -1.4141
    -1.66936
    -1.90894
    -2.13028
    -2.33114
    -2.50943
    -2.66336
    -2.79135
    -2.89216
    -2.96476
    -3.00847
    -3.02286
     -3.0078
    -2.96347
    -2.89031
    -2.78916
    -2.66103
    -2.50746
    -2.32999
     -2.1304
    -1.91069
    -1.67291
    -1.41939
    -1.15241
   -0.874554
   -0.588162
   -0.295917
   0.0423569
   0.0832187
    0.122057
    0.158888
    0.193365
    0.225449
    0.254907
    0.281656
    0.305537
    0.326468
    0.344352
     0.35912
     0.37073
    0.379106
    0.384243
    0.386045
     0.38453
     0.37968
    0.371535
    0.360081
    0.345365
    0.327316
     0.30599
    0.281466
    0.253853
    0.223385
    0.190255
     0.15486
    0.117506
   0.0788525
   0.0393437
   -0.279445
   -0.557283
   -0.830873
     -1.0971
    -1.35332
    -1.59676
    -1.82498
    -2.03559
    -2.22648
     -2.3957
    -2.54157
    -2.66266
    -2.75778
    -2.82611
    -2.86699
    -2.88017
    -2.86556
    -2.82335
    -2.75394
    -2.65806
    -2.53664
    -2.39096
    -2.22244
    -2.03272
    -1.82366
    -1.59719
    -1.35553
    -1.10086
    -0.83563
   -0.562108
   -0.282862
   0.0415588
    0.081696
    0.119867
    0.156089
     0.19002
    0.221633
    0.250717
    0.277197
    0.300943
    0.321884
    0.339951
    0.355069
    0.367215
     0.37625
    0.382159
    0.384713
    0.383879
    0.379581
    0.371799
    0.360543
    0.345821
    0.327679
    0.306169
    0.281426
    0.253575
    0.222881
    0.189567
    0.154068
     0.11673
   0.0782162
   0.0389968
   -0.267328
   -0.532824
   -0.793917
    -1.04772
    -1.29171
    -1.52335
    -1.74033
    -1.94047
    -2.12179
    -2.28251
    -2.42103
    -2.53604
     -2.6264
    -2.69138
    -2.73035
    -2.74315
     -2.7297
    -2.69012
    -2.62482
    -2.53435
     -2.4196
    -2.28161
    -2.12172
     -1.9414
    -1.74241
    -1.52659
    -1.29605
    -1.05287
   -0.799419
   -0.537874
   -0.270715
   0.0399372
   0.0787891
    0.116053
    0.151641
    0.185235
    0.216736
    0.245942
    0.272711
    0.296911
     0.31839
    0.337053
    0.352772
    0.365472
    0.375002
    0.381284
    0.384136
    0.383479
    0.379246
    0.371392
    0.359944
    0.344914
    0.326402
    0.304493
    0.279384
    0.251254
    0.220401
    0.187115
    0.151822
    0.114921
   0.0769729
   0.0384541
   -0.255073
   -0.508012
   -0.756304
   -0.997407
    -1.22894
    -1.44864
    -1.65438
    -1.84423
    -2.01638
    -2.16925
    -2.30136
    -2.41144
    -2.49841
    -2.56146
    -2.59997
     -2.6136
    -2.60224
    -2.56591
    -2.50497
    -2.41991
    -2.31154
    -2.18082
    -2.02899
    -1.85743
    -1.66779
    -1.46182
    -1.24151
    -1.00888
   -0.766178
   -0.515569
   -0.259446
   0.0379774
   0.0752797
    0.111475
    0.146379
    0.179695
    0.211233
    0.240783
    0.268105
    0.293028
    0.315295
    0.334748
    0.351187
    0.364467
    0.374426
     0.38093
    0.383865
    0.383128
    0.378683
    0.370481
    0.358584
    0.343019
    0.323952
    0.301511
    0.275961
    0.247543
    0.216595
    0.183467
    0.148567
    0.112336
   0.0752112
    0.037657
   -0.242819
   -0.483338
   -0.719156
   -0.948091
    -1.16787
    -1.37652
    -1.57199
    -1.75257
    -1.91654
    -2.06244
     -2.1889
    -2.29464
    -2.37863
    -2.43997
    -2.47806
    -2.49243
    -2.48293
    -2.44952
    -2.39253
    -2.31239
    -2.20985
     -2.0858
    -1.94141
    -1.77797
    -1.59705
     -1.4003
    -1.18961
   -0.966946
   -0.734437
   -0.494242
   -0.248659
   0.0365651
   0.0726995
    0.108045
    0.142356
    0.175341
    0.206733
    0.236281
    0.263691
    0.288728
     0.31112
    0.330646
    0.347101
    0.360292
    0.370071
    0.376285
     0.37886
    0.377703
    0.372823
    0.364207
    0.351935
     0.33609
    0.316841
    0.294379
    0.268963
    0.240891
    0.210481
     0.17812
    0.144159
    0.109035
   0.0730649
   0.0366622
    -0.22952
   -0.457157
    -0.68069
   -0.898091
    -1.10725
     -1.3062
    -1.49301
    -1.66591
    -1.82325
    -1.96349
    -2.08527
    -2.18732
    -2.26864
    -2.32833
    -2.36579
    -2.38056
    -2.37246
    -2.34147
    -2.28784
    -2.21198
     -2.1146
    -1.99652
    -1.85883
    -1.70278
    -1.52982
    -1.34157
    -1.13982
    -0.92651
   -0.703678
   -0.473485
   -0.238151
   0.0354753
   0.0706917
    0.105344
    0.139114
    0.171706
    0.202778
    0.232038
    0.259153
    0.283835
    0.305822
    0.324854
    0.340743
    0.353273
    0.362334
    0.367775
    0.369575
    0.367674
    0.362131
    0.352988
    0.340345
    0.324342
    0.305146
    0.282995
     0.25813
     0.23088
    0.201526
    0.170463
    0.137969
    0.104454
   0.0701053
   0.0352795
   -0.217354
   -0.433216
   -0.645511
   -0.852325
    -1.05168
    -1.24159
    -1.42024
    -1.58581
    -1.73669
    -1.87131
    -1.98835
    -2.08654
    -2.16493
    -2.22263
    -2.25908
    -2.27381
    -2.26664
    -2.23756
    -2.18678
    -2.11471
    -2.02199
    -1.90942
    -1.77803
      -1.629
     -1.4637
     -1.2837
     -1.0907
   -0.886593
   -0.673308
   -0.452994
   -0.227781
   0.0342833
   0.0683157
    0.101804
    0.134431
     0.16589
    0.195864
    0.224048
    0.250133
    0.273833
    0.294897
    0.313084
    0.328213
    0.340105
     0.34864
    0.353716
    0.355293
    0.353358
    0.347949
    0.339149
    0.327042
    0.311796
    0.293547
    0.272535
    0.248938
    0.223049
    0.195071
    0.165318
    0.134034
    0.101535
   0.0681515
   0.0341986
   -0.206495
   -0.411921
   -0.614365
   -0.811781
    -1.00228
    -1.18385
    -1.35473
    -1.51315
    -1.65753
    -1.78637
     -1.8984
    -1.99241
    -2.06747
    -2.12276
     -2.1577
    -2.17187
    -2.16509
    -2.13734
    -2.08883
    -2.01995
    -1.93133
    -1.82375
    -1.69819
     -1.5558
    -1.39789
      -1.226
    -1.04171
   -0.846814
   -0.643162
   -0.432748
   -0.217598
   0.0327835
   0.0652572
   0.0971283
    0.128086
    0.157827
    0.186085
    0.212571
    0.237031
    0.259207
     0.27889
    0.295879
     0.31002
    0.321182
    0.329243
    0.334147
    0.335825
    0.334301
     0.32957
     0.32173
    0.310826
    0.297022
    0.280395
    0.261153
    0.239383
     0.21531
    0.189037
    0.160785
    0.130768
   0.0992187
   0.0666445
   0.0333533
   -0.196307
   -0.391893
   -0.584968
   -0.773358
   -0.955264
    -1.12868
    -1.29191
    -1.44322
    -1.58112
    -1.70417
    -1.81115
    -1.90095
    -1.97265
    -2.02549
    -2.05891
    -2.07252
    -2.06614
    -2.03976
    -1.99356
    -1.92795
    -1.84348
    -1.74092
    -1.62119
    -1.48539
    -1.33476
    -1.17075
   -0.994883
   -0.808843
   -0.614399
   -0.413427
   -0.207873
   0.0297702
    0.059537
   0.0890482
    0.117857
    0.145703
    0.172242
    0.197232
    0.220386
    0.241493
    0.260327
    0.276727
    0.290522
    0.301608
    0.309851
    0.315205
     0.31758
    0.316984
    0.313372
    0.306801
    0.297265
    0.284859
    0.269636
    0.251722
    0.231257
    0.208402
    0.183288
    0.156094
    0.127079
   0.0964716
   0.0647997
      0.0324
   -0.187438
   -0.374085
   -0.558233
   -0.737825
   -0.911148
    -1.07632
    -1.23174
    -1.37578
    -1.50702
    -1.62411
    -1.72588
    -1.81131
    -1.87951
    -1.92979
    -1.96162
    -1.97464
    -1.96868
    -1.94374
    -1.90001
    -1.83787
    -1.75783
    -1.66059
    -1.54699
    -1.41799
     -1.2747
    -1.11848
   -0.950737
   -0.773112
   -0.587261
   -0.395121
   -0.198563
   0.0258003
   0.0520126
   0.0784647
     0.10459
    0.130176
    0.154798
    0.178245
    0.200187
     0.22044
    0.238743
    0.254952
     0.26886
    0.280366
    0.289305
    0.295617
    0.299168
    0.299936
    0.297811
    0.292796
    0.284819
    0.273899
    0.260069
    0.243382
    0.224059
    0.202219
    0.178055
    0.151732
    0.123571
   0.0938116
   0.0629909
   0.0314615
   -0.178663
   -0.356477
   -0.531814
   -0.702743
   -0.867637
    -1.02475
    -1.17255
    -1.30952
    -1.43432
    -1.54568
    -1.64248
    -1.72377
     -1.7887
    -1.83663
    -1.86704
     -1.8796
    -1.87413
    -1.85063
    -1.80927
     -1.7504
    -1.67453
    -1.58226
    -1.47441
     -1.3518
    -1.21548
    -1.06672
   -0.906844
    -0.73745
   -0.560091
   -0.376748
   -0.189207
   0.0222639
   0.0452886
   0.0689982
   0.0927333
    0.116321
    0.139273
    0.161386
    0.182296
    0.201807
    0.219637
    0.235614
     0.24951
    0.261182
    0.270445
    0.277187
    0.281286
    0.282661
    0.281271
    0.277077
    0.270024
    0.260106
    0.247352
    0.231806
     0.21365
    0.193002
    0.170068
    0.145025
    0.118187
   0.0898078
   0.0603654
     0.03021
   -0.169889
    -0.33889
   -0.505443
   -0.667775
   -0.824339
   -0.973516
    -1.11386
    -1.24395
    -1.36251
    -1.46836
    -1.56045
    -1.63785
     -1.6998
    -1.74567
    -1.77497
    -1.78734
    -1.78259
    -1.76061
    -1.72151
    -1.66564
    -1.59344
    -1.50555
    -1.40271
    -1.28583
    -1.15589
    -1.01415
   -0.861877
   -0.700632
   -0.531908
   -0.357641
   -0.179541
   0.0187976
    0.038744
   0.0598484
   0.0813475
    0.103097
    0.124533
    0.145448
    0.165431
    0.184262
    0.201626
    0.217315
    0.231071
    0.242706
     0.25202
    0.258848
    0.263099
    0.264656
     0.26357
    0.259791
    0.253308
    0.244115
     0.23225
    0.217764
    0.200792
     0.18145
    0.159944
    0.136457
    0.111272
   0.0846434
   0.0569689
   0.0285792
   -0.161341
   -0.321787
   -0.479853
   -0.633913
    -0.78249
   -0.924068
    -1.05726
    -1.18073
    -1.29326
    -1.39372
     -1.4811
    -1.55453
    -1.61327
    -1.65674
     -1.6845
    -1.69617
    -1.69162
    -1.67063
    -1.63333
    -1.58005
     -1.5112
    -1.42746
    -1.32953
    -1.21835
    -1.09486
   -0.960285
   -0.815801
   -0.662938
   -0.503097
   -0.338144
   -0.169697
   0.0169873
   0.0349711
   0.0539743
   0.0733979
   0.0930873
    0.112564
    0.131595
    0.149825
    0.167007
    0.182905
    0.197299
    0.210031
    0.220923
    0.229741
    0.236337
    0.240579
    0.242364
     0.24169
    0.238513
    0.232827
    0.224629
    0.213961
    0.200871
    0.185471
    0.167867
    0.148225
    0.126708
    0.103534
   0.0789225
    0.053227
   0.0267369
   -0.152771
   -0.304849
   -0.454833
   -0.601105
   -0.742257
    -0.87679
    -1.00338
    -1.12072
    -1.22764
    -1.32302
     -1.4059
    -1.47533
    -1.53057
    -1.57113
    -1.59659
     -1.6067
    -1.60133
    -1.58046
    -1.54421
    -1.49294
    -1.42708
    -1.34726
    -1.25417
    -1.14872
    -1.03184
   -0.904669
   -0.768334
   -0.624243
    -0.47373
   -0.318441
   -0.159888
   0.0157189
   0.0321785
   0.0493593
   0.0668099
   0.0843632
    0.101643
    0.118415
    0.134409
    0.149386
    0.163229
    0.175745
    0.186912
    0.196595
    0.204545
    0.210638
    0.214705
    0.216651
    0.216407
    0.213922
    0.209181
    0.202177
    0.192941
    0.181515
    0.167975
    0.152411
    0.134938
    0.115689
   0.0948097
   0.0724796
   0.0490116
   0.0246583
   -0.144979
   -0.289379
   -0.431837
   -0.570721
    -0.70469
   -0.832262
   -0.952202
    -1.06324
    -1.16432
    -1.25437
    -1.33251
    -1.39776
     -1.4494
    -1.48707
    -1.51034
    -1.51908
    -1.51317
    -1.49272
    -1.45784
     -1.4089
    -1.34628
    -1.27059
    -1.18246
    -1.08277
   -0.972396
   -0.852396
   -0.723861
    -0.58808
   -0.446333
    -0.30008
   -0.150751
     0.01338
   0.0273559
   0.0418327
    0.056551
     0.07135
   0.0860485
    0.100475
    0.114338
    0.127457
    0.139674
    0.150838
    0.160873
    0.169657
       0.177
    0.182778
    0.186848
    0.189108
    0.189475
    0.187879
    0.184273
    0.178625
    0.170937
    0.161218
    0.149537
    0.135954
    0.120593
    0.103567
   0.0850139
   0.0650992
   0.0441024
   0.0222625
   -0.138805
   -0.276742
   -0.412464
    -0.54448
   -0.671489
   -0.792042
   -0.904929
    -1.00914
    -1.10366
    -1.18765
    -1.26031
    -1.32088
    -1.36873
    -1.40352
    -1.42487
    -1.43265
    -1.42675
    -1.40726
    -1.37429
    -1.32816
    -1.26923
    -1.19803
    -1.11515
    -1.02134
   -0.917432
   -0.804393
   -0.683259
   -0.555222
   -0.421493
   -0.283436
   -0.142409
   0.0103805
   0.0212466
    0.032457
   0.0439713
   0.0556574
   0.0675466
   0.0795361
   0.0913005
    0.102704
    0.113514
    0.123594
    0.132779
    0.140941
    0.147932
    0.153629
     0.15791
    0.160666
    0.161799
    0.161224
    0.158856
    0.154635
    0.148534
     0.14053
    0.130695
    0.119063
     0.10579
   0.0909742
   0.0747655
   0.0573228
   0.0388957
   0.0197055
   -0.132632
   -0.264123
   -0.393152
   -0.518403
   -0.638644
   -0.752487
   -0.858765
   -0.956708
    -1.04535
    -1.12402
    -1.19196
     -1.2486
    -1.29338
    -1.32592
    -1.34588
    -1.35309
    -1.34746
    -1.32903
    -1.29793
    -1.25441
    -1.19884
    -1.13167
     -1.0535
   -0.964952
   -0.866837
   -0.760074
   -0.645656
   -0.524694
   -0.398342
   -0.267879
   -0.134587
   0.0064783
    0.013802
   0.0218822
   0.0305378
   0.0396775
   0.0492159
   0.0590551
   0.0689272
   0.0786907
   0.0881277
   0.0970831
    0.105383
    0.112873
    0.119408
    0.124843
     0.12907
    0.131966
    0.133459
    0.133455
    0.131904
    0.128747
    0.123971
    0.117565
    0.109578
    0.100054
   0.0890799
   0.0767549
    0.063184
   0.0485146
   0.0330069
   0.0168634
   -0.126277
   -0.251045
   -0.372955
   -0.491049
    -0.60416
   -0.711264
   -0.811317
   -0.903595
   -0.987226
    -1.06153
    -1.12582
     -1.1795
    -1.22206
    -1.25309
    -1.27227
    -1.27939
    -1.27435
    -1.25713
    -1.22785
    -1.18675
    -1.13415
    -1.07051
   -0.996414
   -0.912492
   -0.819518
   -0.718395
   -0.610084
   -0.495669
   -0.376264
   -0.252986
   -0.127049
  0.00274786
  0.00672725
   0.0119335
    0.018033
   0.0249513
   0.0324481
   0.0404031
   0.0485921
   0.0568583
   0.0649994
   0.0728421
   0.0802036
   0.0869082
   0.0928078
   0.0977385
    0.101616
    0.104307
    0.105787
    0.105971
    0.104868
    0.102443
   0.0987177
   0.0937044
   0.0874387
   0.0799731
   0.0713203
   0.0615674
   0.0507657
   0.0390406
   0.0266554
   0.0137841
   -0.120324
   -0.238806
   -0.354099
   -0.465592
   -0.572157
   -0.673082
   -0.767404
   -0.854413
   -0.933303
    -1.00338
    -1.06399
    -1.11457
    -1.15463
    -1.18378
    -1.20173
    -1.20827
    -1.20331
    -1.18684
    -1.15897
    -1.11994
    -1.07006
     -1.0098
   -0.939674
   -0.860321
   -0.772454
   -0.676941
   -0.574697
    -0.46678
   -0.354268
   -0.238133
   -0.119526
  0.00037873
  0.00196744
  0.00481275
  0.00862192
   0.0133203
   0.0186711
   0.0245349
   0.0307205
   0.0370599
    0.043409
   0.0495969
   0.0554974
   0.0609532
   0.0658497
   0.0700547
   0.0734642
   0.0759762
   0.0775152
   0.0780112
   0.0774244
   0.0757173
   0.0729136
   0.0690182
   0.0642545
   0.0587024
   0.0523745
   0.0453762
   0.0376279
   0.0292372
   0.0202067
    0.010627
   -0.113545
   -0.225426
   -0.334387
   -0.439807
   -0.540624
   -0.636089
   -0.725285
   -0.807463
   -0.881845
   -0.947758
    -1.00458
    -1.05179
    -1.08893
    -1.11568
    -1.13178
    -1.13712
    -1.13164
    -1.11542
    -1.08862
    -1.05149
    -1.00439
    -0.94774
    -0.88203
   -0.807653
   -0.725239
    -0.63557
    -0.53947
   -0.438011
     -0.3322
    -0.22313
   -0.111911
 -0.00102687
 -0.00100902
 0.000118649
  0.00209971
  0.00486451
  0.00819741
   0.0119573
   0.0160041
   0.0201801
   0.0244248
   0.0285975
   0.0326573
   0.0364927
   0.0400442
   0.0432277
   0.0459257
   0.0480674
   0.0495143
   0.0502026
   0.0500245
   0.0489302
   0.0469408
   0.0440569
   0.0407062
   0.0370099
   0.0329911
   0.0287754
   0.0241438
   0.0191726
   0.0135845
  0.00737975
   -0.106993
   -0.212366
   -0.314921
   -0.414039
   -0.508747
   -0.598289
    -0.68183
   -0.758619
   -0.827946
   -0.889191
   -0.941792
   -0.985294
     -1.0193
    -1.04356
    -1.05785
    -1.06214
    -1.05639
    -1.04072
    -1.01529
   -0.980378
   -0.936333
   -0.883523
   -0.822433
   -0.753228
   -0.676471
   -0.592866
   -0.503149
   -0.408395
   -0.309532
   -0.207752
   -0.104122
 -0.00229757
 -0.00374961
 -0.00430194
 -0.00412619
 -0.00326992
  -0.0018861
-7.24503e-05
  0.00207643
   0.0044602
  0.00699439
  0.00958645
    0.012165
   0.0146466
   0.0169669
   0.0190497
   0.0208393
   0.0222716
   0.0233695
   0.0241013
   0.0243544
   0.0241081
   0.0233077
   0.0219677
   0.0203093
   0.0184172
   0.0163979
   0.0143458
   0.0121652
  0.00991818
  0.00728832
  0.00425184
   -0.101142
    -0.20021
    -0.29602
   -0.388287
   -0.476135
   -0.558945
   -0.635983
   -0.706582
   -0.770119
   -0.826074
   -0.873962
   -0.913446
   -0.944203
   -0.966081
   -0.978925
   -0.982718
    -0.97746
   -0.963103
   -0.939771
   -0.907651
   -0.867029
   -0.818219
   -0.761646
   -0.697541
   -0.626413
   -0.548961
   -0.465859
   -0.378082
   -0.286473
   -0.192188
  -0.0962186
 -0.00343908
  -0.0062438
 -0.00836912
 -0.00989309
  -0.0108299
  -0.0112574
  -0.0112199
  -0.0107627
  -0.0099309
 -0.00884572
 -0.00756642
 -0.00621533
 -0.00486411
 -0.00359563
 -0.00248249
 -0.00151219
-0.000729901
 7.00302e-05
 0.000902208
   0.0016549
  0.00233111
  0.00277888
  0.00299678
  0.00295688
  0.00268302
  0.00236417
  0.00207947
  0.00189446
  0.00189516
  0.00176733
   0.0014876
  -0.0942044
   -0.185958
   -0.274121
    -0.35875
   -0.439077
   -0.514634
   -0.584806
    -0.64902
    -0.70675
   -0.757566
    -0.80104
   -0.836916
   -0.864895
   -0.884881
   -0.896736
   -0.900435
   -0.895994
   -0.883192
   -0.862138
   -0.832928
   -0.795815
    -0.75108
   -0.699104
   -0.640199
   -0.574832
   -0.503699
   -0.427411
   -0.346837
   -0.262727
   -0.176183
  -0.0881081
 -0.00507689
 -0.00934912
  -0.0127327
  -0.0155027
   -0.017652
  -0.0192732
  -0.0203851
  -0.0210917
  -0.0214354
  -0.0215379
  -0.0214637
  -0.0212021
   -0.020806
  -0.0203569
  -0.0199096
  -0.0195134
  -0.0192095
  -0.0188171
  -0.0183297
  -0.0176868
  -0.0168701
  -0.0159481
  -0.0148983
  -0.0137639
  -0.0124923
  -0.0110272
 -0.00927644
 -0.00729874
 -0.00503088
 -0.00285446
-0.000848177
  -0.0857373
   -0.169041
   -0.248898
   -0.325315
   -0.397595
   -0.465491
   -0.528479
    -0.58623
    -0.63833
    -0.68446
   -0.724289
   -0.757412
   -0.783556
   -0.802481
   -0.814019
   -0.818036
   -0.814485
   -0.803171
   -0.784143
    -0.75755
   -0.723602
   -0.682643
   -0.635035
   -0.581208
   -0.521635
    -0.45692
   -0.387645
   -0.314534
   -0.238272
   -0.159796
  -0.0799089
 -0.00678576
  -0.0124898
  -0.0169702
   -0.020713
  -0.0237106
  -0.0260999
  -0.0279046
  -0.0293181
  -0.0304042
  -0.0312991
    -0.03208
  -0.0326007
  -0.0328986
  -0.0330612
  -0.0331395
  -0.0332657
   -0.033496
  -0.0336906
  -0.0338483
  -0.0337112
   -0.033211
  -0.0322866
  -0.0308485
  -0.0289148
  -0.0263857
  -0.0233478
  -0.0197171
  -0.0157134
  -0.0113261
 -0.00702456
 -0.00294803
  -0.0768068
   -0.151358
   -0.222808
   -0.291121
   -0.355656
   -0.416327
   -0.472642
    -0.52443
    -0.57133
   -0.613085
   -0.649437
   -0.679846
   -0.704083
   -0.721806
   -0.732858
   -0.737038
   -0.734271
   -0.724403
   -0.707439
   -0.683571
    -0.65294
   -0.615924
   -0.572822
   -0.524145
    -0.47035
   -0.411943
   -0.349487
   -0.283584
    -0.21487
   -0.144134
  -0.0720869
 -0.00712582
  -0.0132818
   -0.018312
  -0.0226673
  -0.0263576
    -0.02951
  -0.0321782
  -0.0345226
  -0.0366277
  -0.0385617
  -0.0403929
    -0.04195
  -0.0432453
  -0.0443116
  -0.0451614
  -0.0458836
  -0.0464799
  -0.0468417
  -0.0469081
  -0.0465656
  -0.0457166
   -0.044341
  -0.0423486
  -0.0397245
  -0.0363896
  -0.0323361
  -0.0275071
  -0.0221395
  -0.0162603
  -0.0103834
 -0.00467786
  -0.0669741
   -0.132292
   -0.195287
   -0.255966
   -0.313816
   -0.368521
   -0.419616
   -0.466706
   -0.509388
    -0.54733
   -0.580221
    -0.60767
   -0.629441
    -0.64534
    -0.65523
   -0.658991
   -0.656583
   -0.647934
   -0.633084
   -0.612146
   -0.585252
   -0.552587
   -0.514378
   -0.470981
   -0.422752
   -0.370248
   -0.313964
   -0.254605
   -0.192772
   -0.129236
  -0.0646608
 -0.00676762
  -0.0127537
  -0.0178255
  -0.0224081
  -0.0265306
  -0.0303036
  -0.0337996
  -0.0371254
  -0.0403665
   -0.043502
   -0.046573
  -0.0493696
  -0.0518597
  -0.0539959
  -0.0557268
  -0.0570723
  -0.0579662
  -0.0583333
  -0.0580735
  -0.0572627
  -0.0558183
   -0.053806
  -0.0511676
  -0.0478725
  -0.0438652
  -0.0390269
  -0.0333079
  -0.0269373
  -0.0199587
  -0.0129143
 -0.00599202
   -0.057994
   -0.114896
   -0.170159
   -0.223796
   -0.275412
   -0.324487
   -0.370619
   -0.413239
   -0.451942
   -0.486343
   -0.516083
   -0.540904
   -0.560529
   -0.574868
   -0.583769
   -0.587164
   -0.585027
   -0.577362
   -0.564251
   -0.545759
   -0.522045
   -0.493154
   -0.459289
   -0.420686
   -0.377616
   -0.330677
   -0.280267
   -0.227163
   -0.171896
   -0.115199
  -0.0576821
 -0.00680839
  -0.0130563
  -0.0186646
   -0.023865
  -0.0286735
  -0.0331387
  -0.0372852
  -0.0411944
  -0.0448863
  -0.0484083
  -0.0517526
  -0.0548442
  -0.0576336
  -0.0600901
  -0.0621507
  -0.0637482
  -0.0648021
  -0.0651703
   -0.064745
  -0.0635656
  -0.0615462
  -0.0587973
  -0.0552643
  -0.0510402
  -0.0460995
   -0.040484
  -0.0342163
  -0.0275053
    -0.02047
  -0.0133794
 -0.00642496
   -0.050884
   -0.100978
   -0.149813
   -0.197233
    -0.24286
   -0.286306
   -0.327223
   -0.365196
   -0.399896
   -0.430958
   -0.458076
   -0.480884
   -0.499101
   -0.512473
   -0.520792
   -0.524001
   -0.522019
   -0.514927
    -0.50277
   -0.485729
   -0.463957
   -0.437664
   -0.407081
   -0.372519
   -0.334278
    -0.29275
   -0.248307
   -0.201466
   -0.152692
   -0.102517
  -0.0514643
 -0.00723687
  -0.0141097
  -0.0205755
  -0.0266435
    -0.03229
  -0.0374796
  -0.0421737
  -0.0464252
  -0.0501961
  -0.0536268
  -0.0566906
  -0.0594876
  -0.0619884
  -0.0642149
  -0.0661192
  -0.0675621
  -0.0684552
  -0.0685818
   -0.067814
  -0.0661325
  -0.0634348
   -0.059872
  -0.0554007
  -0.0502598
  -0.0444811
  -0.0383005
  -0.0318323
  -0.0252662
  -0.0187825
  -0.0123401
 -0.00609846
  -0.0447704
  -0.0890738
     -0.1325
   -0.174704
   -0.215291
   -0.253963
   -0.290387
    -0.32427
   -0.355344
   -0.383272
   -0.407823
   -0.428569
   -0.445273
   -0.457575
   -0.465256
   -0.468293
   -0.466563
    -0.46021
   -0.449223
   -0.433852
   -0.414201
   -0.390588
   -0.363226
   -0.332455
   -0.298579
   -0.261785
   -0.222428
   -0.180799
   -0.137334
  -0.0924129
  -0.0465251
 -0.00786378
  -0.0152391
  -0.0220522
   -0.028423
  -0.0343058
   -0.039717
  -0.0446125
   -0.048994
  -0.0528168
  -0.0561342
  -0.0589026
  -0.0612027
  -0.0629817
  -0.0643203
  -0.0651498
  -0.0654804
  -0.0652301
  -0.0643224
  -0.0626755
  -0.0602969
  -0.0571532
  -0.0533344
  -0.0488715
  -0.0438992
  -0.0385071
  -0.0328768
  -0.0271489
  -0.0214684
  -0.0159939
  -0.0105929
 -0.00535351
  -0.0397033
  -0.0792994
   -0.118451
   -0.156608
   -0.193364
   -0.228304
   -0.261046
    -0.29132
   -0.318824
   -0.343367
   -0.364727
   -0.382672
   -0.397024
   -0.407608
   -0.414287
   -0.417057
   -0.415849
   -0.410716
   -0.401661
   -0.388793
   -0.372197
   -0.352056
   -0.328539
   -0.301788
   -0.272029
   -0.239363
   -0.204059
   -0.166365
   -0.126626
  -0.0853027
  -0.0428422
 -0.00833093
   -0.015996
  -0.0228819
  -0.0292408
  -0.0350282
  -0.0403378
   -0.045137
    -0.04938
  -0.0530089
  -0.0559679
   -0.058173
  -0.0596594
  -0.0603376
  -0.0603497
  -0.0596244
  -0.0583611
  -0.0565277
  -0.0542378
  -0.0514976
  -0.0483725
  -0.0449131
  -0.0411413
  -0.0371424
  -0.0329059
  -0.0285368
  -0.0241145
  -0.0197696
  -0.0155804
  -0.0116751
 -0.00784115
 -0.00410761
  -0.0354145
  -0.0709689
   -0.106392
   -0.140957
   -0.174285
   -0.205881
   -0.235352
   -0.262465
   -0.286895
   -0.308582
     -0.3273
   -0.342987
   -0.355494
   -0.364802
    -0.37083
   -0.373567
   -0.372984
   -0.369023
   -0.361691
   -0.350954
    -0.33688
   -0.319532
   -0.299069
   -0.275476
   -0.248949
   -0.219562
   -0.187542
   -0.153132
   -0.116612
  -0.0785313
  -0.0392789
 -0.00869249
  -0.0164593
  -0.0230981
  -0.0289628
  -0.0339599
  -0.0383027
  -0.0419361
  -0.0449394
  -0.0472594
  -0.0489223
  -0.0498782
   -0.050158
  -0.0497285
  -0.0487067
  -0.0470996
  -0.0450851
  -0.0427188
   -0.040147
  -0.0374612
  -0.0347034
  -0.0319729
  -0.0292095
  -0.0264914
  -0.0236311
  -0.0206591
  -0.0176419
  -0.0146234
  -0.0116665
 -0.00880624
 -0.00595507
 -0.00309483
  -0.0319439
  -0.0638328
  -0.0953648
    -0.12607
   -0.155615
   -0.183651
   -0.209853
   -0.234016
   -0.255869
   -0.275314
   -0.292163
   -0.306374
   -0.317845
   -0.326592
    -0.33259
    -0.33578
   -0.336169
   -0.333554
   -0.327932
   -0.319068
   -0.306963
    -0.29163
   -0.273148
    -0.25158
   -0.227063
   -0.199905
   -0.170322
    -0.13866
   -0.105192
  -0.0705375
  -0.0350819
 -0.00870762
  -0.0162122
  -0.0222034
  -0.0271221
  -0.0308201
   -0.033637
  -0.0355131
  -0.0366872
  -0.0371497
  -0.0370542
  -0.0364251
  -0.0353186
  -0.0337768
  -0.0318923
  -0.0297406
  -0.0274501
  -0.0251341
  -0.0229336
  -0.0209904
  -0.0192878
  -0.0179428
  -0.0167857
  -0.0158628
  -0.0147897
  -0.0135073
   -0.012066
  -0.0104229
 -0.00863594
 -0.00666373
  -0.0045751
  -0.0023354
  -0.0287896
  -0.0572983
   -0.085214
    -0.11232
   -0.138325
   -0.163015
    -0.18613
    -0.20748
   -0.226843
   -0.244068
   -0.258979
   -0.271532
   -0.281637
   -0.289328
   -0.294622
   -0.297436
   -0.297845
   -0.295561
   -0.290637
   -0.282715
   -0.271798
   -0.257903
   -0.241067
   -0.221447
   -0.199124
   -0.174614
   -0.148098
   -0.119991
   -0.090521
  -0.0603362
  -0.0297739
 -0.00682144
  -0.0125584
  -0.0168529
  -0.0200794
  -0.0220898
  -0.0232203
  -0.0234527
  -0.0230871
  -0.0221898
  -0.0209785
  -0.0195664
  -0.0179655
   -0.016282
  -0.0144953
  -0.0127029
  -0.0109472
 -0.00932569
 -0.00792144
 -0.00682729
 -0.00604168
 -0.00561617
 -0.00543415
 -0.00547987
  -0.0055199
 -0.00547556
 -0.00530187
 -0.00493576
 -0.00437371
 -0.00356805
  -0.0025735
 -0.00136702
  -0.0252216
  -0.0501597
  -0.0745582
  -0.0982122
   -0.120884
   -0.142402
   -0.162565
   -0.181256
    -0.19832
   -0.213537
   -0.226771
   -0.237813
   -0.246562
    -0.25285
   -0.256634
   -0.257946
   -0.256834
   -0.253233
   -0.247212
    -0.23868
   -0.227697
    -0.21439
   -0.198848
   -0.181272
   -0.161781
   -0.140805
   -0.118528
  -0.0953326
  -0.0714337
  -0.0473145
  -0.0232383
 -0.00411747
 -0.00732006
 -0.00925752
  -0.0102683
  -0.0102239
 -0.00946175
 -0.00800469
 -0.00620422
 -0.00418967
  -0.0022231
-0.000483749
  0.00108962
  0.00235786
  0.00348937
  0.00439889
  0.00516127
  0.00572358
  0.00608316
  0.00620988
    0.006088
  0.00571942
  0.00513812
  0.00438633
  0.00349826
  0.00253657
  0.00162145
  0.00082268
 0.000203154
-0.000179755
-0.000350386
-0.000281372
  -0.0215659
  -0.0427988
  -0.0634862
   -0.083422
   -0.102411
   -0.120308
   -0.136964
   -0.152319
   -0.166291
   -0.178617
   -0.189242
   -0.197852
   -0.204392
   -0.208566
   -0.210311
   -0.209803
   -0.207064
   -0.202242
   -0.195404
   -0.186688
   -0.176187
   -0.164107
   -0.150563
   -0.135777
   -0.119883
   -0.103205
  -0.0859132
   -0.068347
  -0.0506895
  -0.0332513
  -0.0162147
-0.000568404
-0.000741926
-0.000280426
  0.00069558
  0.00225364
  0.00426283
  0.00667798
  0.00921049
   0.0117189
   0.0140185
   0.0159543
   0.0175545
   0.0187187
   0.0195845
   0.0201109
    0.020369
   0.0203435
   0.0200135
   0.0193667
   0.0184568
   0.0172992
   0.0159196
   0.0143563
   0.0126054
   0.0107201
  0.00881536
  0.00696401
   0.0052042
  0.00359171
  0.00215176
 0.000917153
  -0.0179395
  -0.0354648
   -0.052425
  -0.0685871
  -0.0838116
  -0.0979387
   -0.110858
   -0.122336
   -0.132277
   -0.140545
   -0.147088
   -0.151776
   -0.154592
   -0.155513
   -0.154562
   -0.151949
   -0.147756
   -0.142132
   -0.135183
   -0.127068
   -0.117904
    -0.10793
  -0.0972753
  -0.0861191
  -0.0745845
  -0.0629308
  -0.0512978
  -0.0399558
  -0.0290504
  -0.0187233
 -0.00907723
  0.00309159
  0.00599578
  0.00880939
   0.0116271
   0.0144673
   0.0174364
   0.0205007
   0.0234719
   0.0262304
   0.0286976
   0.0307598
   0.0324114
    0.033583
   0.0343591
   0.0347211
   0.0347104
    0.034327
   0.0335113
   0.0322578
   0.0306884
   0.0288344
   0.0267216
   0.0243936
   0.0218201
   0.0190491
   0.0161858
      0.0133
   0.0103976
  0.00753014
  0.00477532
  0.00217799
  -0.0139268
  -0.0273584
  -0.0401763
  -0.0521124
   -0.063089
  -0.0729593
  -0.0816884
  -0.0889232
  -0.0945887
  -0.0986947
   -0.101208
    -0.10217
   -0.101584
  -0.0996748
  -0.0965109
  -0.0923075
  -0.0871813
  -0.0812627
  -0.0746846
  -0.0676227
  -0.0602133
  -0.0527216
   -0.045282
  -0.0380255
  -0.0310543
  -0.0245452
  -0.0185899
  -0.0133636
 -0.00895792
  -0.0053418
 -0.00255504
  0.00625657
   0.0118242
   0.0166459
    0.021091
   0.0251536
   0.0289905
   0.0325808
   0.0359293
   0.0389759
   0.0416371
   0.0438376
   0.0455159
    0.046609
   0.0471799
   0.0472067
   0.0467697
   0.0458802
   0.0445614
   0.0428467
   0.0408233
   0.0385561
   0.0360255
   0.0332874
   0.0302317
   0.0268873
   0.0233065
   0.0195268
   0.0155908
   0.0115296
  0.00747553
  0.00347754
  -0.0103634
  -0.0198927
  -0.0284518
  -0.0357992
  -0.0418426
  -0.0466533
  -0.0502337
  -0.0525324
  -0.0535669
   -0.053425
  -0.0521542
   -0.049884
  -0.0466879
  -0.0427814
  -0.0382639
  -0.0332487
  -0.0278354
  -0.0221671
  -0.0163661
  -0.0107448
 -0.00546335
-0.000764373
  0.00319929
  0.00634429
  0.00855998
  0.00980089
   0.0100099
  0.00930654
   0.0077116
   0.0055071
  0.00279368
  0.00928432
   0.0173758
   0.0240761
   0.0300362
    0.035225
   0.0398381
   0.0438622
   0.0474951
   0.0507362
   0.0534908
   0.0557189
    0.057302
   0.0581852
    0.058416
   0.0579777
   0.0570023
   0.0555252
   0.0536671
   0.0515076
   0.0490966
   0.0465289
   0.0437315
   0.0407647
   0.0374263
    0.033715
   0.0296184
    0.025133
   0.0203343
   0.0152287
        0.01
  0.00470075
 -0.00627417
  -0.0114769
  -0.0154928
   -0.018144
  -0.0193392
  -0.0193531
  -0.0181993
   -0.016086
  -0.0130855
 -0.00933199
 -0.00492722
-7.05696e-05
  0.00510519
    0.010392
   0.0156537
   0.0208659
   0.0259438
   0.0307474
   0.0351964
   0.0388987
   0.0417214
   0.0434917
   0.0440719
   0.0434398
   0.0414702
    0.038209
   0.0335859
   0.0279512
    0.021385
   0.0143795
  0.00715858
   0.0108032
    0.020425
   0.0286425
   0.0359296
   0.0422402
   0.0477554
   0.0524658
   0.0564905
   0.0598213
   0.0624685
   0.0644078
   0.0656876
   0.0663086
   0.0663551
   0.0658752
    0.064876
   0.0634196
    0.061441
   0.0589799
   0.0560766
   0.0527607
     0.04904
   0.0449202
   0.0404466
   0.0356315
   0.0306294
   0.0255129
   0.0203281
   0.0151736
   0.0100093
  0.00492469
 -0.00131754
 -0.00148026
-0.000394541
  0.00177493
   0.0050322
  0.00913171
    0.014022
   0.0195328
   0.0255896
   0.0320175
    0.038716
   0.0454266
   0.0520055
   0.0581815
   0.0637827
   0.0686659
   0.0726815
   0.0757364
   0.0777194
    0.078574
   0.0782312
    0.076734
   0.0740558
    0.070252
    0.065309
   0.0590142
   0.0513206
   0.0424291
   0.0324047
   0.0217791
   0.0107817
   0.0118923
   0.0226448
   0.0320497
    0.040402
   0.0476344
   0.0538979
   0.0591682
   0.0634591
   0.0667412
   0.0691348
   0.0706445
   0.0715106
   0.0718084
   0.0716696
   0.0712039
   0.0702718
   0.0689334
   0.0668994
   0.0641414
   0.0606767
   0.0564689
   0.0516266
    0.046133
   0.0403342
    0.034307
   0.0284216
   0.0228606
   0.0176496
   0.0129714
  0.00852523
  0.00439155
  0.00340187
  0.00798165
   0.0138024
   0.0203625
   0.0275784
   0.0352224
    0.043197
   0.0513662
   0.0596592
   0.0678835
   0.0759716
   0.0836572
   0.0908393
   0.0972473
    0.102728
    0.107066
    0.110069
    0.111685
     0.11174
    0.110439
    0.107708
    0.103732
     0.09854
   0.0922342
   0.0849071
   0.0761218
   0.0658884
   0.0542927
   0.0414063
   0.0278031
   0.0137098
   0.0125577
   0.0239609
   0.0339976
   0.0429334
   0.0507015
   0.0574551
   0.0631905
   0.0678753
   0.0715063
   0.0740607
    0.075542
   0.0761449
   0.0759177
    0.075082
   0.0737112
   0.0717695
    0.069285
   0.0661427
   0.0623362
   0.0579975
    0.053177
    0.047929
   0.0423417
   0.0366012
   0.0308501
   0.0253299
   0.0202206
   0.0155269
   0.0113789
  0.00750377
  0.00390926
  0.00812498
   0.0172213
   0.0273246
   0.0378514
   0.0486776
   0.0594193
   0.0699032
   0.0799677
   0.0894682
    0.098305
    0.106372
    0.113622
     0.11998
     0.12544
    0.129938
    0.133346
    0.135577
    0.136537
    0.136126
    0.134226
    0.130739
     0.12568
    0.119021
     0.11084
    0.101193
   0.0899651
   0.0772257
   0.0631675
   0.0479323
   0.0320525
   0.0157883
   0.0127431
    0.024337
   0.0345731
    0.043704
   0.0516781
   0.0586621
   0.0646794
   0.0696491
   0.0735786
   0.0762661
   0.0776759
   0.0779166
   0.0769817
   0.0751771
   0.0725509
    0.069209
    0.065196
   0.0606365
   0.0556016
   0.0503808
   0.0451344
   0.0398533
   0.0347036
   0.0296508
   0.0248432
   0.0203268
   0.0162288
   0.0125049
   0.0092224
  0.00615828
   0.0032758
   0.0117246
   0.0241803
   0.0373783
   0.0506962
    0.064021
   0.0768787
   0.0890761
    0.100465
     0.11085
    0.120215
    0.128391
    0.135499
    0.141433
    0.146373
    0.150286
    0.153086
    0.154759
    0.155175
     0.15433
    0.151835
    0.147625
    0.141591
    0.133681
    0.123964
    0.112455
   0.0993465
   0.0847443
   0.0689284
   0.0520922
   0.0347146
   0.0170737
   0.0131024
   0.0249173
   0.0352096
   0.0442189
   0.0518571
   0.0583166
   0.0635822
   0.0676713
   0.0705704
   0.0722208
   0.0726095
   0.0718819
     0.07009
   0.0675528
   0.0644098
   0.0607022
   0.0565661
    0.052065
   0.0473378
   0.0425467
     0.03785
   0.0332407
   0.0288437
   0.0246774
   0.0208439
   0.0173153
   0.0141497
   0.0111763
  0.00837093
  0.00563998
  0.00291193
   0.0146038
   0.0293254
   0.0440454
   0.0584951
    0.072556
   0.0860426
   0.0988327
    0.110869
    0.122035
    0.132234
    0.141347
    0.149354
    0.156163
    0.161719
    0.165952
    0.168713
    0.169944
    0.169556
    0.167526
    0.163744
    0.158198
    0.150866
     0.14175
    0.130823
    0.118105
    0.103856
   0.0881849
   0.0714101
   0.0537157
   0.0356381
   0.0174521
   0.0130336
   0.0246432
   0.0345399
   0.0429319
   0.0496842
   0.0550163
   0.0588873
   0.0614445
    0.062693
   0.0627738
   0.0617461
   0.0598349
   0.0571797
   0.0541209
   0.0508842
   0.0474145
   0.0439002
   0.0402835
   0.0367128
     0.03316
   0.0297329
   0.0263979
   0.0232225
   0.0202842
    0.017645
   0.0152161
   0.0129963
   0.0106968
   0.0082153
  0.00560867
  0.00279435
   0.0168482
   0.0333188
   0.0491988
   0.0645561
   0.0792324
    0.093272
    0.106565
    0.119081
     0.13074
    0.141334
    0.150791
    0.158973
    0.165838
    0.171157
    0.174876
    0.176835
    0.176979
    0.175286
    0.171733
    0.166484
    0.159583
    0.151097
    0.141086
    0.129439
    0.116181
    0.101625
   0.0858592
   0.0692099
    0.051817
   0.0342301
   0.0166835
   0.0105693
   0.0200464
   0.0281192
   0.0349297
   0.0403616
    0.044491
   0.0473076
   0.0490013
   0.0496544
   0.0493894
    0.048341
   0.0466274
    0.044412
   0.0419337
   0.0393888
   0.0367766
   0.0342457
   0.0316946
   0.0292048
   0.0266987
   0.0242032
   0.0217092
   0.0192183
   0.0168568
     0.01464
    0.012563
    0.010615
  0.00865518
  0.00663715
  0.00453229
  0.00231254
   0.0175382
   0.0348511
    0.051755
   0.0681994
   0.0840323
   0.0991972
    0.113573
    0.126887
    0.138999
    0.149591
     0.15853
    0.165778
    0.171275
    0.174987
    0.176896
    0.176987
    0.175262
     0.17178
     0.16657
    0.159809
    0.151572
    0.141997
    0.131179
    0.119164
    0.106031
   0.0920271
   0.0772572
   0.0619656
   0.0462776
   0.0305488
   0.0149497
  0.00670212
   0.0127997
    0.018027
   0.0225017
   0.0261489
   0.0288989
   0.0307603
   0.0319381
    0.032556
   0.0326654
   0.0324213
   0.0317737
   0.0308519
   0.0297415
   0.0285691
   0.0273668
   0.0262275
   0.0250024
   0.0237082
   0.0222322
    0.020536
   0.0186567
   0.0165523
   0.0144236
   0.0122695
   0.0102076
  0.00825373
  0.00645112
  0.00482463
  0.00324522
  0.00171346
   0.0180548
   0.0359259
   0.0534041
   0.0703037
   0.0864844
    0.101823
    0.116239
    0.129295
    0.140864
     0.15059
    0.158331
    0.164168
    0.168036
    0.170083
    0.170306
    0.168817
     0.16565
    0.160919
    0.154683
    0.147108
    0.138277
    0.128371
    0.117492
    0.105814
   0.0934466
   0.0805593
   0.0672665
   0.0537317
   0.0400718
   0.0264622
   0.0130265
  0.00240698
  0.00489798
  0.00733561
  0.00963912
   0.0117794
   0.0135885
     0.01508
   0.0162122
   0.0170448
   0.0175503
   0.0177942
   0.0178158
   0.0176762
   0.0174417
   0.0171761
    0.016895
   0.0166412
    0.016309
   0.0158948
   0.0153051
   0.0145111
   0.0135138
   0.0122941
   0.0109624
  0.00952992
  0.00808244
   0.0066397
  0.00525556
  0.00394326
  0.00265366
   0.0013748
   0.0195571
   0.0384347
   0.0563622
   0.0731733
   0.0886868
    0.102846
    0.115555
    0.126653
    0.136064
    0.143675
    0.149421
    0.153399
    0.155594
    0.156142
    0.155072
    0.152511
    0.148517
    0.143227
    0.136722
    0.129165
    0.120658
    0.111362
    0.101389
   0.0908789
   0.0799421
   0.0686978
   0.0572458
   0.0456827
    0.034096
   0.0225645
   0.0111679
 -0.00188475
 -0.00296388
 -0.00322972
 -0.00296633
 -0.00216815
 -0.00111898
 0.000172442
  0.00137831
  0.00246362
  0.00330493
  0.00387458
  0.00432082
  0.00465815
  0.00496168
  0.00525691
  0.00556391
  0.00589788
  0.00622057
  0.00652823
    0.006762
  0.00690888
  0.00692628
  0.00680362
   0.0065336
  0.00611046
  0.00555353
  0.00485583
  0.00405502
  0.00314124
  0.00215602
  0.00109312
   0.0197907
   0.0384812
   0.0557797
   0.0715832
   0.0857008
   0.0981609
    0.108855
    0.117878
    0.125182
     0.13086
    0.134898
    0.137388
    0.138343
    0.137875
    0.136025
    0.132922
    0.128635
    0.123306
    0.117026
    0.109946
    0.102171
   0.0938403
   0.0850653
   0.0759544
   0.0666133
    0.057116
   0.0475502
   0.0379518
   0.0283878
   0.0188556
  0.00940429
 -0.00430932
  -0.0077334
  -0.0101945
    -0.01187
  -0.0127546
  -0.0130714
  -0.0128629
  -0.0123887
  -0.0117129
  -0.0109667
  -0.0101888
 -0.00934003
 -0.00841926
 -0.00741883
 -0.00633112
 -0.00517553
 -0.00395478
 -0.00271321
 -0.00146895
-0.000266128
 0.000868598
  0.00189982
  0.00280088
  0.00353921
  0.00408896
  0.00439077
  0.00440557
  0.00405721
  0.00328759
  0.00228544
  0.00104804
    0.018434
   0.0354251
   0.0506374
   0.0642513
   0.0761056
   0.0863795
   0.0950082
    0.102142
    0.107764
    0.111985
    0.114815
    0.116348
    0.116611
    0.115709
    0.113689
    0.110668
    0.106714
    0.101947
    0.096455
   0.0903584
   0.0837572
   0.0767576
   0.0694625
    0.061954
   0.0543267
   0.0466236
   0.0389147
   0.0311585
   0.0233881
   0.0156033
  0.00782764
 -0.00599033
  -0.0111595
   -0.015414
  -0.0188304
  -0.0213889
  -0.0232124
  -0.0243283
  -0.0248641
  -0.0248605
  -0.0244171
  -0.0235619
  -0.0223662
  -0.0208476
  -0.0190785
  -0.0170827
  -0.0149352
  -0.0126731
  -0.0103646
 -0.00805721
 -0.00579134
 -0.00361442
 -0.00155533
 0.000344324
  0.00203242
  0.00346579
  0.00450681
  0.00508319
  0.00500208
  0.00415959
  0.00290171
   0.0012422
   0.0164246
   0.0311505
   0.0438387
     0.05496
   0.0643782
   0.0724072
   0.0790083
   0.0843664
   0.0884816
   0.0914652
   0.0933341
   0.0941743
   0.0940173
   0.0929526
   0.0910293
   0.0883419
   0.0849567
   0.0809638
   0.0764429
   0.0714775
   0.0661546
    0.060541
   0.0547288
   0.0487799
   0.0427859
   0.0367706
   0.0307981
   0.0247636
   0.0186742
   0.0125332
  0.00633838
 -0.00781441
  -0.0146363
  -0.0203458
  -0.0250613
  -0.0287357
  -0.0314826
   -0.033303
  -0.0343211
  -0.0345675
  -0.0341485
  -0.0331086
  -0.0315358
  -0.0294811
   -0.027021
  -0.0242104
  -0.0211191
  -0.0178024
    -0.01434
  -0.0107879
 -0.00727666
  -0.0038806
-0.000799707
  0.00185429
  0.00406555
  0.00572828
  0.00677623
   0.0070996
  0.00665766
  0.00536908
  0.00363952
  0.00154174
   0.0129352
   0.0243751
   0.0340356
   0.0424169
   0.0494153
   0.0553424
   0.0601707
   0.0640687
   0.0670341
   0.0691586
   0.0704501
    0.070977
     0.07076
   0.0698808
   0.0683799
   0.0663412
   0.0638239
   0.0608892
   0.0576062
   0.0540056
   0.0501533
   0.0459978
   0.0415899
   0.0370459
   0.0324406
   0.0278313
   0.0232782
   0.0187236
   0.0141813
  0.00958093
  0.00490977
 -0.00937624
  -0.0175442
  -0.0243442
  -0.0299431
  -0.0342797
  -0.0374809
  -0.0395442
  -0.0406175
  -0.0407424
  -0.0400464
  -0.0385963
  -0.0364926
  -0.0338122
  -0.0306229
  -0.0269994
  -0.0229935
  -0.0186709
  -0.0141195
 -0.00940695
 -0.00476528
-0.000309383
  0.00357233
  0.00668949
  0.00906679
   0.0105476
   0.0111615
   0.0107873
  0.00956815
  0.00746295
  0.00493702
  0.00211353
  0.00906505
   0.0168937
     0.02329
    0.028782
   0.0332918
   0.0371142
   0.0402208
   0.0427507
   0.0446902
   0.0461035
   0.0469829
   0.0473722
   0.0472745
   0.0467557
   0.0458396
   0.0445924
   0.0430604
   0.0412733
   0.0392902
   0.0370935
   0.0347351
   0.0320553
    0.029066
   0.0259287
   0.0226929
   0.0194417
   0.0162289
   0.0130482
  0.00993141
  0.00675731
  0.00352263
 -0.00902576
  -0.0171632
  -0.0242276
  -0.0302079
  -0.0350336
  -0.0387331
  -0.0413064
  -0.0428326
  -0.0433598
  -0.0429814
   -0.041773
  -0.0398271
  -0.0372316
  -0.0340684
  -0.0304288
  -0.0263911
  -0.0220483
  -0.0175052
  -0.0128659
  -0.0083209
 -0.00400493
-0.000191937
  0.00296189
  0.00542078
  0.00708334
   0.0079529
  0.00798438
  0.00727508
  0.00585433
  0.00401006
  0.00186865
  0.00401925
  0.00753079
   0.0104717
   0.0130495
   0.0152241
   0.0171322
   0.0187511
   0.0201407
   0.0212849
   0.0222063
   0.0228924
   0.0233551
   0.0235873
   0.0236109
   0.0234287
   0.0230648
   0.0225335
   0.0218445
   0.0210204
   0.0200534
   0.0189664
   0.0176817
   0.0162036
   0.0146019
   0.0128977
   0.0111351
  0.00934225
  0.00752809
  0.00571756
  0.00387216
  0.00200386
 5.73436e-05
 0.000111564
 0.000159942
 0.000200666
 0.000232707
 0.000255894
 0.000270548
 0.000277422
 0.000277337
 0.000271197
 0.000259787
  0.00024385
 0.000223998
 0.000200813
  0.00017482
 0.000146591
 0.000116761
 8.60986e-05
 5.55141e-05
 2.60379e-05
-1.20892e-06
 -2.5138e-05
 -4.4735e-05
-5.92211e-05
-6.80606e-05
-7.11295e-05
-6.86191e-05
-6.11293e-05
-4.94778e-05
-3.47006e-05
-1.78578e-05
-0.000111182
-0.000222364
-0.000212404
-0.000202445
 -0.00018823
-0.000174015
-0.000161121
-0.000148226
-0.000135214
-0.000122201
-0.000106819
-9.14372e-05
-7.28126e-05
-5.41879e-05
-3.56969e-05
-1.72059e-05
-2.82342e-06
 1.15591e-05
 1.68264e-05
 2.20936e-05
 2.33413e-05
 2.45889e-05
 3.86397e-05
 5.26905e-05
 5.89775e-05
 6.52645e-05
 5.86543e-05
 5.20441e-05
  2.8047e-05
 4.04997e-06
 2.02498e-06
