   0.0980244
    0.195099
    0.290291
    0.382692
    0.471413
    0.555585
    0.634406
    0.707126
    0.773027
    0.831487
    0.881937
    0.923897
    0.956957
    0.980807
    0.995196
     1.00002
    0.995195
    0.980804
    0.956953
    0.923892
    0.881931
    0.831479
    0.773018
    0.707117
    0.634396
    0.555576
    0.471403
    0.382681
     0.29028
    0.195089
   0.0980195
   -0.757588
    -1.50898
    -2.24687
     -2.9641
    -3.65368
    -4.30889
    -4.92333
    -5.49102
    -6.00638
    -6.46438
     -6.8605
    -7.19086
    -7.45217
    -7.64185
    -7.75798
    -7.79938
    -7.76555
    -7.65678
    -7.47403
    -7.21901
    -6.89412
    -6.50245
    -6.04772
    -5.53429
    -4.96705
    -4.35145
    -3.69332
    -2.99924
    -2.27602
    -1.53028
   -0.769159
   0.0954483
    0.189988
    0.282707
    0.372715
    0.459143
    0.541159
    0.617971
     0.68884
    0.753082
    0.810076
    0.859274
      0.9002
    0.932459
     0.95574
    0.969817
    0.974553
    0.969903
    0.955911
     0.93271
    0.900523
    0.859659
    0.810512
    0.753553
    0.689332
    0.618465
    0.541638
    0.459595
    0.373118
    0.283039
    0.190228
   0.0955778
   -0.739533
    -1.47296
    -2.19316
    -2.89313
    -3.56604
    -4.20535
     -4.8048
    -5.35856
    -5.86119
     -6.3078
    -6.69398
    -7.01596
    -7.27053
    -7.45519
    -7.56807
    -7.60804
    -7.57461
    -7.46808
    -7.28939
    -7.04023
    -6.72293
    -6.34055
    -5.89667
    -5.39576
    -4.84271
    -4.24255
    -3.60097
    -2.92428
    -2.21905
     -1.4919
   -0.749826
   0.0928912
    0.184913
    0.275179
    0.362817
    0.446982
    0.526861
    0.601684
    0.670727
    0.733324
     0.78887
    0.836828
    0.876734
    0.908202
    0.930926
    0.944686
    0.949349
    0.944865
    0.931278
    0.908717
    0.877398
     0.83762
    0.789766
    0.734295
    0.671741
    0.602703
    0.527856
    0.447924
    0.363663
     0.27588
    0.185425
   0.0931671
   -0.721879
    -1.43771
    -2.14054
    -2.82353
    -3.48002
    -4.10362
    -4.68825
    -5.22821
    -5.71823
    -6.15352
    -6.52981
    -6.84343
    -7.09126
    -7.27088
    -7.38047
    -7.41896
    -7.38588
    -7.28154
    -7.10686
    -6.86351
    -6.55376
     -6.1806
    -5.74747
    -5.25893
    -4.71985
    -4.13488
    -3.50961
    -2.85007
     -2.1626
    -1.45386
   -0.730654
   0.0903705
    0.179907
    0.267744
    0.353036
    0.434956
    0.512716
    0.585561
    0.652789
    0.713749
    0.767851
     0.81457
    0.853455
    0.884126
    0.906286
    0.919717
    0.924286
    0.919947
    0.906735
    0.884774
     0.85427
    0.815508
    0.768869
      0.7148
    0.653813
    0.586477
      0.5135
    0.435592
    0.353523
    0.268104
    0.180147
   0.0905708
   -0.704549
    -1.40306
    -2.08871
    -2.75488
    -3.39505
    -4.00303
    -4.57288
    -5.09908
    -5.57649
    -6.00046
    -6.36685
    -6.67208
    -6.91314
    -7.08767
    -7.19392
    -7.23086
    -7.19805
     -7.0958
    -6.92503
    -6.68752
    -6.38557
    -6.02188
    -5.59985
    -5.12374
     -4.5982
    -4.02801
    -3.41866
    -2.77601
    -2.10626
    -1.41588
   -0.711526
   0.0878793
    0.174958
    0.260392
    0.343359
    0.423055
     0.49871
    0.569591
    0.635014
    0.694341
    0.747001
    0.792478
    0.830334
    0.860197
    0.881774
    0.894854
    0.899303
    0.895073
    0.882196
    0.860789
    0.831048
    0.793247
    0.747767
    0.695045
    0.635575
    0.569902
    0.498775
    0.422892
    0.343045
    0.260048
    0.174673
   0.0878764
   -0.687367
    -1.36868
    -2.03729
    -2.68675
    -3.31072
    -3.90319
    -4.45838
    -4.97093
    -5.43583
    -5.84858
    -6.20515
    -6.50208
    -6.73644
    -6.90596
    -7.00893
    -7.04437
    -7.01186
    -6.91173
    -6.74482
    -6.51303
    -6.21871
     -5.8643
    -5.45317
    -4.98928
    -4.47711
    -3.92157
    -3.32801
    -2.70215
    -2.05003
    -1.37796
   -0.692414
   0.0854044
    0.170041
    0.253088
    0.333744
    0.411226
    0.484785
    0.553706
     0.61732
    0.675009
     0.72621
    0.770421
     0.80721
    0.836211
    0.857133
    0.869761
    0.873966
    0.869686
    0.856986
    0.835979
    0.806877
    0.769953
     0.72559
    0.674227
    0.616363
    0.552559
    0.483504
    0.409894
    0.332476
     0.25204
    0.169313
    0.085215
   -0.670032
    -1.33403
    -1.98553
    -2.61824
    -3.22602
    -3.80299
    -4.34355
    -4.84247
    -5.29489
    -5.69646
    -6.04325
    -6.33191
    -6.55962
    -6.72416
    -6.82392
    -6.85799
    -6.82603
    -6.72824
     -6.5655
     -6.3395
    -6.05247
    -5.70698
    -5.30635
    -4.85446
    -4.35566
    -3.81477
    -3.23701
    -2.62797
    -1.99353
    -1.33983
   -0.673187
   0.0829367
    0.165137
    0.245799
    0.324144
    0.399408
    0.470862
    0.537806
     0.59959
    0.655608
    0.705309
    0.748203
    0.783861
    0.811926
    0.832108
    0.844192
    0.848053
    0.843624
     0.83101
    0.810326
    0.781807
    0.745731
    0.702491
    0.652527
    0.596342
    0.534511
     0.46765
     0.39644
    0.321572
    0.243807
    0.163819
   0.0824908
   -0.652628
    -1.29924
    -1.93353
    -2.54941
     -3.1409
    -3.70229
    -4.22813
    -4.71336
    -5.15323
    -5.54355
    -5.88049
    -6.16082
    -6.38179
    -6.54128
     -6.6377
    -6.67027
    -6.63871
    -6.54312
    -6.38441
    -6.16411
    -5.88434
    -5.54779
    -5.15773
    -4.71793
    -4.23264
    -3.70657
    -3.14481
    -2.55281
    -1.93628
     -1.3012
   -0.653706
   0.0804669
    0.160223
    0.238486
    0.314495
    0.387502
    0.456795
    0.521689
    0.581545
    0.635766
    0.683817
    0.725211
    0.759551
    0.786477
    0.805769
    0.817241
    0.820758
    0.816279
    0.803889
    0.783721
    0.755997
    0.721008
    0.679124
    0.630779
    0.576458
    0.516714
    0.452131
    0.383354
    0.311038
    0.235894
    0.158561
   0.0798485
   -0.634932
    -1.26388
    -1.88071
    -2.47952
    -3.05451
    -3.60013
    -4.11109
    -4.58248
    -5.00972
     -5.3887
    -5.71575
    -5.98771
    -6.20195
    -6.35639
     -6.4495
    -6.48047
    -6.44902
    -6.35537
    -6.20043
     -5.9857
    -5.71329
    -5.38583
     -5.0065
      -4.579
    -4.10747
     -3.5965
    -3.05104
    -2.47637
    -1.87807
    -1.26193
   -0.633914
   0.0779398
    0.155193
    0.230992
    0.304592
     0.37526
    0.442299
    0.505038
    0.562852
    0.615154
     0.66143
    0.701201
    0.734109
    0.759801
    0.778139
    0.788973
    0.792161
    0.787688
    0.775613
     0.75608
    0.729293
    0.695543
    0.655169
    0.608593
    0.556269
    0.498725
     0.43651
    0.370233
    0.300509
    0.228006
    0.153329
   0.0772206
   -0.616931
    -1.22789
    -1.82696
    -2.40838
    -2.96654
    -3.49606
    -3.99183
    -4.44907
    -4.86336
    -5.23071
    -5.54757
    -5.81092
    -6.01821
    -6.16742
     -6.2571
    -6.28642
    -6.25509
    -6.16345
     -6.0124
    -5.80343
    -5.53859
    -5.22047
    -4.85218
    -4.43729
    -3.97987
    -3.48434
    -2.95553
    -2.39857
    -1.81886
    -1.22201
   -0.613804
   0.0752283
    0.149791
    0.222927
    0.293915
    0.362031
    0.426617
    0.487016
     0.54265
    0.592964
    0.637461
    0.675699
     0.70733
    0.732044
    0.749668
    0.760061
    0.763111
    0.758812
    0.747218
    0.728469
    0.702758
     0.67036
    0.631598
    0.586869
    0.536598
    0.481279
    0.421428
    0.357612
    0.290412
    0.220446
     0.14831
   0.0746748
   -0.598529
    -1.19112
    -1.77204
    -2.33571
     -2.8767
    -3.38978
       -3.87
    -4.31275
    -4.71376
    -5.06917
    -5.37556
    -5.63002
     -5.8301
    -5.97387
    -6.05996
    -6.08758
    -6.05649
    -5.96703
    -5.82009
    -5.61713
    -5.36015
    -5.05169
    -4.69476
    -4.29284
    -3.84987
    -3.37015
    -2.85836
    -2.31947
     -1.7587
    -1.18148
   -0.593409
     0.07227
    0.143906
    0.214156
    0.282324
      0.3477
     0.40967
    0.467601
    0.520967
    0.569247
    0.611969
    0.648727
    0.679174
    0.703036
    0.720093
    0.730204
    0.733282
    0.729321
    0.718369
    0.700557
    0.676062
    0.645141
    0.608098
    0.565303
    0.517148
    0.464092
    0.406617
    0.345252
    0.280544
    0.213068
    0.143413
   0.0721887
    -0.57953
    -1.15316
    -1.71538
    -2.26076
    -2.78405
    -3.28021
    -3.74447
    -4.17236
    -4.55977
      -4.903
    -5.19876
    -5.44422
    -5.63704
    -5.77541
    -5.85801
    -5.88409
    -5.85343
    -5.76639
    -5.62384
    -5.42721
    -5.17845
       -4.88
    -4.53479
    -4.14621
    -3.71805
    -3.25448
    -2.76003
     -2.2395
    -1.69794
    -1.14058
   -0.572843
   0.0689186
    0.137319
    0.204476
    0.269701
    0.332319
    0.391706
    0.447261
    0.498475
    0.544854
    0.585941
    0.621349
     0.65074
    0.673846
    0.690448
    0.700407
    0.703633
    0.700117
    0.689895
    0.673081
     0.64984
    0.620403
    0.585055
    0.544132
    0.498012
    0.447117
    0.391914
    0.332897
    0.270599
    0.205569
    0.138391
   0.0696574
   -0.560007
    -1.11415
     -1.6571
    -2.18364
    -2.68873
    -3.16751
    -3.61539
    -4.02808
    -4.40164
    -4.73248
    -5.01747
    -5.25388
    -5.43948
    -5.57252
    -5.65177
    -5.67649
    -5.64651
    -5.56216
     -5.4243
    -5.23432
    -4.99411
    -4.70602
     -4.3729
      -3.998
    -3.58499
    -3.13789
    -2.66106
    -2.15912
    -1.63695
    -1.09958
   -0.552227
   0.0652914
    0.130218
    0.194095
    0.256243
    0.316023
    0.372798
    0.425991
    0.475105
    0.519661
    0.559215
    0.593391
    0.621853
    0.644334
    0.660617
    0.670553
    0.674053
    0.671092
    0.661695
    0.645954
    0.624019
    0.596093
    0.562442
     0.52337
    0.479245
    0.430459
    0.377466
    0.320733
    0.260785
    0.198151
    0.133413
   0.0671435
   -0.539851
    -1.07392
    -1.59709
    -2.10435
    -2.59084
    -3.05192
    -3.48318
    -3.88049
    -4.24007
    -4.55848
    -4.83269
    -5.06011
    -5.23858
    -5.36644
    -5.44249
    -5.46606
    -5.43697
    -5.35555
    -5.22263
    -5.03956
    -4.80816
    -4.53069
    -4.20989
    -3.84889
    -3.45124
    -3.02078
    -2.56171
    -2.07849
    -1.57581
     -1.0585
   -0.531581
   0.0617567
    0.123268
    0.183886
    0.242965
    0.299892
    0.354061
    0.404918
    0.451962
    0.494721
    0.532766
    0.565721
    0.593257
    0.615102
    0.631042
    0.640917
    0.644635
    0.642153
    0.633494
    0.618729
       0.598
    0.571488
    0.539448
    0.502166
    0.459992
    0.413309
    0.362541
    0.308151
    0.250619
    0.190457
    0.128245
   0.0645568
   -0.519143
    -1.03266
    -1.53565
     -2.0233
    -2.49095
    -2.93414
    -3.34865
    -3.73051
    -4.07608
    -4.38208
     -4.6456
    -4.86414
    -5.03563
    -5.15847
    -5.23152
    -5.25414
    -5.22614
    -5.14785
    -5.02009
    -4.84412
    -4.62171
    -4.35503
    -4.04671
    -3.69975
    -3.31754
    -2.90379
    -2.46252
      -1.998
    -1.51474
    -1.01744
   -0.510949
   0.0582341
    0.116347
    0.173726
    0.229762
    0.283865
    0.335467
     0.38403
    0.429049
    0.470056
    0.506633
    0.538399
    0.565033
    0.586253
    0.601849
    0.611647
    0.615554
    0.613508
    0.605532
     0.59168
     0.57209
    0.546927
    0.516435
    0.480888
    0.440622
    0.396013
    0.347456
    0.295409
    0.240308
    0.182643
    0.122992
   0.0619264
   -0.498133
    -0.99086
    -1.47349
    -1.94141
    -2.39016
    -2.81545
    -3.21324
    -3.57971
    -3.91137
    -4.20507
      -4.458
    -4.66776
    -4.83238
     -4.9503
    -5.02044
    -5.04217
    -5.01532
     -4.9402
     -4.8176
    -4.64873
    -4.43529
    -4.17938
    -3.88351
    -3.55056
    -3.18377
    -2.78672
    -2.36325
    -1.91747
    -1.45366
   -0.976402
   -0.490349
   0.0548898
    0.109735
     0.16395
    0.216981
    0.268257
     0.31725
    0.363434
     0.40633
    0.445475
    0.480468
    0.510927
    0.536544
    0.557032
    0.572187
     0.58183
    0.585865
     0.58423
     0.57694
    0.564049
    0.545668
    0.521965
    0.493133
    0.459432
    0.421169
    0.378687
      0.3324
    0.282761
    0.230144
    0.175017
    0.117921
   0.0593658
   -0.477001
   -0.948888
    -1.41118
    -1.85946
    -2.28946
    -2.69705
    -3.07833
    -3.42965
    -3.74764
    -4.02926
    -4.27181
    -4.47298
    -4.63086
    -4.74397
    -4.81126
    -4.83212
     -4.8064
    -4.73439
    -4.61683
    -4.45492
    -4.25025
    -4.00489
    -3.72126
    -3.40209
    -3.05044
    -2.66984
    -2.26401
    -1.83687
    -1.39256
   -0.935382
   -0.469839
   0.0517059
    0.103416
    0.154571
    0.204667
    0.253154
    0.299547
     0.34333
     0.38406
    0.421281
    0.454618
    0.483689
    0.508204
    0.527876
     0.54251
    0.551927
    0.556035
    0.554769
    0.548139
      0.5362
    0.519036
    0.496814
    0.469672
    0.437851
    0.401625
    0.361304
    0.317318
    0.270113
    0.219999
    0.167419
    0.112876
   0.0568203
   -0.455981
   -0.907209
    -1.34942
    -1.77837
    -2.18995
    -2.58018
    -2.94531
     -3.2818
    -3.58642
     -3.8562
    -4.08857
    -4.28128
    -4.43252
    -4.54085
    -4.60528
    -4.62524
    -4.60059
    -4.53163
    -4.41906
    -4.26403
    -4.06807
    -3.83318
    -3.56172
    -3.25623
     -2.9196
    -2.55531
    -2.16691
    -1.75814
    -1.33298
   -0.895457
    -0.44991
   0.0484692
   0.0969921
    0.145029
    0.192131
     0.23777
    0.281504
     0.32284
    0.361371
    0.396659
    0.428355
    0.456099
    0.479614
    0.498638
    0.512963
    0.522434
    0.526916
    0.526347
    0.520717
    0.510076
    0.494477
    0.474103
    0.448912
    0.419067
     0.38489
    0.346637
    0.304736
    0.259549
    0.211483
    0.160926
    0.108471
   0.0545415
   -0.435067
   -0.865941
    -1.28862
    -1.69883
    -2.09266
    -2.46618
    -2.81577
    -3.13798
    -3.42966
    -3.68798
     -3.9104
     -4.0948
    -4.23936
    -4.34281
    -4.40414
    -4.42295
    -4.39915
    -4.33301
    -4.22523
    -4.07691
    -3.88952
    -3.66495
    -3.40544
    -3.11345
    -2.79185
    -2.44378
     -2.0727
    -1.68207
    -1.27573
   -0.857317
   -0.430975
   0.0453238
   0.0907292
    0.135701
    0.179846
    0.222664
    0.263764
    0.302678
    0.339041
    0.372442
    0.402562
    0.429066
    0.451694
     0.47021
    0.484393
    0.494108
    0.499168
    0.499509
    0.495088
    0.485942
    0.472078
    0.453682
    0.430512
    0.402645
    0.370447
    0.334121
    0.294091
    0.250652
    0.204318
    0.155442
    0.104728
   0.0525851
    -0.41516
   -0.826627
    -1.23062
    -1.62285
     -1.9996
    -2.35699
    -2.69158
    -3.00002
     -3.2793
    -3.52671
     -3.7398
    -3.91655
    -4.05517
    -4.15449
    -4.21347
    -4.23186
    -4.20953
    -4.14672
     -4.0441
    -3.90267
    -3.72386
    -3.50937
    -3.26138
    -2.98223
    -2.67473
    -2.34177
    -1.98669
    -1.61271
    -1.22359
   -0.822598
   -0.413743
   0.0425631
   0.0851572
    0.127253
    0.168655
    0.208916
    0.247718
    0.284684
    0.319392
    0.351509
    0.380602
     0.40634
    0.428466
    0.446728
    0.460911
    0.470843
    0.476356
     0.47734
    0.473742
    0.465538
    0.452731
    0.435405
    0.413466
    0.386989
    0.356268
    0.321504
    0.283089
    0.241323
    0.196716
    0.149644
    0.100795
   0.0506083
   -0.397068
   -0.790579
    -1.17686
    -1.55188
    -1.91202
    -2.25367
    -2.57347
    -2.86836
    -3.13545
     -3.3723
    -3.57663
    -3.74646
    -3.88014
    -3.97643
    -4.03436
    -4.05347
    -4.03363
    -3.97499
    -3.87814
    -3.74397
    -3.57384
    -3.36931
    -3.13244
    -2.86543
    -2.57095
    -2.25173
    -1.91095
    -1.55172
    -1.17763
   -0.791881
   -0.398317
   0.0403354
   0.0806169
    0.120306
    0.159418
    0.197565
    0.234508
    0.269957
    0.303428
    0.334649
    0.363054
    0.388302
    0.410124
    0.428238
    0.442433
    0.452492
    0.458269
    0.459615
    0.456471
    0.448771
    0.436529
     0.41976
    0.398553
    0.373006
    0.343358
    0.309814
     0.27274
    0.232441
    0.189412
     0.14404
   0.0969827
   0.0486916
   -0.379642
   -0.755915
    -1.12529
    -1.48399
    -1.82855
    -2.15556
    -2.46175
    -2.74431
    -3.00039
    -3.22778
    -3.42432
    -3.58804
     -3.7174
    -3.81105
    -3.86812
    -3.88795
    -3.87041
    -3.81554
    -3.72393
    -3.59636
    -3.43411
    -3.23866
    -3.01194
    -2.75606
    -2.47355
    -2.16703
    -1.83954
    -1.49408
    -1.13407
   -0.762706
   -0.383629
   0.0389396
   0.0778467
    0.116334
    0.154203
    0.191092
    0.226779
    0.260947
    0.293208
    0.323245
    0.350611
    0.374958
    0.396018
    0.413497
    0.427186
    0.436857
    0.442369
    0.443567
    0.440394
    0.432782
    0.420757
    0.404344
    0.383659
    0.358819
    0.330063
    0.297612
    0.261816
    0.222998
    0.181617
     0.13808
   0.0929544
   0.0467083
   -0.362245
   -0.721495
    -1.07434
    -1.41736
     -1.7473
    -2.06086
    -2.35497
    -2.62676
    -2.87355
    -3.09299
    -3.28296
    -3.44152
    -3.56712
    -3.65843
    -3.71458
     -3.7349
    -3.71922
    -3.66757
    -3.58049
     -3.4587
    -3.30343
    -3.11609
    -2.89851
    -2.65274
    -2.38117
    -2.08638
    -1.77123
     -1.4387
    -1.09203
   -0.734409
   -0.369308
   0.0385432
    0.077021
    0.115179
    0.152567
    0.188827
    0.223729
    0.256921
    0.288119
    0.316973
     0.34318
    0.366407
    0.386406
     0.40289
    0.415672
    0.424525
    0.429332
    0.429943
    0.426321
    0.418404
    0.406243
    0.389872
    0.369434
    0.345066
     0.31701
    0.285504
    0.250885
     0.21349
    0.173734
    0.132038
   0.0888673
   0.0446969
   -0.346094
   -0.689554
    -1.02707
    -1.35557
    -1.67193
    -1.97292
    -2.25566
    -2.51723
    -2.75509
    -2.96676
    -3.15017
     -3.3034
    -3.42496
     -3.5135
     -3.5682
    -3.58837
    -3.57385
    -3.52467
    -3.44133
    -3.32455
    -3.17549
    -2.99553
    -2.78643
    -2.55018
    -2.28908
    -2.00564
    -1.70259
    -1.38286
    -1.04953
   -0.705753
   -0.354795
    0.039429
   0.0783862
    0.116528
     0.15364
    0.189349
    0.223491
    0.255722
    0.285817
     0.31345
    0.338375
    0.360293
    0.378991
    0.394213
    0.405799
    0.413554
    0.417385
    0.417172
      0.4129
    0.404538
    0.392155
     0.37582
    0.355682
    0.331915
    0.304733
    0.274412
    0.241192
    0.205429
    0.167357
     0.12731
   0.0857771
   0.0430906
   -0.330772
   -0.659523
   -0.983243
     -1.2986
    -1.60263
    -1.89207
    -2.16412
    -2.41589
     -2.6449
    -2.84872
    -3.02535
    -3.17289
     -3.2899
    -3.37508
    -3.42762
    -3.44689
    -3.43272
    -3.38516
    -3.30469
    -3.19206
    -3.04839
    -2.87504
    -2.67372
     -2.4464
    -2.19526
    -1.92281
    -1.63166
    -1.32477
    -1.00514
   -0.675725
   -0.339711
   0.0408868
   0.0808307
    0.119371
    0.156531
    0.191931
    0.225482
    0.256855
     0.28589
    0.312293
    0.335877
    0.356383
    0.373642
    0.387441
    0.397656
    0.404135
    0.406816
    0.405622
    0.400564
    0.391651
     0.37897
    0.362626
    0.342772
    0.319611
    0.293323
    0.264203
    0.232382
    0.198216
    0.161745
    0.123209
   0.0831269
   0.0417064
    -0.31638
   -0.631238
   -0.941828
    -1.24456
     -1.5366
    -1.81468
    -2.07609
    -2.31797
    -2.53794
    -2.73363
     -2.9031
    -3.04453
    -3.15652
    -3.23786
    -3.28776
    -3.30564
    -3.29135
      -3.245
    -3.16705
    -3.05829
    -2.91979
    -2.75296
    -2.55942
    -2.34112
    -2.10013
    -1.83893
    -1.55995
    -1.26616
   -0.960447
   -0.645548
   -0.324575
    0.041976
   0.0827091
    0.121651
    0.158901
    0.194061
    0.227104
    0.257719
    0.285799
    0.311086
    0.333449
    0.352675
    0.368646
    0.381206
    0.390274
    0.395759
    0.397633
    0.395886
    0.390534
    0.381658
    0.369275
    0.353547
     0.33445
    0.312152
     0.28677
      0.2585
    0.227523
    0.194066
    0.158335
    0.120508
    0.081215
   0.0406577
   -0.303543
   -0.605678
   -0.903788
    -1.19432
    -1.47455
    -1.74126
    -1.99186
    -2.22359
    -2.43414
    -2.62125
    -2.78306
    -2.91785
    -3.02428
    -3.10124
    -3.14796
    -3.16396
    -3.14907
    -3.10347
    -3.02759
    -2.92231
    -2.78864
    -2.62813
    -2.44239
    -2.23331
    -2.00294
    -1.75353
    -1.48749
    -1.20739
   -0.915995
    -0.61578
   -0.309703
   0.0427738
   0.0840702
    0.123257
    0.160505
    0.195391
    0.227942
    0.257861
    0.285089
    0.309404
    0.330723
    0.348883
    0.363816
    0.375422
    0.383662
    0.388504
     0.38995
    0.388048
    0.382804
    0.374355
    0.362619
     0.34779
    0.329634
    0.308257
    0.283705
    0.256069
    0.225596
    0.192409
    0.156921
    0.119284
   0.0802646
    0.040077
    -0.29096
   -0.580557
   -0.866279
    -1.14461
    -1.41293
    -1.66814
    -1.90774
    -2.12909
       -2.33
    -2.50834
    -2.66233
    -2.79038
    -2.89124
    -2.96391
    -3.00766
     -3.0221
    -3.00706
    -2.96276
    -2.88957
    -2.78841
    -2.66019
    -2.50653
    -2.32899
    -2.12935
    -1.90962
    -1.67184
    -1.41838
    -1.15147
   -0.873774
   -0.587539
   -0.295604
   0.0426201
   0.0837411
    0.122685
    0.159614
    0.194101
    0.226187
    0.255603
    0.282305
    0.306119
    0.326979
    0.344789
    0.359482
    0.371034
    0.379352
    0.384467
    0.386251
    0.384736
    0.379891
    0.371776
    0.360353
    0.345708
    0.327734
    0.306482
    0.282033
    0.254467
    0.224045
    0.190909
     0.15551
    0.118057
   0.0793179
   0.0395749
    -0.27915
   -0.556703
   -0.830167
    -1.09627
    -1.35247
    -1.59589
    -1.82412
    -2.03474
    -2.22566
    -2.39491
    -2.54079
    -2.66189
      -2.757
     -2.8253
    -2.86613
    -2.87926
     -2.8646
    -2.82233
    -2.75287
    -2.65695
    -2.53546
    -2.38972
    -2.22118
    -2.03144
     -1.8224
    -1.59597
     -1.3544
    -1.09983
   -0.834797
   -0.561458
   -0.282535
    0.041797
   0.0821724
    0.120428
    0.156731
    0.190655
    0.222256
    0.251291
    0.277717
      0.3014
    0.322273
    0.340283
    0.355342
    0.367471
    0.376486
    0.382444
    0.385048
    0.384285
     0.38006
     0.37235
    0.361168
    0.346512
    0.328436
    0.306973
    0.282275
    0.254434
    0.223745
     0.19038
    0.154828
    0.117351
   0.0787069
   0.0392386
   -0.267118
   -0.532414
   -0.793429
    -1.04716
    -1.29114
    -1.52277
    -1.73975
     -1.9399
    -2.12122
    -2.28194
    -2.42042
     -2.5354
    -2.62567
    -2.69057
    -2.72939
    -2.74205
    -2.72847
    -2.68878
    -2.62339
    -2.53286
    -2.41808
    -2.28007
    -2.12019
     -1.9399
    -1.74098
    -1.52523
    -1.29482
    -1.05177
   -0.798533
   -0.537194
   -0.270372
   0.0400902
   0.0790971
    0.116412
     0.15205
    0.185642
    0.217136
    0.246326
    0.273077
    0.297268
    0.318738
    0.337406
    0.353131
    0.365861
    0.375421
    0.381766
    0.384683
    0.384093
    0.379929
    0.372128
    0.360734
    0.345735
    0.327252
    0.305344
    0.280228
    0.252062
    0.221164
    0.187796
    0.152414
    0.115381
   0.0773018
   0.0386109
   -0.254961
   -0.507798
   -0.756025
   -0.997068
    -1.22854
    -1.44818
    -1.65383
     -1.8436
    -2.01565
    -2.16841
    -2.30041
    -2.41039
    -2.49726
     -2.5602
    -2.59859
    -2.61212
    -2.60068
    -2.56428
    -2.50331
    -2.41823
    -2.30988
    -2.17918
    -2.02741
    -1.85592
    -1.66639
    -1.46054
    -1.24038
    -1.00791
   -0.765413
    -0.51501
   -0.259164
   0.0380378
   0.0754059
    0.111614
    0.146533
    0.179848
    0.211385
    0.240954
    0.268294
    0.293268
    0.315586
    0.335109
     0.35162
     0.36498
     0.37502
    0.381603
    0.384619
    0.383946
    0.379565
    0.371399
    0.359535
    0.343967
     0.32489
    0.302402
    0.276793
    0.248294
    0.217248
    0.184009
    0.148985
    0.112632
   0.0753779
   0.0377308
   -0.242795
   -0.483301
   -0.719058
    -0.94794
    -1.16761
    -1.37615
    -1.57144
    -1.75186
    -1.91562
    -2.06132
    -2.18761
    -2.29318
    -2.37705
    -2.43827
    -2.47628
    -2.49058
    -2.48104
    -2.44762
    -2.39064
    -2.31052
    -2.20805
    -2.08407
    -1.93978
    -1.77646
    -1.59568
    -1.39908
    -1.18858
    -0.96609
   -0.733789
   -0.493803
   -0.248438
   0.0365849
   0.0727456
    0.108099
    0.142423
    0.175425
    0.206839
    0.236427
    0.263882
     0.28898
    0.311436
     0.33103
    0.347554
    0.360808
     0.37065
    0.376913
    0.379535
    0.378403
    0.373543
    0.364929
     0.35265
    0.336777
    0.317491
    0.294972
    0.269487
    0.241338
    0.210836
     0.17839
     0.14433
    0.109136
   0.0730869
   0.0366648
   -0.229418
   -0.456959
   -0.680351
   -0.897614
    -1.10662
    -1.30541
    -1.49205
    -1.66479
    -1.82196
    -1.96203
    -2.08369
    -2.18563
    -2.26686
    -2.32648
    -2.36391
    -2.37865
    -2.37056
    -2.33959
    -2.28601
    -2.21022
    -2.11293
    -1.99495
     -1.8574
    -1.70149
    -1.52867
    -1.34059
      -1.139
   -0.925858
   -0.703193
    -0.47317
   -0.237992
    0.035466
   0.0706793
    0.105343
     0.13913
    0.171762
    0.202879
    0.232203
    0.259387
    0.284138
    0.306198
    0.325288
    0.341237
    0.353806
    0.362905
    0.368354
    0.370159
    0.368235
    0.362662
    0.353476
    0.340779
    0.324719
    0.305453
    0.283235
    0.258287
    0.230968
    0.201531
    0.170415
    0.137854
    0.104329
   0.0699622
    0.035201
   -0.217176
   -0.432862
    -0.64494
   -0.851539
    -1.05069
    -1.24041
    -1.41889
    -1.58429
    -1.73505
    -1.86955
    -1.98651
    -2.08464
    -2.16299
    -2.22067
    -2.25711
    -2.27186
    -2.26474
    -2.23571
    -2.18502
    -2.11305
    -2.02046
    -1.90803
    -1.77679
    -1.62792
    -1.46277
    -1.28295
     -1.0901
    -0.88614
   -0.672984
   -0.452803
   -0.227686
   0.0342736
   0.0682981
    0.101788
     0.13442
    0.165892
    0.195884
    0.224094
     0.25021
    0.273936
    0.295032
     0.31324
    0.328392
    0.340298
    0.348846
    0.353926
    0.355501
    0.353558
    0.348133
     0.33932
    0.327189
    0.311931
    0.293657
    0.272638
    0.249022
    0.223135
    0.195149
    0.165399
    0.134114
    0.101601
   0.0682003
   0.0342236
   -0.206244
   -0.411417
   -0.613647
   -0.810849
    -1.00118
    -1.18259
    -1.35335
    -1.51163
    -1.65593
    -1.78469
    -1.89666
    -1.99063
    -2.06567
    -2.12095
    -2.15591
    -2.17011
    -2.16338
    -2.13569
    -2.08725
    -2.01847
    -1.92995
    -1.82249
    -1.69705
     -1.5548
    -1.39703
    -1.22528
    -1.04112
   -0.846374
   -0.642854
   -0.432579
   -0.217516
   0.0327845
   0.0652538
   0.0971212
    0.128075
    0.157801
    0.186046
    0.212514
    0.236956
    0.259109
     0.27877
    0.295733
    0.309846
    0.320988
    0.329024
    0.333918
    0.335579
    0.334056
    0.329317
    0.321492
    0.310594
    0.296824
    0.280221
    0.261039
    0.239318
    0.215327
    0.189129
    0.160947
    0.131002
   0.0994416
   0.0668603
   0.0334656
   -0.195987
   -0.391246
   -0.584114
   -0.772292
   -0.954067
    -1.12735
    -1.29049
    -1.44172
    -1.57956
    -1.70257
    -1.80953
    -1.89931
    -1.97101
    -2.02386
    -2.05731
    -2.07097
    -2.06464
    -2.03833
     -1.9922
    -1.92668
    -1.84229
    -1.73983
     -1.6202
    -1.48451
    -1.33399
    -1.17009
   -0.994344
   -0.808432
   -0.614118
   -0.413287
   -0.207805
   0.0296808
   0.0593443
   0.0888052
    0.117556
    0.145368
     0.17187
    0.196837
    0.219968
    0.241062
    0.259882
    0.276278
    0.290068
    0.301165
    0.309417
    0.314801
    0.317201
    0.316655
    0.313086
    0.306584
    0.297111
    0.284782
    0.269633
    0.251786
    0.231386
    0.208599
    0.183552
      0.1564
    0.127428
   0.0967846
   0.0650809
   0.0325462
    -0.18716
   -0.373522
   -0.557489
   -0.736897
   -0.910103
    -1.07516
     -1.2305
    -1.37446
    -1.50565
    -1.62269
    -1.72443
    -1.80983
    -1.87803
    -1.92831
    -1.96016
    -1.97321
    -1.96728
     -1.9424
    -1.89874
    -1.83666
    -1.75672
    -1.65959
    -1.54612
    -1.41726
    -1.27411
    -1.11804
   -0.950427
   -0.772944
    -0.58719
   -0.395161
   -0.198588
   0.0256072
   0.0516047
   0.0779483
    0.103951
    0.129475
    0.154027
    0.177442
    0.199347
    0.219593
    0.237887
    0.254113
    0.268037
    0.279588
    0.288569
    0.294955
    0.298579
    0.299451
    0.297429
    0.292542
    0.284692
    0.273899
    0.260197
    0.243594
    0.224354
    0.202575
    0.178473
    0.152166
    0.124026
   0.0942066
   0.0633325
   0.0316388
   -0.178426
   -0.355994
   -0.531178
   -0.701951
   -0.866742
    -1.02375
    -1.17148
    -1.30839
    -1.43313
    -1.54444
    -1.64121
    -1.72248
     -1.7874
    -1.83532
    -1.86574
    -1.87831
    -1.87287
    -1.84941
    -1.80811
     -1.7493
    -1.67353
    -1.58138
    -1.47369
    -1.35125
     -1.2151
    -1.06652
   -0.906783
   -0.737541
   -0.560241
   -0.376977
   -0.189328
   0.0220046
   0.0447485
   0.0683358
   0.0919338
    0.115473
    0.138367
    0.160471
    0.181368
    0.200898
    0.218745
    0.234764
    0.248702
    0.260436
    0.269765
    0.276581
    0.280758
     0.28221
      0.2809
    0.276798
    0.269839
    0.260016
    0.247359
    0.231883
    0.213799
    0.193203
    0.170322
      0.1453
    0.118485
   0.0900715
   0.0605984
   0.0303313
   -0.169684
   -0.338472
    -0.50488
   -0.667066
   -0.823524
   -0.972599
    -1.11286
    -1.24288
    -1.36138
    -1.46718
    -1.55924
    -1.63662
    -1.69857
    -1.74444
    -1.77377
    -1.78619
    -1.78152
    -1.75964
    -1.72065
    -1.66489
    -1.59281
    -1.50505
    -1.40236
    -1.28563
    -1.15583
    -1.01424
   -0.862051
   -0.700911
   -0.532191
   -0.357946
   -0.179699
   0.0184567
   0.0380427
   0.0589998
   0.0803387
    0.102047
    0.123434
    0.144362
    0.164356
    0.183233
    0.200643
      0.2164
    0.230228
    0.241946
    0.251348
    0.258254
    0.262593
    0.264199
    0.263171
    0.259449
     0.25303
    0.243901
    0.232106
    0.217677
    0.200768
    0.181473
    0.160016
    0.136557
    0.111402
   0.0847688
   0.0570902
   0.0286449
   -0.161164
   -0.321429
   -0.479356
    -0.63328
   -0.781746
    -0.92322
    -1.05633
    -1.17972
    -1.29219
    -1.39259
    -1.47994
    -1.55334
    -1.61209
    -1.65556
    -1.68339
    -1.69513
    -1.69071
    -1.66989
    -1.63272
     -1.5796
    -1.51089
    -1.42731
     -1.3295
    -1.21845
    -1.09508
   -0.960618
   -0.816184
   -0.663384
   -0.503499
   -0.338519
   -0.169891
   0.0167099
   0.0344047
   0.0532807
     0.07257
   0.0922113
    0.111637
    0.130655
    0.148873
    0.166047
    0.181942
    0.196327
    0.209055
    0.219972
    0.228825
    0.235462
    0.239758
    0.241583
    0.240961
     0.23784
    0.232219
     0.22409
    0.213499
    0.200484
    0.185164
    0.167637
    0.148074
    0.126628
    0.103528
   0.0789549
   0.0532995
   0.0267786
   -0.152563
    -0.30443
   -0.454272
   -0.600403
   -0.741462
   -0.875907
    -1.00245
    -1.11973
    -1.22663
      -1.322
    -1.40492
    -1.47439
    -1.52966
    -1.57026
    -1.59577
    -1.60595
    -1.60066
     -1.5799
    -1.54374
    -1.49258
     -1.4268
    -1.34709
    -1.25408
    -1.14872
    -1.03192
   -0.904825
   -0.768529
   -0.624488
   -0.473957
   -0.318663
   -0.160004
   0.0155072
   0.0317499
   0.0488236
   0.0661646
   0.0836616
    0.100886
    0.117614
    0.133569
     0.14848
    0.162269
    0.174695
    0.185783
    0.195433
    0.203363
    0.209464
    0.213553
    0.215535
    0.215339
    0.212911
    0.208239
    0.201311
    0.192163
    0.180829
     0.16739
    0.151933
    0.134569
    0.115435
   0.0946713
   0.0724221
   0.0490369
   0.0246764
   -0.144743
   -0.288906
   -0.431217
   -0.569958
   -0.703847
   -0.831345
   -0.951256
    -1.06227
    -1.16336
    -1.25344
    -1.33167
    -1.39704
    -1.44874
    -1.48648
    -1.50979
    -1.51859
    -1.51272
    -1.49232
    -1.45749
    -1.40861
    -1.34603
     -1.2704
    -1.18231
    -1.08267
   -0.972342
   -0.852394
   -0.723888
   -0.588141
   -0.446402
    -0.30016
   -0.150797
   0.0131821
   0.0269602
   0.0412796
   0.0558442
   0.0704975
   0.0850535
   0.0993811
    0.113152
    0.126188
    0.138333
    0.149421
    0.159395
    0.168152
    0.175483
    0.181276
    0.185376
    0.187684
    0.188114
    0.186597
    0.183084
    0.177539
    0.169965
    0.160359
    0.148801
    0.135333
    0.120092
    0.103185
    0.084752
   0.0649296
   0.0440242
   0.0222273
   -0.138656
   -0.276444
   -0.412071
   -0.543994
   -0.670971
   -0.791502
   -0.904347
    -1.00852
    -1.10301
    -1.18698
    -1.25964
    -1.32022
    -1.36807
    -1.40288
    -1.42421
    -1.43201
    -1.42611
    -1.40664
     -1.3737
    -1.32761
    -1.26873
    -1.19759
    -1.11479
    -1.02106
   -0.917219
   -0.804257
   -0.683183
   -0.555206
   -0.421511
    -0.28349
   -0.142441
   0.0101962
   0.0208834
    0.031886
    0.043203
   0.0546558
    0.066319
   0.0781588
   0.0897841
    0.101094
    0.111824
    0.121849
    0.130997
    0.139143
    0.146138
    0.151859
    0.156181
    0.158999
    0.160212
    0.159738
    0.157487
    0.153392
     0.14743
    0.139555
    0.129859
    0.118345
    0.105193
   0.0904951
    0.074404
   0.0570587
   0.0387256
   0.0196227
   -0.132569
   -0.263999
   -0.392987
   -0.518198
    -0.63846
    -0.75234
   -0.858572
   -0.956487
    -1.04505
    -1.12366
    -1.19152
     -1.2481
    -1.29282
    -1.32532
    -1.34522
    -1.35241
    -1.34676
    -1.32832
    -1.29724
    -1.25375
    -1.19823
    -1.13112
    -1.05304
   -0.964585
    -0.86656
   -0.759885
   -0.645543
   -0.524653
   -0.398349
   -0.267929
   -0.134618
  0.00620084
   0.0132526
   0.0211001
   0.0295336
   0.0384647
   0.0478062
    0.057509
   0.0672594
   0.0769392
   0.0863098
    0.095223
      0.1035
    0.110985
    0.117534
    0.122992
    0.127263
    0.130207
    0.131767
    0.131836
    0.130374
    0.127313
    0.122645
    0.116347
    0.108479
   0.0990762
   0.0882292
   0.0760386
    0.062605
   0.0480484
   0.0326444
    0.016682
   -0.126309
   -0.251119
   -0.372986
   -0.491046
   -0.604106
   -0.711177
   -0.811135
   -0.903337
   -0.986871
     -1.0611
    -1.12531
    -1.17894
    -1.22146
    -1.25247
    -1.27164
    -1.27877
    -1.27375
    -1.25657
    -1.22735
     -1.1863
    -1.13377
    -1.07021
   -0.996192
   -0.912349
    -0.81944
   -0.718378
   -0.610109
   -0.495727
   -0.376358
   -0.253112
   -0.127117
  0.00239063
  0.00601977
   0.0109832
   0.0168509
   0.0235995
   0.0309413
   0.0387841
   0.0468782
   0.0550791
   0.0631738
   0.0709912
   0.0783472
   0.0850572
    0.090982
   0.0959345
   0.0998525
    0.102572
    0.104098
    0.104318
    0.103266
    0.100895
   0.0972351
      0.0923
    0.086123
   0.0787746
   0.0702452
   0.0606374
   0.0499869
   0.0383855
   0.0261098
   0.0135098
   -0.120465
   -0.239109
   -0.354374
    -0.46586
   -0.572321
   -0.673161
   -0.767358
   -0.854259
   -0.933049
    -1.00304
    -1.06359
    -1.11413
    -1.15418
    -1.18332
     -1.2013
    -1.20787
    -1.20297
    -1.18657
    -1.15878
    -1.11982
    -1.07001
    -1.00982
    -0.93975
   -0.860449
   -0.772612
   -0.677121
   -0.574877
   -0.466946
   -0.354453
   -0.238334
    -0.11963
  5.1732e-05
  0.00132024
  0.00394482
  0.00754523
     0.01209
   0.0173025
   0.0230547
    0.029146
   0.0353988
   0.0416795
   0.0478035
    0.053658
   0.0590751
   0.0639496
   0.0681449
   0.0715605
   0.0740912
   0.0756635
   0.0762028
   0.0756737
   0.0740233
   0.0712938
   0.0674297
    0.062709
   0.0572382
   0.0509974
   0.0441533
   0.0365622
   0.0283692
   0.0195239
   0.0102832
   -0.113665
   -0.225691
   -0.334639
   -0.440068
   -0.540832
   -0.636263
    -0.72541
   -0.807553
   -0.881908
   -0.947807
    -1.00463
    -1.05184
      -1.089
    -1.11577
     -1.1319
    -1.13726
    -1.13181
    -1.11563
    -1.08884
    -1.05175
    -1.00467
   -0.948038
   -0.882392
   -0.808073
   -0.725692
    -0.63605
   -0.539923
   -0.438427
   -0.332562
   -0.223437
   -0.112067
 -0.00129981
 -0.00155083
 -0.00060323
  0.00120748
  0.00384722
  0.00706818
   0.0107237
   0.0146805
   0.0187496
   0.0229021
   0.0269682
   0.0309359
   0.0346811
   0.0381559
   0.0412903
   0.0439521
   0.0460954
   0.0475568
   0.0482894
   0.0481704
   0.0471313
   0.0452199
   0.0423164
   0.0389595
   0.0353056
   0.0313348
   0.0272796
   0.0228083
   0.0181054
   0.0127738
  0.00697133
   -0.107113
   -0.212629
   -0.315202
   -0.414357
   -0.509069
   -0.598631
   -0.682196
    -0.75902
   -0.828384
   -0.889674
   -0.942319
   -0.985868
    -1.01991
     -1.0442
    -1.05851
    -1.06281
    -1.05704
    -1.04136
    -1.01589
   -0.980949
   -0.936884
   -0.884041
   -0.823022
   -0.753882
   -0.677163
   -0.593594
    -0.50383
   -0.409025
   -0.310042
   -0.208145
    -0.10432
 -0.00252325
 -0.00420186
 -0.00492321
 -0.00491205
 -0.00418986
 -0.00293202
 -0.00123844
 0.000798607
  0.00307572
  0.00551262
  0.00801255
   0.0105098
   0.0129168
   0.0151749
   0.0172026
   0.0189527
   0.0203377
   0.0214017
   0.0221421
   0.0224177
   0.0222241
   0.0214948
   0.0201912
   0.0185841
   0.0167517
   0.0147992
   0.0128769
   0.0108239
  0.00881637
  0.00640913
   0.0038059
   -0.101398
   -0.200755
   -0.296641
      -0.389
   -0.476893
   -0.559756
   -0.636848
   -0.707503
   -0.771085
   -0.827086
   -0.874996
   -0.914501
   -0.945247
   -0.967112
    -0.97992
   -0.983671
   -0.978399
   -0.964022
   -0.940672
   -0.908529
   -0.867895
   -0.819064
   -0.762539
   -0.698479
   -0.627357
   -0.549911
   -0.466741
   -0.378895
   -0.287137
   -0.192709
  -0.0964807
 -0.00361462
 -0.00660126
  -0.0088831
  -0.0105654
  -0.0116458
  -0.0122141
  -0.0123135
  -0.0119905
  -0.0112653
  -0.0102818
 -0.00907863
 -0.00779571
 -0.00650051
 -0.00527589
 -0.00421932
  -0.0032869
  -0.0025947
 -0.00187018
 -0.00105778
-0.000311149
 0.000422762
 0.000941757
  0.00125658
   0.0013272
  0.00112896
 0.000890945
 0.000697587
 0.000597005
 0.000796616
  0.00084471
  0.00101578
  -0.0945894
   -0.186766
   -0.275049
   -0.359809
   -0.440203
   -0.515827
   -0.586064
   -0.650342
   -0.708111
   -0.758964
    -0.80243
   -0.838295
   -0.866218
   -0.886143
   -0.897922
   -0.901532
   -0.897083
   -0.884266
   -0.863217
   -0.834008
   -0.796904
   -0.752172
   -0.700232
   -0.641362
   -0.575978
   -0.504828
    -0.42846
   -0.347807
   -0.263525
    -0.17682
  -0.0884297
 -0.00529644
 -0.00980035
   -0.013318
  -0.0162269
  -0.0184888
  -0.0202244
   -0.021426
  -0.0222222
  -0.0226326
  -0.0227965
  -0.0228004
  -0.0226102
  -0.0222689
  -0.0218653
  -0.0214543
  -0.0210787
   -0.020843
  -0.0205038
  -0.0200717
  -0.0194722
  -0.0186598
  -0.0177323
  -0.0166427
  -0.0154609
  -0.0141273
  -0.0125991
  -0.0107348
 -0.00865078
 -0.00615364
 -0.00376708
 -0.00131412
  -0.0861482
   -0.169885
   -0.249907
   -0.326493
   -0.398828
   -0.466776
    -0.52977
   -0.587521
   -0.639598
   -0.685697
   -0.725517
   -0.758626
   -0.784754
   -0.803658
    -0.81518
   -0.819172
   -0.815654
   -0.804366
   -0.785353
   -0.758772
   -0.724812
   -0.683838
   -0.636207
   -0.582355
   -0.522731
   -0.457961
   -0.388599
   -0.315403
    -0.23899
   -0.160375
  -0.0801999
 -0.00706482
  -0.0130622
  -0.0176628
  -0.0215297
  -0.0246101
  -0.0270852
  -0.0289277
  -0.0303793
  -0.0314837
  -0.0323898
  -0.0332398
  -0.0338235
  -0.0341631
  -0.0343614
  -0.0344453
  -0.0345667
  -0.0348383
  -0.0350623
  -0.0353128
  -0.0352618
  -0.0348359
  -0.0339816
  -0.0325707
  -0.0306619
  -0.0280926
  -0.0250152
  -0.0212527
  -0.0171229
  -0.0124763
 -0.00792998
 -0.00340934
  -0.0772158
   -0.152186
   -0.223823
   -0.292328
   -0.356892
    -0.41759
   -0.473842
   -0.525561
    -0.57237
   -0.614022
    -0.65036
   -0.680746
   -0.705006
   -0.722747
   -0.733844
   -0.738063
   -0.735367
    -0.72557
   -0.708636
   -0.684797
   -0.654142
     -0.6171
   -0.573928
   -0.525177
   -0.471307
   -0.412821
   -0.350286
   -0.284303
   -0.215473
   -0.144633
  -0.0723356
 -0.00735483
  -0.0137496
  -0.0188584
  -0.0232947
  -0.0270362
   -0.030241
  -0.0329347
  -0.0353042
  -0.0374398
  -0.0393995
  -0.0413186
  -0.0429608
  -0.0443315
   -0.045471
  -0.0463675
  -0.0471315
  -0.0477902
  -0.0482104
  -0.0483395
   -0.048058
  -0.0472426
  -0.0458986
  -0.0439121
  -0.0412909
  -0.0379333
  -0.0338574
  -0.0289189
  -0.0234466
  -0.0173262
  -0.0112202
 -0.00510304
   -0.067258
   -0.132866
   -0.195957
   -0.256729
   -0.314608
   -0.369336
   -0.420432
   -0.467518
   -0.510183
   -0.548098
   -0.580994
   -0.608445
    -0.63022
    -0.64612
   -0.656023
   -0.659793
   -0.657418
   -0.648801
   -0.633975
   -0.613061
   -0.586187
   -0.553543
    -0.51533
    -0.47193
   -0.423653
   -0.371103
   -0.314722
   -0.255269
     -0.1933
   -0.129636
  -0.0648586
  -0.0069425
  -0.0131091
  -0.0182142
  -0.0228314
  -0.0269708
  -0.0307615
    -0.03427
  -0.0376084
  -0.0408941
   -0.044073
  -0.0472558
  -0.0501664
  -0.0527739
  -0.0550306
  -0.0568586
  -0.0583012
  -0.0592854
  -0.0597448
    -0.05952
  -0.0587454
  -0.0572927
  -0.0552704
  -0.0526126
  -0.0492937
  -0.0452766
  -0.0404278
  -0.0346168
  -0.0281581
   -0.020952
  -0.0136903
 -0.00638578
  -0.0581421
   -0.115194
   -0.170452
   -0.224074
   -0.275709
   -0.324793
   -0.370982
   -0.413655
   -0.452406
   -0.486854
   -0.516617
   -0.541464
   -0.561074
   -0.575401
   -0.584287
   -0.587667
   -0.585527
   -0.577861
   -0.564772
   -0.546302
   -0.522657
   -0.493837
   -0.460041
   -0.421512
    -0.37843
   -0.331485
    -0.28097
   -0.227764
   -0.172346
   -0.115501
  -0.0578323
 -0.00694065
  -0.0133249
  -0.0189919
   -0.024253
  -0.0291153
  -0.0336372
  -0.0378249
  -0.0417791
  -0.0455065
  -0.0490674
  -0.0524672
  -0.0556199
  -0.0584673
  -0.0609874
  -0.0631157
  -0.0647827
  -0.0659213
  -0.0663776
  -0.0659971
  -0.0648655
  -0.0628358
  -0.0600783
  -0.0564923
  -0.0522142
   -0.047199
  -0.0415074
  -0.0351156
  -0.0282771
  -0.0210768
  -0.0138208
 -0.00664567
  -0.0509676
   -0.101142
   -0.149964
   -0.197363
   -0.242971
   -0.286391
   -0.327305
   -0.365272
    -0.39998
   -0.431051
   -0.458201
   -0.481045
   -0.499303
   -0.512724
    -0.52107
   -0.524311
   -0.522337
   -0.515258
   -0.503097
   -0.486056
   -0.464285
   -0.437999
   -0.407412
   -0.372851
   -0.334592
   -0.293051
    -0.24856
    -0.20167
   -0.152837
   -0.102599
  -0.0515047
 -0.00733165
   -0.014303
  -0.0208608
  -0.0270241
  -0.0327702
  -0.0380644
  -0.0428364
  -0.0471721
  -0.0509747
  -0.0544433
  -0.0575076
  -0.0603123
  -0.0628099
  -0.0650399
  -0.0669787
  -0.0684595
  -0.0694276
  -0.0696344
  -0.0689169
  -0.0672907
  -0.0645762
   -0.061001
  -0.0564379
  -0.0512077
  -0.0452856
  -0.0389601
  -0.0323334
  -0.0255991
  -0.0190119
   -0.012455
 -0.00615288
  -0.0447833
  -0.0890938
   -0.132499
   -0.174679
   -0.215216
   -0.253837
   -0.290208
   -0.324037
   -0.355092
   -0.383001
   -0.407603
   -0.428404
   -0.445212
    -0.45763
   -0.465385
   -0.468506
   -0.466798
   -0.460476
   -0.449459
   -0.434068
   -0.414349
   -0.390676
   -0.363232
   -0.332381
   -0.298472
   -0.261644
   -0.222286
    -0.18065
   -0.137202
  -0.0922912
  -0.0464608
 -0.00798849
  -0.0154934
  -0.0223815
  -0.0288318
  -0.0347773
  -0.0402558
  -0.0452081
   -0.049652
  -0.0535116
  -0.0568728
    -0.05965
  -0.0619686
  -0.0637288
  -0.0650594
  -0.0658601
  -0.0661697
  -0.0658999
  -0.0649791
  -0.0633011
  -0.0608955
  -0.0576983
  -0.0538278
  -0.0492913
  -0.0442461
  -0.0387607
  -0.0330351
  -0.0272136
  -0.0214293
  -0.0159278
  -0.0104864
 -0.00529635
  -0.0396405
  -0.0791693
   -0.118305
   -0.156449
   -0.193199
   -0.228138
   -0.260864
   -0.291128
    -0.31861
   -0.343136
   -0.364499
   -0.382455
   -0.396831
    -0.40745
    -0.41414
   -0.416928
   -0.415717
   -0.410588
   -0.401518
   -0.388642
   -0.372023
   -0.351861
   -0.328343
    -0.30159
   -0.271876
   -0.239255
   -0.204013
   -0.166378
   -0.126675
  -0.0853895
  -0.0428883
  -0.0084907
  -0.0163203
  -0.0232667
  -0.0296906
   -0.035505
  -0.0408456
  -0.0456815
  -0.0499671
  -0.0536402
  -0.0566525
  -0.0588782
  -0.0603969
  -0.0610429
  -0.0610362
  -0.0602192
  -0.0588747
  -0.0569255
  -0.0545271
  -0.0516725
  -0.0484363
  -0.0448855
  -0.0410221
  -0.0369672
  -0.0326736
    -0.02826
  -0.0237898
  -0.0194134
  -0.0151812
  -0.0113218
   -0.007518
 -0.00394102
  -0.0352987
  -0.0707325
   -0.106166
   -0.140747
   -0.174132
   -0.205796
   -0.235302
   -0.262463
   -0.286879
   -0.308562
   -0.327245
   -0.342905
   -0.355364
    -0.36463
   -0.370609
   -0.373301
   -0.372689
   -0.368701
   -0.361366
   -0.350625
   -0.336564
   -0.319225
   -0.298828
   -0.275298
   -0.248878
   -0.219597
   -0.187683
   -0.153382
   -0.116896
  -0.0788614
  -0.0394513
 -0.00890557
  -0.0168973
  -0.0236062
  -0.0295504
  -0.0345407
  -0.0388849
  -0.0424821
  -0.0454573
  -0.0477301
  -0.0493537
  -0.0502535
  -0.0504866
  -0.0499764
  -0.0488841
  -0.0471686
  -0.0450542
  -0.0425728
  -0.0398907
  -0.0371186
  -0.0342758
  -0.0315134
  -0.0287155
  -0.0260405
  -0.0232256
  -0.0202901
  -0.0173095
    -0.01432
  -0.0113879
 -0.00857863
  -0.0057714
 -0.00300436
  -0.0318786
  -0.0637089
  -0.0952423
    -0.12596
   -0.155534
   -0.183611
   -0.209834
   -0.234028
   -0.255875
   -0.275323
   -0.292145
   -0.306337
   -0.317766
   -0.326475
   -0.332453
    -0.33562
    -0.33605
   -0.333471
   -0.327952
   -0.319187
   -0.307187
   -0.291952
   -0.273577
   -0.252112
   -0.227659
   -0.200562
   -0.171003
   -0.139366
   -0.105824
  -0.0711079
  -0.0353751
 -0.00897349
   -0.016764
  -0.0228368
  -0.0278528
  -0.0315144
  -0.0343075
  -0.0360791
  -0.0371582
  -0.0374855
  -0.0372611
  -0.0365014
  -0.0352713
  -0.0336019
  -0.0315966
  -0.0293207
   -0.026912
  -0.0244811
  -0.0221671
  -0.0201632
  -0.0183985
  -0.0170767
  -0.0159374
  -0.0151514
  -0.0142207
  -0.0130511
  -0.0117265
  -0.0101696
 -0.00847253
 -0.00655496
 -0.00452305
 -0.00231342
  -0.0287942
  -0.0573245
  -0.0852479
   -0.112376
   -0.138394
   -0.163109
   -0.186238
   -0.207611
   -0.226983
   -0.244222
   -0.259119
   -0.271661
   -0.281733
   -0.289385
   -0.294685
   -0.297492
   -0.298004
   -0.295809
   -0.291086
   -0.283359
   -0.272629
   -0.258914
   -0.242218
   -0.222737
   -0.200425
   -0.175924
   -0.149343
   -0.121173
  -0.0915164
  -0.0611576
  -0.0301956
 -0.00702784
  -0.0129891
  -0.0173177
  -0.0205922
   -0.022525
  -0.0235892
  -0.0236749
  -0.0231711
   -0.022103
  -0.0207241
  -0.0191817
  -0.0174532
  -0.0156864
  -0.0138198
  -0.0119701
  -0.0101613
 -0.00849631
 -0.00705115
  -0.0059442
 -0.00514739
 -0.00475739
 -0.00461181
  -0.0047532
 -0.00489506
 -0.00494988
 -0.00488032
  -0.0046052
 -0.00413843
 -0.00340132
 -0.00247718
 -0.00132112
  -0.0252426
  -0.0502163
  -0.0746487
  -0.0983492
   -0.121062
   -0.142631
   -0.162834
   -0.181568
   -0.198699
    -0.21398
   -0.227301
   -0.238425
   -0.247274
   -0.253656
    -0.25752
     -0.2589
   -0.257888
   -0.254375
   -0.248482
   -0.240068
   -0.229177
   -0.215952
   -0.200447
   -0.182903
   -0.163346
   -0.142297
   -0.119877
  -0.0965378
  -0.0724083
  -0.0480664
  -0.0236205
 -0.00427291
 -0.00764587
 -0.00957628
  -0.0105904
    -0.01043
 -0.00956055
 -0.00791452
 -0.00593179
 -0.00370941
 -0.00153514
 0.000335689
  0.00204221
  0.00335088
  0.00452308
  0.00542456
  0.00617686
  0.00671304
  0.00704299
  0.00713652
  0.00697671
  0.00656198
  0.00592692
  0.00512112
   0.0041715
  0.00312373
  0.00211636
  0.00122126
 0.000500864
 3.61742e-05
-0.000217243
-0.000216578
  -0.0216109
  -0.0428994
  -0.0636501
  -0.0836575
   -0.102713
   -0.120684
   -0.137397
   -0.152805
    -0.16689
   -0.179319
   -0.190119
   -0.198889
   -0.205653
   -0.210043
   -0.211934
   -0.211561
   -0.208915
   -0.204174
   -0.197385
   -0.188708
   -0.178201
   -0.166106
   -0.152501
   -0.137646
   -0.121614
   -0.104791
  -0.0872927
  -0.0695151
  -0.0515988
  -0.0339054
  -0.0165452
-0.000596192
-0.000802654
-0.000291978
 0.000730522
   0.0023777
  0.00447199
  0.00703082
  0.00970643
   0.0123647
   0.0148153
   0.0168499
   0.0185497
   0.0197462
    0.020643
   0.0211667
    0.021418
   0.0213835
   0.0210412
   0.0203606
   0.0194113
   0.0182086
    0.016775
   0.0151641
   0.0133568
   0.0113909
  0.00939683
  0.00745833
  0.00560589
  0.00390269
  0.00237348
   0.0010268
  -0.0180227
  -0.0356342
  -0.0527086
  -0.0689844
  -0.0843321
  -0.0985768
   -0.111647
    -0.12327
   -0.133371
   -0.141787
   -0.148501
   -0.153348
   -0.156316
   -0.157381
   -0.156509
    -0.15396
   -0.149801
   -0.144196
   -0.137235
   -0.129099
   -0.119865
   -0.109812
  -0.0990475
   -0.087774
   -0.076071
   -0.064242
   -0.052386
  -0.0408146
  -0.0296711
  -0.0191009
 -0.00926431
  0.00319203
  0.00620005
  0.00910367
   0.0120156
   0.0149158
   0.0179455
   0.0211063
   0.0241807
   0.0270314
   0.0295947
   0.0317259
   0.0334474
    0.034647
    0.035448
   0.0358154
    0.035803
   0.0354284
   0.0346175
   0.0333281
   0.0317161
   0.0298162
   0.0276475
    0.025277
   0.0226516
   0.0198056
    0.016856
   0.0138923
   0.0109053
  0.00793759
  0.00508622
  0.00233234
  -0.0140326
  -0.0275648
  -0.0405317
  -0.0526077
  -0.0637494
  -0.0737682
  -0.0827301
  -0.0901904
  -0.0960523
   -0.100346
   -0.103016
   -0.104127
   -0.103618
   -0.101773
  -0.0986189
  -0.0944084
  -0.0892566
  -0.0832969
  -0.0766515
  -0.0695129
  -0.0619766
  -0.0543492
  -0.0467606
   -0.039349
  -0.0321892
  -0.0254872
  -0.0193061
   -0.013847
  -0.0092394
 -0.00540784
 -0.00258051
  0.00645672
   0.0122404
   0.0171557
   0.0217018
   0.0258167
   0.0297112
   0.0333478
   0.0367477
   0.0398546
   0.0425792
    0.044841
   0.0465821
   0.0477026
   0.0482987
   0.0483185
   0.0478681
    0.046956
   0.0456073
   0.0438444
   0.0417625
   0.0394548
   0.0368711
   0.0341182
   0.0310388
   0.0276567
   0.0240293
   0.0201912
   0.0161922
   0.0120319
  0.00788655
  0.00368463
  -0.0105637
  -0.0202862
  -0.0290696
  -0.0366348
  -0.0428536
  -0.0478264
   -0.051578
   -0.054037
  -0.0552017
  -0.0551783
  -0.0539903
  -0.0517919
  -0.0486135
  -0.0447108
  -0.0401762
  -0.0351294
  -0.0296576
  -0.0239194
  -0.0179838
  -0.0122182
 -0.00675698
 -0.00186967
  0.00227382
  0.00560452
  0.00799683
  0.00941906
  0.00976809
  0.00920879
  0.00768719
  0.00555894
  0.00282536
  0.00959113
   0.0180182
   0.0248236
   0.0308999
   0.0361408
   0.0408151
   0.0448405
   0.0484768
   0.0517472
   0.0545315
   0.0568103
   0.0584447
    0.059349
   0.0595989
   0.0591343
   0.0581267
   0.0565888
   0.0546596
    0.052433
   0.0499413
   0.0473324
   0.0444796
   0.0415211
   0.0381838
     0.03447
   0.0303662
   0.0258433
   0.0210065
   0.0158076
   0.0104986
  0.00495417
 -0.00655233
   -0.012025
   -0.016326
  -0.0192599
  -0.0206289
  -0.0208079
  -0.0197543
  -0.0177282
  -0.0147854
  -0.0110766
 -0.00667697
 -0.00181256
  0.00340526
  0.00874923
   0.0140542
   0.0193204
   0.0244865
    0.029384
   0.0340293
   0.0379366
   0.0409839
   0.0429867
   0.0437683
   0.0433434
   0.0415289
   0.0384281
   0.0338504
    0.028263
   0.0216344
   0.0145597
  0.00725344
   0.0110828
   0.0210021
   0.0293365
   0.0367485
   0.0431226
   0.0487062
   0.0534488
    0.057508
    0.060863
   0.0635352
   0.0654757
   0.0667544
   0.0673509
   0.0673654
   0.0668633
   0.0658311
   0.0643709
   0.0623802
   0.0598973
   0.0569639
   0.0536119
   0.0498497
   0.0456675
   0.0411297
   0.0362104
   0.0310979
   0.0258808
   0.0205875
   0.0153656
   0.0101315
  0.00498211
 -0.00161995
 -0.00208077
  -0.0012202
 0.000729738
  0.00384839
  0.00781941
   0.0126288
   0.0180704
      0.0241
    0.030512
   0.0372511
   0.0440141
   0.0506927
   0.0569819
    0.062701
   0.0677135
   0.0718568
   0.0750493
   0.0771692
   0.0781686
   0.0779471
   0.0765743
   0.0739981
    0.070289
   0.0654851
   0.0593273
   0.0516994
   0.0428743
   0.0327898
   0.0221036
   0.0109492
   0.0121579
   0.0231823
   0.0327258
   0.0412196
   0.0485315
   0.0548738
   0.0602077
   0.0645629
   0.0678609
     0.07027
   0.0717256
   0.0725316
   0.0727524
   0.0725234
   0.0720328
   0.0710605
   0.0697695
   0.0677776
   0.0650395
    0.061593
   0.0573534
    0.052484
    0.046859
   0.0409333
   0.0347031
   0.0286079
   0.0228865
   0.0174998
   0.0127826
   0.0082789
  0.00426074
  0.00308457
  0.00734562
   0.0130075
   0.0194166
   0.0265328
   0.0340875
   0.0420018
   0.0501199
   0.0584153
   0.0666501
   0.0748217
   0.0826003
   0.0899355
   0.0965077
    0.102176
    0.106714
     0.10988
    0.111674
    0.111803
    0.110585
    0.107869
    0.103907
   0.0987165
    0.092392
   0.0851883
    0.076518
   0.0663725
   0.0548647
   0.0419225
   0.0282695
    0.013949
   0.0128211
   0.0244878
   0.0346555
   0.0437189
   0.0515507
   0.0583603
   0.0641544
   0.0688901
   0.0725716
   0.0751727
   0.0766409
   0.0772274
   0.0769272
   0.0760093
   0.0745753
   0.0725609
   0.0700328
   0.0668452
   0.0629545
   0.0585275
   0.0536204
   0.0482844
    0.042588
   0.0367398
   0.0308599
   0.0252066
    0.020012
   0.0152224
   0.0110834
  0.00720115
  0.00375338
  0.00786261
    0.016695
   0.0267102
   0.0371541
   0.0479781
    0.058728
   0.0692322
   0.0793285
   0.0888652
     0.09775
    0.105865
    0.113175
     0.11959
    0.125115
    0.129703
    0.133208
    0.135538
      0.1366
    0.136294
      0.1345
    0.131091
    0.126107
    0.119499
    0.111355
    0.101788
   0.0906313
   0.0779198
   0.0638832
   0.0485517
   0.0325795
   0.0160557
   0.0129987
   0.0248418
   0.0351954
   0.0444345
   0.0524506
   0.0594625
   0.0655285
   0.0705317
   0.0745432
   0.0773066
   0.0787435
   0.0790113
   0.0780089
   0.0761323
   0.0734079
   0.0699649
   0.0658223
   0.0611356
   0.0559185
   0.0505088
   0.0451259
   0.0397006
   0.0344673
   0.0293279
    0.024466
   0.0198923
   0.0157829
   0.0120411
  0.00881492
  0.00579325
  0.00308978
   0.0115178
   0.0237629
   0.0369413
   0.0502405
   0.0636562
   0.0766156
   0.0889092
    0.100409
    0.110859
    0.120306
    0.128492
    0.135626
    0.141517
    0.146421
    0.150324
    0.153117
    0.154825
    0.155268
    0.154559
    0.152198
     0.14813
    0.142235
    0.134427
    0.124803
    0.113334
    0.100252
   0.0856197
   0.0697621
   0.0527937
   0.0352864
   0.0173602
   0.0133922
   0.0254888
   0.0359224
   0.0450627
   0.0527425
   0.0592303
   0.0645008
   0.0685824
   0.0714737
   0.0731096
   0.0734352
   0.0726431
   0.0707144
   0.0680324
   0.0647718
   0.0609408
    0.056703
   0.0520995
    0.047269
   0.0423708
   0.0376126
   0.0329388
    0.028506
   0.0243008
   0.0204637
   0.0169271
   0.0138124
   0.0108894
   0.0081467
  0.00547524
  0.00283181
   0.0145329
   0.0291873
   0.0438982
   0.0583443
   0.0724313
   0.0859526
   0.0987669
    0.110835
    0.122036
    0.132278
    0.141417
     0.14946
    0.156302
    0.161899
    0.166205
    0.169042
    0.170369
    0.170074
    0.168168
    0.164503
    0.159074
    0.151847
    0.142832
    0.131995
    0.119291
    0.105044
   0.0893033
   0.0724507
   0.0545705
   0.0363126
   0.0177886
   0.0133462
   0.0252595
   0.0353118
   0.0438495
   0.0506362
   0.0559919
   0.0598205
   0.0623264
   0.0634766
    0.063453
   0.0622735
   0.0602085
   0.0573502
   0.0540777
   0.0507072
   0.0470958
    0.043511
     0.03982
   0.0362271
   0.0326512
   0.0292396
   0.0259224
   0.0227619
    0.019835
   0.0172462
   0.0148612
   0.0127568
   0.0105772
  0.00816559
  0.00563609
  0.00281317
   0.0169051
   0.0334468
   0.0493254
   0.0646934
   0.0793316
   0.0933413
    0.106589
    0.119063
    0.130726
    0.141328
    0.150829
    0.159055
    0.166029
     0.17146
    0.175329
    0.177442
    0.177733
     0.17619
    0.172738
    0.167582
    0.160762
    0.152341
    0.142427
    0.130868
    0.117602
    0.103029
   0.0871637
   0.0704121
    0.052792
   0.0349873
   0.0170628
   0.0107683
   0.0204358
   0.0285747
   0.0354388
   0.0408683
   0.0449863
    0.047733
   0.0493466
   0.0499073
   0.0495415
   0.0483976
   0.0465868
   0.0442574
   0.0416593
   0.0390473
   0.0363615
   0.0338242
   0.0312637
   0.0288062
   0.0263338
   0.0238792
   0.0214313
   0.0189515
   0.0166017
   0.0143989
   0.0123333
   0.0104283
   0.0085117
  0.00653504
  0.00447219
   0.0022843
   0.0175595
   0.0349057
   0.0518134
   0.0682725
   0.0841043
   0.0992724
      0.1137
    0.127067
     0.13929
    0.149997
    0.159038
    0.166389
    0.171991
    0.175808
    0.177822
    0.178019
    0.176381
    0.172985
    0.167818
    0.161092
    0.152868
    0.143294
     0.13248
    0.120463
    0.107269
   0.0931971
   0.0783092
   0.0628979
   0.0470185
   0.0311051
   0.0152275
  0.00677128
   0.0129319
    0.018124
   0.0225512
   0.0261528
   0.0288525
   0.0306152
   0.0316851
   0.0322194
   0.0322359
   0.0319581
   0.0312762
   0.0303366
   0.0292075
   0.0280419
   0.0268411
   0.0257661
    0.024602
   0.0233992
   0.0220167
   0.0203886
   0.0185843
   0.0164867
   0.0143689
   0.0121912
    0.010107
  0.00812347
  0.00628769
  0.00467429
  0.00310219
  0.00164196
   0.0180446
    0.035913
   0.0533999
   0.0703151
   0.0865262
    0.101893
    0.116447
    0.129641
    0.141416
    0.151354
    0.159246
    0.165237
    0.169198
    0.171338
    0.171621
    0.170188
    0.167049
    0.162343
    0.156097
    0.148506
    0.139627
    0.129667
    0.118706
    0.106942
   0.0944666
   0.0814673
   0.0680435
   0.0543765
   0.0405653
   0.0268086
   0.0131979
  0.00231932
  0.00471792
  0.00706305
  0.00926636
   0.0113542
   0.0131063
   0.0145662
   0.0156613
   0.0164827
    0.016974
   0.0172093
   0.0172239
   0.0170786
   0.0168399
   0.0165847
   0.0163124
   0.0161064
   0.0158207
    0.015476
   0.0149569
    0.014226
   0.0132953
   0.0121088
   0.0108129
  0.00939526
  0.00796397
  0.00652661
  0.00514676
  0.00385294
  0.00257888
   0.0013389
   0.0196723
   0.0386698
   0.0567019
    0.073622
   0.0892233
    0.103469
    0.116292
    0.127503
     0.13704
    0.144779
    0.150608
    0.154669
    0.156901
    0.157486
    0.156421
    0.153862
    0.149844
    0.144527
    0.137968
    0.130353
    0.121766
    0.112387
    0.102317
   0.0917087
   0.0806665
   0.0693161
   0.0577567
   0.0460872
   0.0343965
   0.0227643
   0.0112665
 -0.00212918
 -0.00345535
 -0.00386947
 -0.00375653
 -0.00301444
 -0.00202537
-0.000695419
  0.00054652
  0.00169406
  0.00259948
  0.00318409
  0.00364783
  0.00398787
  0.00429688
  0.00460088
  0.00491872
  0.00527918
  0.00562982
  0.00598285
  0.00626327
  0.00646842
  0.00654543
  0.00648446
  0.00627741
  0.00591014
  0.00541022
  0.00475474
  0.00399678
  0.00310777
  0.00214682
  0.00109102
   0.0200213
   0.0389446
   0.0564348
   0.0724331
   0.0866901
   0.0992921
    0.110073
    0.119184
    0.126534
    0.132258
    0.136314
    0.138819
     0.13976
    0.139276
    0.137381
    0.134232
    0.129874
    0.124471
    0.118097
     0.11092
    0.103038
   0.0945977
   0.0857132
   0.0764924
   0.0670499
   0.0574525
   0.0478022
   0.0381219
   0.0284994
   0.0189111
   0.0094306
  -0.0045386
 -0.00818885
  -0.0108008
  -0.0126236
  -0.0135849
  -0.0139759
  -0.0137744
  -0.0133053
  -0.0126083
  -0.0118375
  -0.0110481
  -0.0101844
 -0.00924431
 -0.00822072
 -0.00709798
 -0.00590377
 -0.00462987
 -0.00333191
 -0.00202175
-0.000750501
 0.000457093
  0.00156231
  0.00254014
  0.00335406
   0.0039875
  0.00437041
  0.00447158
  0.00421306
  0.00345932
  0.00248102
  0.00115071
   0.0187468
   0.0360567
   0.0514555
   0.0652604
   0.0772147
   0.0875914
   0.0962626
     0.10344
    0.109069
    0.113297
    0.116108
    0.117621
    0.117841
    0.116894
    0.114808
    0.111719
     0.10768
    0.102825
   0.0972341
   0.0910365
   0.0843318
   0.0772277
   0.0698348
   0.0622295
   0.0545213
   0.0467395
   0.0389849
   0.0311884
   0.0233931
   0.0155873
  0.00781903
 -0.00619362
  -0.0115607
  -0.0159643
   -0.019524
  -0.0221816
  -0.0240977
  -0.0252712
  -0.0258585
   -0.025879
  -0.0254538
  -0.0245926
  -0.0233849
  -0.0218296
  -0.0200177
  -0.0179576
  -0.0157402
  -0.0133946
  -0.0109978
 -0.00860072
 -0.00624202
 -0.00397559
 -0.00182684
 0.000165359
  0.00194157
  0.00348553
  0.00462994
  0.00533402
  0.00538609
  0.00454644
  0.00330757
  0.00145109
   0.0168163
   0.0319449
   0.0448133
   0.0561217
   0.0656012
   0.0736953
   0.0802969
   0.0856572
   0.0897411
   0.0926937
   0.0945102
   0.0952973
   0.0950692
   0.0939316
   0.0919212
   0.0891441
   0.0856606
   0.0815666
   0.0769417
   0.0718704
   0.0664469
   0.0607328
   0.0548332
   0.0487992
   0.0427439
   0.0366705
   0.0306908
   0.0246576
   0.0185768
    0.012449
  0.00629683
  -0.0080591
  -0.0151169
  -0.0209862
  -0.0258524
  -0.0296233
  -0.0324579
  -0.0343216
  -0.0353739
  -0.0356229
  -0.0351974
  -0.0341286
  -0.0325179
  -0.0304094
  -0.0278871
  -0.0250024
  -0.0218309
  -0.0184204
  -0.0148616
  -0.0111882
 -0.00755669
 -0.00400628
-0.000769126
  0.00200994
  0.00434445
  0.00611169
  0.00726065
  0.00765674
   0.0072927
  0.00594711
  0.00417768
  0.00181726
   0.0132871
   0.0250922
   0.0349022
   0.0434413
   0.0504805
    0.056453
   0.0612696
   0.0651579
   0.0680846
   0.0701706
   0.0714046
   0.0718729
   0.0715785
   0.0706202
   0.0690266
   0.0668923
   0.0642774
   0.0612412
   0.0578665
   0.0541697
   0.0502529
   0.0460351
   0.0415536
   0.0369411
   0.0322795
   0.0276206
   0.0230582
   0.0185036
   0.0139917
  0.00942499
  0.00483448
 -0.00966482
   -0.018107
   -0.025076
  -0.0308295
  -0.0352546
  -0.0385314
  -0.0406159
  -0.0416982
  -0.0417965
  -0.0410625
  -0.0395548
  -0.0373829
  -0.0346283
  -0.0313558
   -0.027648
  -0.0235525
  -0.0191282
  -0.0144758
 -0.00961493
 -0.00483089
-0.000162211
  0.00393535
  0.00720311
  0.00973202
   0.0113054
   0.0120131
   0.0116535
   0.0104553
  0.00823245
  0.00560776
  0.00245578
  0.00938047
   0.0175405
   0.0240586
   0.0296814
   0.0342133
   0.0380624
   0.0411453
   0.0436537
   0.0455473
    0.046915
   0.0477323
   0.0480588
   0.0478796
   0.0472779
   0.0462671
   0.0449225
   0.0432983
   0.0414149
   0.0393581
   0.0370812
   0.0347005
    0.032003
   0.0289585
   0.0257719
   0.0224848
   0.0191895
   0.0159591
   0.0127671
  0.00969065
  0.00655655
  0.00342597
 -0.00921166
  -0.0175252
  -0.0247189
  -0.0308155
  -0.0357246
  -0.0394941
  -0.0421073
  -0.0436604
  -0.0441926
  -0.0438072
  -0.0425775
  -0.0405996
  -0.0379652
  -0.0347544
  -0.0310637
  -0.0269692
   -0.022562
   -0.017953
  -0.0132241
 -0.00859176
 -0.00415275
-0.000215966
  0.00303149
  0.00558334
  0.00731192
  0.00824652
  0.00830639
  0.00762711
  0.00616951
  0.00429687
  0.00201093
  0.00415879
  0.00781613
   0.0108194
    0.013464
   0.0156514
   0.0175747
   0.0191833
   0.0205636
   0.0216864
   0.0225867
   0.0232442
   0.0236782
   0.0238732
   0.0238594
   0.0236342
   0.0232263
   0.0226534
   0.0219212
   0.0210639
   0.0200607
   0.0189658
   0.0176752
   0.0161742
    0.014552
    0.012824
   0.0110401
  0.00923569
  0.00741225
  0.00561435
   0.0037807
  0.00195979
 0.000102476
 0.000203437
 0.000268731
 0.000330056
 0.000365334
 0.000395432
 0.000406753
 0.000412859
 0.000405971
  0.00039457
 0.000374261
 0.000350415
 0.000320203
 0.000287462
 0.000249351
 0.000209748
 0.000164916
  0.00011974
 7.11544e-05
 2.34925e-05
-2.02268e-05
-6.17902e-05
-9.03768e-05
-0.000115883
-0.000126195
-0.000133089
-0.000122984
-0.000109836
-8.27076e-05
-5.35246e-05
-2.71205e-05
-0.000150771
-0.000301541
-0.000288036
 -0.00027453
-0.000255254
-0.000235977
-0.000218491
-0.000201005
 -0.00018336
-0.000165714
-0.000144855
-0.000123995
-9.87391e-05
-7.34827e-05
-4.84076e-05
-2.33325e-05
-3.82877e-06
  1.5675e-05
 2.28177e-05
 2.99605e-05
 3.16524e-05
 3.33443e-05
 5.23982e-05
 7.14521e-05
 7.99777e-05
 8.85033e-05
 7.95394e-05
 7.05755e-05
 3.80338e-05
 5.49205e-06
 2.74602e-06
