   0.0980218
    0.195094
    0.290284
    0.382685
    0.471406
    0.555576
    0.634396
    0.707117
    0.773017
    0.831477
    0.881927
    0.923887
    0.956947
    0.980797
    0.995187
     1.00001
    0.995186
    0.980796
    0.956945
    0.923885
    0.881924
    0.831474
    0.773013
    0.707113
    0.634393
    0.555572
    0.471401
    0.382681
     0.29028
     0.19509
   0.0980198
   -0.757516
    -1.50883
    -2.24666
    -2.96382
    -3.65333
    -4.30847
    -4.92286
    -5.49049
     -6.0058
    -6.46376
    -6.85984
    -7.19017
    -7.45147
    -7.64113
    -7.75726
    -7.79865
    -7.76484
    -7.65608
    -7.47335
    -7.21835
     -6.8935
    -6.50186
    -6.04717
    -5.53379
    -4.96661
    -4.35106
    -3.69309
    -2.99917
    -2.27598
    -1.53024
   -0.769144
   0.0954459
    0.189983
      0.2827
    0.372707
    0.459133
    0.541148
    0.617959
    0.688827
    0.753067
    0.810061
    0.859258
    0.900184
    0.932443
    0.955723
      0.9698
    0.974537
    0.969887
    0.955896
    0.932695
    0.900509
    0.859646
    0.810499
    0.753542
    0.689322
    0.618457
    0.541634
    0.459591
    0.373114
    0.283036
    0.190226
   0.0955766
   -0.739458
    -1.47281
    -2.19294
    -2.89283
    -3.56567
    -4.20491
     -4.8043
      -5.358
    -5.86059
    -6.30716
    -6.69331
    -7.01525
    -7.26981
    -7.45445
    -7.56733
    -7.60729
    -7.57388
    -7.46736
     -7.2887
    -7.03957
    -6.72231
    -6.33997
    -5.89621
    -5.39543
    -4.84241
    -4.24227
    -3.60078
    -2.92419
    -2.21897
    -1.49185
   -0.749801
   0.0928889
    0.184909
    0.275172
    0.362808
    0.446971
    0.526848
    0.601669
     0.67071
    0.733306
     0.78885
    0.836807
    0.876712
    0.908179
    0.930903
    0.944663
    0.949325
    0.944842
    0.931256
    0.908695
    0.877377
      0.8376
    0.789747
    0.734277
    0.671724
    0.602692
    0.527849
    0.447917
    0.363655
    0.275873
    0.185419
   0.0931644
   -0.721799
    -1.43755
    -2.14031
    -2.82321
    -3.47963
    -4.10316
    -4.68773
    -5.22763
     -5.7176
    -6.15285
    -6.52911
    -6.84269
    -7.09051
    -7.27012
    -7.37971
     -7.4182
    -7.38514
    -7.28081
    -7.10616
    -6.86284
    -6.55314
    -6.18003
     -5.7471
    -5.25877
    -4.71969
    -4.13472
    -3.50946
    -2.84994
     -2.1625
    -1.45378
   -0.730618
   0.0903665
    0.179899
    0.267733
    0.353021
    0.434939
    0.512696
    0.585539
    0.652765
    0.713724
    0.767825
    0.814543
    0.853427
    0.884098
    0.906258
    0.919689
    0.924259
     0.91992
    0.906708
    0.884747
    0.854243
    0.815486
    0.768852
    0.714786
    0.653802
    0.586492
    0.513541
    0.435664
    0.353625
    0.268226
    0.180291
   0.0906426
   -0.704455
    -1.40287
    -2.08845
    -2.75453
    -3.39464
    -4.00256
    -4.57237
    -5.09852
     -5.5759
    -5.99985
    -6.36622
    -6.67143
    -6.91249
    -7.08702
    -7.19329
    -7.23024
    -7.19746
    -7.09524
    -6.92456
    -6.68714
    -6.38522
    -6.02156
    -5.59965
    -5.12364
    -4.59811
    -4.02793
    -3.41859
    -2.77595
    -2.10622
    -1.41585
   -0.711511
   0.0878735
    0.174946
    0.260377
    0.343339
    0.423032
    0.498684
    0.569563
    0.634983
     0.69431
    0.746968
    0.792446
    0.830301
    0.860164
    0.881742
    0.894822
    0.899272
    0.895042
    0.882165
    0.860757
    0.831015
    0.793223
    0.747752
    0.695034
    0.635569
    0.569942
    0.498863
    0.423041
    0.343256
    0.260299
    0.174966
   0.0880228
   -0.687259
    -1.36847
    -2.03699
    -2.68637
     -3.3103
    -3.90272
    -4.45787
    -4.97039
    -5.43528
    -5.84802
    -6.20459
    -6.50152
    -6.73589
    -6.90542
    -7.00843
    -7.04389
    -7.01143
    -6.91133
    -6.74459
    -6.51296
    -6.21865
    -5.86424
    -5.45312
    -4.98925
    -4.47709
    -3.92156
      -3.328
    -2.70215
    -2.05004
    -1.37797
   -0.692421
   0.0853975
    0.170027
    0.253069
     0.33372
    0.411199
    0.484754
    0.553673
    0.617285
    0.674972
    0.726171
    0.770382
    0.807169
    0.836168
    0.857088
    0.869716
     0.87392
    0.869654
    0.856967
    0.835979
    0.806896
        0.77
    0.725666
    0.674329
     0.61649
    0.552731
     0.48372
    0.410157
    0.332786
    0.252372
    0.169668
   0.0853924
   -0.669939
    -1.33385
    -1.98528
    -2.61793
    -3.22567
     -3.8026
    -4.34314
    -4.84204
    -5.29447
    -5.69603
    -6.04283
     -6.3315
    -6.55923
     -6.7238
    -6.82362
    -6.85774
    -6.82581
    -6.72805
    -6.56538
    -6.33946
    -6.05244
    -5.70696
    -5.30634
    -4.85446
    -4.35567
    -3.81478
    -3.23703
      -2.628
    -1.99356
    -1.33986
   -0.673202
   0.0829286
    0.165121
    0.245778
    0.324117
    0.399377
    0.470827
    0.537769
    0.599551
    0.655566
    0.705265
    0.748156
    0.783811
    0.811872
     0.83205
    0.844132
    0.847993
    0.843591
    0.831004
    0.810358
    0.781877
    0.745851
    0.702659
    0.652742
    0.596603
    0.534814
    0.467994
    0.396817
    0.321982
     0.24422
    0.164236
   0.0826993
   -0.652549
    -1.29908
    -1.93332
    -2.54916
    -3.14062
    -3.70199
    -4.22782
    -4.71304
    -5.15293
    -5.54325
    -5.88022
    -6.16057
    -6.38157
    -6.54109
     -6.6376
    -6.67025
    -6.63869
    -6.54311
    -6.38441
    -6.16412
    -5.88435
    -5.54781
    -5.15775
    -4.71796
    -4.23267
    -3.70661
    -3.14486
    -2.55285
    -1.93633
    -1.30124
   -0.653731
   0.0804559
    0.160201
    0.238456
    0.314457
    0.387458
    0.456744
    0.521633
    0.581483
    0.635702
    0.683751
    0.725151
    0.759496
    0.786448
    0.805765
    0.817254
    0.820789
     0.81634
     0.80398
    0.783845
    0.756155
    0.721202
    0.679353
     0.63104
    0.576749
    0.517029
    0.452471
    0.383711
    0.311411
    0.236259
    0.158918
   0.0800268
   -0.634879
    -1.26377
    -1.88057
    -2.47936
    -3.05433
    -3.59994
    -4.11091
     -4.5823
    -5.00955
    -5.38854
     -5.7156
    -5.98759
    -6.20185
     -6.3563
    -6.44946
    -6.48047
    -6.44903
    -6.35538
    -6.20045
    -5.98573
    -5.71332
    -5.38586
    -5.00654
    -4.57905
    -4.10753
    -3.59656
     -3.0511
    -2.47644
    -1.87814
      -1.262
   -0.633948
   0.0779259
    0.155165
    0.230953
    0.304542
    0.375202
    0.442232
    0.504963
    0.562769
    0.615069
    0.661342
    0.701126
    0.734048
    0.759796
     0.77819
     0.78906
    0.792283
    0.787843
    0.775801
    0.756297
    0.729539
    0.695812
    0.655461
      0.6089
     0.55659
    0.499053
    0.436846
    0.370569
    0.300846
    0.228323
    0.153625
   0.0773687
   -0.616902
    -1.22783
    -1.82689
    -2.40831
    -2.96647
      -3.496
    -3.99177
    -4.44902
    -4.86331
    -5.23067
    -5.54756
    -5.81092
    -6.01822
    -6.16743
    -6.25712
    -6.28644
    -6.25512
    -6.16348
    -6.01244
    -5.80348
    -5.53865
    -5.22053
    -4.85224
    -4.43736
    -3.97994
    -3.48441
    -2.95561
    -2.39865
    -1.81895
    -1.22209
   -0.613847
     0.07521
    0.149754
    0.222879
    0.293857
    0.361973
    0.426558
    0.486967
    0.542611
    0.592935
    0.637442
    0.675699
    0.707348
    0.732099
    0.749759
    0.760176
     0.76325
     0.75897
    0.747395
     0.72866
    0.702964
    0.670575
    0.631823
    0.587097
    0.536827
    0.481504
    0.421649
    0.357825
    0.290617
    0.220633
    0.148478
    0.074759
   -0.598518
     -1.1911
    -1.77202
    -2.33569
    -2.87667
    -3.38975
    -3.86998
    -4.31273
    -4.71375
    -5.06916
    -5.37557
    -5.63004
    -5.83012
     -5.9739
       -6.06
    -6.08763
    -6.05655
    -5.96709
    -5.82015
     -5.6172
    -5.36024
    -5.05178
    -4.69485
    -4.29295
    -3.84998
    -3.37027
    -2.85849
     -2.3196
    -1.75883
     -1.1816
   -0.593472
   0.0722472
    0.143861
    0.214099
    0.282257
    0.347642
     0.40962
    0.467578
     0.52097
    0.569275
    0.612021
    0.648802
    0.679271
    0.703151
    0.720225
    0.730348
    0.733437
    0.729482
    0.718536
    0.700723
    0.676228
    0.645304
    0.608257
    0.565451
    0.517285
    0.464213
    0.406724
    0.345342
    0.280617
    0.213124
    0.143453
    0.072209
   -0.579537
    -1.15318
    -1.71539
    -2.26077
    -2.78406
    -3.28022
    -3.74448
    -4.17238
    -4.55979
    -4.90303
    -5.19879
    -5.44426
    -5.63709
    -5.77546
    -5.85807
    -5.88415
    -5.85351
    -5.76647
    -5.62393
    -5.42731
    -5.17856
    -4.88012
    -4.53492
    -4.14635
    -3.71819
    -3.25464
     -2.7602
    -2.23967
    -1.69811
    -1.14074
   -0.572926
   0.0689123
    0.137306
    0.204461
    0.269683
    0.332303
    0.391691
    0.447261
     0.49849
    0.544879
    0.585977
    0.621394
    0.650792
    0.673902
    0.690508
    0.700466
    0.703693
    0.700172
    0.689945
    0.673124
    0.649876
    0.620432
    0.585077
    0.544146
    0.498017
    0.447116
    0.391906
    0.332885
    0.270583
    0.205553
    0.138376
   0.0696497
   -0.560012
    -1.11416
    -1.65711
    -2.18366
    -2.68875
    -3.16753
    -3.61542
    -4.02812
    -4.40168
    -4.73254
    -5.01754
    -5.25396
    -5.43957
    -5.57262
    -5.65187
    -5.67661
    -5.64664
    -5.56229
    -5.42445
    -5.23448
    -4.99427
    -4.70619
    -4.37308
    -3.99818
    -3.58518
    -3.13808
    -2.66125
    -2.15931
    -1.63712
    -1.09973
   -0.552305
   0.0653015
    0.130239
    0.194121
    0.256274
    0.316049
    0.372818
    0.426014
     0.47513
    0.519684
    0.559237
    0.593406
    0.621861
    0.644332
    0.660604
    0.670528
    0.674016
     0.67104
    0.661629
    0.645874
    0.623924
    0.595988
    0.562326
     0.52325
    0.479119
    0.430335
    0.377343
     0.32062
     0.26068
    0.198063
    0.133341
   0.0671078
   -0.539855
    -1.07393
     -1.5971
    -2.10437
    -2.59087
    -3.05196
    -3.48323
    -3.88055
    -4.24014
    -4.55856
    -4.83279
    -5.06022
     -5.2387
    -5.36657
    -5.44264
    -5.46623
    -5.43715
    -5.35574
    -5.22283
    -5.03977
    -4.80837
    -4.53091
    -4.21011
    -3.84912
    -3.45146
    -3.02099
    -2.56192
    -2.07869
    -1.57598
    -1.05864
   -0.531654
   0.0617512
    0.123257
    0.183867
    0.242937
     0.29985
    0.354005
    0.404851
    0.451884
    0.494631
    0.532665
    0.565607
    0.593131
    0.614965
    0.630894
    0.640761
    0.644472
    0.641985
    0.633322
    0.618557
    0.597828
    0.571322
    0.539289
    0.502018
    0.459856
    0.413186
    0.362431
    0.308049
    0.250526
    0.190385
    0.128194
   0.0645313
   -0.519156
    -1.03269
    -1.53569
    -2.02335
    -2.49102
    -2.93423
    -3.34875
    -3.73062
    -4.07621
    -4.38223
    -4.64576
    -4.86431
    -5.03581
    -5.15866
    -5.23173
    -5.25435
    -5.22636
    -5.14808
    -5.02031
    -4.84435
    -4.62193
    -4.35524
    -4.04691
    -3.69994
    -3.31771
    -2.90395
    -2.46266
    -1.99813
    -1.51486
    -1.01756
   -0.511008
    0.058213
    0.116305
    0.173662
    0.229675
    0.283755
    0.335333
    0.383873
    0.428867
    0.469853
    0.506409
    0.538157
    0.564774
    0.585983
    0.601567
    0.611362
    0.615264
    0.613224
    0.605253
    0.591416
    0.571841
      0.5467
    0.516232
    0.480713
    0.440476
    0.395891
    0.347358
    0.295319
    0.240226
    0.182586
    0.122962
    0.061911
   -0.498156
   -0.990906
    -1.47355
    -1.94149
    -2.39027
    -2.81558
    -3.21339
    -3.57988
    -3.91156
    -4.20527
    -4.45822
      -4.668
    -4.83263
    -4.95056
     -5.0207
    -5.04243
    -5.01558
    -4.94046
    -4.81785
    -4.64897
    -4.43552
    -4.17958
    -3.88369
    -3.55071
     -3.1839
    -2.78682
    -2.36333
    -1.91753
    -1.45373
   -0.976493
   -0.490394
   0.0548416
    0.109638
    0.163814
    0.216806
    0.268051
    0.317014
    0.363175
    0.406049
     0.44518
    0.480159
    0.510614
    0.536227
     0.55672
     0.57188
    0.581536
    0.585586
    0.583973
    0.576705
    0.563836
    0.545478
    0.521789
    0.492972
    0.459286
    0.421038
    0.378581
    0.332319
    0.282672
    0.230047
    0.174925
    0.117835
   0.0593227
   -0.477038
   -0.948963
    -1.41129
     -1.8596
    -2.28962
    -2.69723
    -3.07853
    -3.42987
    -3.74787
     -4.0295
    -4.27206
    -4.47323
    -4.63112
    -4.74422
     -4.8115
    -4.83236
    -4.80662
     -4.7346
    -4.61704
    -4.45511
    -4.25045
    -4.00509
    -3.72144
    -3.40224
     -3.0506
    -2.67002
     -2.2642
    -1.83708
    -1.39279
   -0.935634
   -0.469965
   0.0516305
    0.103266
    0.154364
    0.204405
    0.252854
    0.299209
     0.34297
    0.383679
    0.420894
    0.454225
    0.483304
    0.507828
    0.527521
    0.542177
    0.551627
    0.555767
    0.554539
    0.547948
    0.536039
    0.518906
     0.49669
    0.469553
    0.437734
    0.401509
    0.361214
    0.317254
    0.270025
    0.219886
    0.167292
    0.112735
   0.0567496
   -0.456032
   -0.907313
    -1.34956
    -1.77855
    -2.19016
    -2.58041
    -2.94556
    -3.28207
    -3.58669
    -3.85648
    -4.08884
    -4.28155
    -4.43278
     -4.5411
    -4.60551
    -4.62545
    -4.60079
    -4.53181
    -4.41923
    -4.26418
    -4.06824
    -3.83337
    -3.56189
    -3.25637
     -2.9198
    -2.55557
    -2.16722
    -1.75851
    -1.33337
    -0.89587
   -0.450116
   0.0483874
   0.0968286
    0.144813
    0.191863
    0.237473
     0.28118
    0.322508
    0.361032
     0.39633
    0.428035
    0.455801
    0.479338
    0.498386
    0.512736
    0.522222
    0.526718
    0.526164
    0.520548
    0.509907
    0.494308
    0.473853
    0.448579
    0.418687
    0.384463
    0.346203
    0.304294
    0.259104
    0.211035
    0.160526
    0.108121
   0.0543661
   -0.435215
   -0.866238
    -1.28897
    -1.69924
    -2.09308
     -2.4666
    -2.81617
    -3.13836
    -3.43003
    -3.68832
    -3.91074
    -4.09513
    -4.23972
     -4.3432
    -4.40462
    -4.42353
    -4.39981
    -4.33374
    -4.22604
    -4.07779
    -3.89047
    -3.66596
    -3.40648
    -3.11452
    -2.79295
    -2.44492
    -2.07382
    -1.68316
     -1.2767
   -0.858148
    -0.43139
   0.0452356
   0.0905529
    0.135476
    0.179572
    0.222373
    0.263454
    0.302376
    0.338745
    0.372171
    0.402315
    0.428855
    0.451518
    0.470061
    0.484271
    0.493983
    0.499041
    0.499372
    0.494942
    0.485765
    0.471871
    0.453304
    0.429964
    0.402001
    0.369708
    0.333342
    0.293272
     0.24985
    0.203533
     0.15477
    0.104168
   0.0523051
   -0.415405
   -0.827116
    -1.23118
    -1.62349
    -2.00022
    -2.35759
    -2.69213
    -3.00052
    -3.27975
    -3.52712
     -3.7402
    -3.91694
    -4.05563
    -4.15503
    -4.21421
    -4.23279
    -4.21064
    -4.14801
    -4.04555
    -3.90427
    -3.72558
    -3.51122
     -3.2633
    -2.98422
    -2.67674
    -2.34379
    -1.98861
    -1.61453
    -1.22513
   -0.823846
   -0.414367
     0.04244
   0.0849111
    0.126987
     0.16837
    0.208648
    0.247468
    0.284434
    0.319142
    0.351221
    0.380276
    0.405989
     0.42809
    0.446328
    0.460489
    0.470389
    0.475869
    0.476826
      0.4732
    0.464964
    0.452125
    0.434702
    0.412668
    0.386144
    0.355377
    0.320611
    0.282194
    0.240476
    0.195917
    0.148975
    0.100258
   0.0503394
   -0.397251
   -0.790945
    -1.17728
    -1.55235
     -1.9125
    -2.25416
    -2.57398
    -2.86891
    -3.13609
    -3.37303
    -3.57745
    -3.74738
    -3.88118
    -3.97758
    -4.03567
    -4.05494
    -4.03523
    -3.97671
    -3.87996
    -3.74589
    -3.57581
    -3.37133
    -3.13446
    -2.86746
    -2.57292
    -2.25365
    -1.91273
    -1.55337
    -1.17898
   -0.792955
   -0.398854
   0.0401775
   0.0803011
        0.12
    0.159121
    0.197321
    0.234318
     0.26976
    0.303224
    0.334344
    0.362649
    0.387812
    0.409548
    0.427589
    0.441711
    0.451709
    0.457423
    0.458723
    0.455533
      0.4478
    0.435525
    0.418733
    0.397504
     0.37196
    0.342315
    0.308807
    0.271769
    0.231549
    0.188599
    0.143376
   0.0964671
   0.0484338
   -0.379764
   -0.756158
    -1.12557
    -1.48431
     -1.8289
    -2.15594
    -2.46224
    -2.74491
    -3.00121
    -3.22883
    -3.42557
    -3.58949
    -3.71901
    -3.81282
    -3.87001
    -3.88996
    -3.87249
     -3.8177
    -3.72612
    -3.59858
    -3.43632
    -3.24085
    -3.01406
    -2.75812
    -2.47549
    -2.16886
    -1.84118
    -1.49555
    -1.13525
   -0.763605
   -0.384078
   0.0388148
   0.0775971
    0.116015
    0.153815
    0.190678
     0.22634
    0.260463
     0.29268
    0.322632
    0.349913
    0.374193
    0.395186
    0.412615
    0.426254
    0.435892
    0.441371
    0.442553
    0.439366
    0.431755
    0.419733
    0.403336
    0.382667
    0.357865
    0.329147
    0.296757
    0.261023
    0.222294
    0.181003
    0.137593
   0.0925946
   0.0465284
   -0.362419
   -0.721842
    -1.07484
    -1.41803
     -1.7481
    -2.06178
    -2.35602
    -2.62795
    -2.87491
    -3.09452
    -3.28463
    -3.44331
    -3.56901
    -3.66041
    -3.71661
    -3.73698
     -3.7213
    -3.66966
    -3.58254
    -3.46072
    -3.30537
    -3.11795
    -2.90027
    -2.65439
    -2.38268
    -2.08775
    -1.77244
    -1.43974
    -1.09284
   -0.735003
   -0.369605
   0.0384516
   0.0768377
    0.114848
    0.152089
    0.188243
     0.22304
    0.256151
    0.287267
    0.316052
     0.34219
    0.365368
    0.385318
    0.401776
     0.41453
    0.423379
     0.42818
    0.428808
    0.425202
    0.417322
    0.405197
    0.388882
    0.368499
    0.344204
     0.31622
    0.284802
     0.25027
    0.212974
    0.173319
    0.131728
   0.0886634
    0.044595
    -0.34632
   -0.690005
    -1.02781
    -1.35659
    -1.67316
    -1.97438
    -2.25728
    -2.51901
    -2.75698
    -2.96877
    -3.15225
    -3.30555
    -3.42712
    -3.51569
    -3.57036
    -3.59052
    -3.57593
    -3.52669
    -3.44324
    -3.32636
    -3.17717
    -2.99707
    -2.78782
    -2.55142
    -2.29016
    -2.00655
    -1.70335
    -1.38347
    -1.04997
   -0.706043
    -0.35494
   0.0392234
    0.077975
    0.115957
    0.152909
    0.188523
     0.22257
    0.254744
    0.284781
    0.312378
    0.337268
    0.359172
    0.377856
    0.393086
     0.40468
    0.412463
    0.416322
    0.416156
     0.41193
    0.403631
    0.391311
    0.375049
    0.354984
    0.331289
     0.30418
    0.273909
    0.240741
    0.204984
     0.16692
    0.126921
   0.0854354
   0.0429198
   -0.331156
   -0.660291
   -0.984297
    -1.29994
    -1.60414
    -1.89376
    -2.16591
    -2.41778
    -2.64683
    -2.85071
    -3.02733
    -3.17488
    -3.29185
      -3.377
    -3.42946
    -3.44866
    -3.43438
    -3.38672
    -3.30613
    -3.19338
    -3.04958
     -2.8761
    -2.67466
     -2.4472
    -2.19596
    -1.92341
    -1.63222
    -1.32529
    -1.00558
   -0.676082
   -0.339889
   0.0405673
   0.0801916
     0.11856
    0.155547
    0.190863
    0.224329
    0.255669
    0.284671
    0.311071
    0.334653
     0.35518
    0.372461
    0.386301
    0.396559
    0.403099
    0.405841
    0.404724
    0.399743
    0.390919
    0.378327
    0.362074
    0.342311
    0.319223
    0.293007
      0.2639
    0.232095
    0.197842
    0.161285
    0.122739
   0.0826473
   0.0414666
   -0.316923
   -0.632323
     -0.9432
    -1.24622
    -1.53839
     -1.8166
    -2.07804
    -2.31997
    -2.53992
    -2.73559
    -2.90499
    -3.04636
    -3.15825
    -3.23949
    -3.28927
    -3.30703
     -3.2926
    -3.24611
    -3.16802
    -3.05912
    -2.92049
    -2.75353
     -2.5599
     -2.3415
    -2.10046
    -1.83922
    -1.56031
    -1.26659
   -0.960872
    -0.64597
   -0.324786
    0.041617
   0.0819912
    0.120763
    0.157842
     0.19294
    0.225921
    0.256534
    0.284611
     0.30993
    0.332323
    0.351603
    0.367629
    0.380258
    0.389395
    0.394959
    0.396913
    0.395243
    0.389968
    0.381139
    0.368802
    0.353054
    0.333938
    0.311597
    0.286174
    0.257853
    0.226827
     0.19331
    0.157518
    0.119755
   0.0805261
   0.0403132
   -0.304064
    -0.60672
   -0.905071
    -1.19585
    -1.47615
    -1.74294
    -1.99353
    -2.22525
    -2.43573
    -2.62278
    -2.78449
    -2.91919
    -3.02551
    -3.10236
    -3.14897
    -3.16486
    -3.14986
    -3.10416
    -3.02822
    -2.92287
    -2.78922
    -2.62872
    -2.44301
    -2.23396
    -2.00362
    -1.75423
    -1.48822
    -1.20816
   -0.916694
   -0.616403
   -0.310015
   0.0423754
   0.0832735
    0.122292
    0.159372
    0.194218
     0.22673
    0.256677
    0.283933
    0.308313
    0.329697
    0.347943
    0.362962
    0.374664
    0.383001
    0.387941
    0.389485
    0.387659
    0.382493
    0.374048
    0.362316
    0.347356
    0.329069
    0.307537
    0.282829
    0.255078
    0.224492
    0.191271
    0.155748
    0.118248
   0.0793663
   0.0396279
   -0.291459
   -0.581556
   -0.867473
      -1.146
    -1.41435
    -1.66958
    -1.90912
    -2.13041
    -2.33121
    -2.50944
    -2.66331
    -2.79124
    -2.89198
    -2.96453
    -3.00817
    -3.02251
    -3.00739
    -2.96303
    -2.88985
    -2.78871
    -2.66065
    -2.50714
    -2.32976
    -2.13027
    -1.91064
    -1.67295
     -1.4195
    -1.15259
   -0.874747
   -0.588362
   -0.296016
   0.0422529
   0.0830067
     0.12182
    0.158617
    0.193103
    0.225187
    0.254661
     0.28142
    0.305315
    0.326257
     0.34415
    0.358927
    0.370535
    0.378909
    0.384025
     0.38581
    0.384273
    0.379405
    0.371235
    0.359757
    0.344997
    0.326907
    0.305541
    0.280978
    0.253343
    0.222851
    0.189726
    0.154339
    0.117049
   0.0784728
   0.0391523
   -0.279501
   -0.557404
   -0.830979
     -1.0972
    -1.35338
    -1.59678
    -1.82495
    -2.03551
    -2.22634
     -2.3955
    -2.54132
    -2.66236
    -2.75745
    -2.82574
     -2.8666
    -2.87978
    -2.86517
    -2.82296
    -2.75357
    -2.65772
    -2.53636
    -2.39074
     -2.2223
    -2.03266
    -1.82366
    -1.59727
    -1.35567
    -1.10105
   -0.835835
   -0.562311
   -0.282962
    0.041461
   0.0815003
    0.119662
     0.15587
    0.189832
    0.221469
    0.250591
    0.277103
    0.300884
    0.321855
    0.339946
    0.355086
     0.36723
     0.37626
    0.382123
    0.384632
    0.383747
      0.3794
    0.371576
     0.36028
    0.345523
    0.327347
    0.305812
    0.281041
    0.253176
    0.222463
    0.189154
    0.153658
     0.11637
   0.0779149
   0.0388426
    -0.26732
   -0.532818
   -0.793859
    -1.04761
    -1.29155
    -1.52312
    -1.74003
    -1.94011
    -2.12137
    -2.28203
     -2.4205
    -2.53547
    -2.62583
    -2.69081
    -2.72983
    -2.74268
    -2.72928
    -2.68976
    -2.62451
     -2.5341
    -2.41941
    -2.28148
    -2.12165
     -1.9414
    -1.74247
    -1.52672
    -1.29622
    -1.05309
   -0.799635
   -0.538078
   -0.270815
   0.0398778
   0.0786724
    0.115942
    0.151534
    0.185161
     0.21669
    0.245927
    0.272723
     0.29694
    0.318436
    0.337107
    0.352835
     0.36553
    0.375055
    0.381313
    0.384143
    0.383464
    0.379212
    0.371348
     0.35989
    0.344859
    0.326344
    0.304439
    0.279326
    0.251196
    0.220334
    0.187044
    0.151737
    0.114837
   0.0768909
   0.0384055
   -0.254996
   -0.507869
   -0.756092
   -0.997131
    -1.22861
    -1.44826
    -1.65397
    -1.84379
    -2.01592
    -2.16877
    -2.30086
    -2.41093
    -2.49791
    -2.56097
     -2.5995
    -2.61317
    -2.60183
    -2.56555
    -2.50464
    -2.41963
     -2.3113
    -2.18062
    -2.02884
    -1.85733
    -1.66774
    -1.46182
    -1.24155
    -1.00896
   -0.766265
   -0.515659
   -0.259489
   0.0379491
   0.0752284
     0.11144
    0.146362
    0.179711
    0.211282
    0.240855
      0.2682
    0.293128
    0.315399
    0.334848
    0.351284
    0.364559
    0.374514
    0.381017
    0.383954
    0.383226
    0.378792
    0.370613
    0.358736
    0.343204
    0.324162
    0.301753
    0.276223
     0.24782
    0.216871
    0.183729
    0.148802
    0.112526
    0.075348
   0.0377158
   -0.242664
    -0.48304
   -0.718763
   -0.947611
    -1.16735
    -1.37596
    -1.57143
    -1.75202
    -1.91602
    -2.06195
    -2.18843
    -2.29419
    -2.37819
    -2.43955
    -2.47765
    -2.49204
    -2.48254
    -2.44916
    -2.39218
    -2.31207
    -2.20956
    -2.08554
    -1.94118
    -1.77778
    -1.59688
    -1.40017
    -1.18952
   -0.966881
   -0.734391
   -0.494215
   -0.248644
   0.0365473
   0.0726703
    0.108027
    0.142354
    0.175361
    0.206779
    0.236347
    0.263782
    0.288838
    0.311253
    0.330806
    0.347291
    0.360518
    0.370335
    0.376597
    0.379219
    0.378119
    0.373291
    0.364731
    0.352506
    0.336705
     0.31749
    0.295051
    0.269644
    0.241561
    0.211125
    0.178709
    0.144679
    0.109449
   0.0733648
   0.0368038
   -0.229417
   -0.456958
   -0.680431
   -0.897776
     -1.1069
    -1.30581
     -1.4926
    -1.66549
    -1.82282
    -1.96305
    -2.08481
    -2.18685
    -2.26814
    -2.32782
    -2.36526
    -2.38002
    -2.37191
    -2.34091
    -2.28728
    -2.21143
    -2.11406
    -1.99599
    -1.85833
     -1.7023
    -1.52938
    -1.34117
    -1.13948
   -0.926222
   -0.703454
   -0.473327
   -0.238071
   0.0354794
   0.0707061
    0.105373
    0.139161
    0.171769
    0.202863
    0.232142
    0.259281
    0.283995
    0.306019
    0.325102
    0.341046
    0.353648
     0.36278
    0.368309
    0.370194
    0.368387
    0.362931
    0.353866
    0.341291
    0.325338
    0.306178
     0.28404
    0.259173
    0.231888
    0.202485
    0.171332
    0.138734
    0.105063
   0.0705479
   0.0354938
   -0.217306
   -0.433121
   -0.645396
   -0.852191
    -1.05151
    -1.24141
    -1.42001
    -1.58555
    -1.73638
    -1.87096
    -1.98793
    -2.08608
     -2.1644
    -2.22206
    -2.25845
    -2.27314
    -2.26594
    -2.23682
    -2.18601
    -2.11393
     -2.0212
    -1.90863
    -1.77725
    -1.62824
    -1.46298
    -1.28303
    -1.09011
   -0.886078
   -0.672903
   -0.452705
   -0.227637
   0.0343193
   0.0683896
    0.101915
    0.134583
    0.166086
    0.196109
    0.224344
    0.250485
    0.274247
    0.295378
    0.313639
    0.328843
    0.340814
    0.349426
    0.354578
    0.356225
    0.354354
       0.349
    0.340236
    0.328155
    0.312908
    0.294645
    0.273588
    0.249933
    0.223953
    0.195872
    0.165993
    0.134577
    0.101944
   0.0684241
   0.0343355
   -0.206495
    -0.41192
   -0.614335
   -0.811722
    -1.00216
    -1.18368
    -1.35448
    -1.51282
    -1.65712
    -1.78589
    -1.89782
    -1.99176
    -2.06674
    -2.12196
    -2.15683
    -2.17095
    -2.16412
    -2.13633
    -2.08779
    -2.01891
    -1.93029
    -1.82273
    -1.69719
    -1.55485
    -1.39701
    -1.22519
      -1.041
   -0.846211
   -0.642684
   -0.432403
   -0.217427
   0.0328625
   0.0654099
    0.097347
     0.12837
    0.158182
    0.186513
    0.213076
    0.237614
    0.259873
    0.279641
    0.296716
    0.310941
    0.322178
    0.330308
    0.335266
    0.336993
    0.335496
    0.330783
    0.322935
    0.312014
     0.29816
    0.281472
    0.262133
    0.240255
    0.216042
    0.189622
    0.161216
    0.131046
    0.099395
   0.0667222
   0.0333966
    -0.19636
   -0.391992
   -0.585033
   -0.773385
   -0.955201
    -1.12853
    -1.29164
    -1.44284
    -1.58062
    -1.70357
    -1.81044
    -1.90013
    -1.97173
    -2.02448
    -2.05782
    -2.07137
    -2.06493
    -2.03851
    -1.99229
    -1.92667
    -1.84222
    -1.73969
    -1.62001
    -1.48428
    -1.33374
    -1.16983
   -0.994082
   -0.808167
   -0.613858
   -0.413032
   -0.207678
    0.029949
   0.0598806
   0.0895023
    0.118414
    0.146335
    0.172947
    0.197992
      0.2212
    0.242351
    0.261229
    0.277662
    0.291488
     0.30259
    0.310846
    0.316194
    0.318558
    0.317932
    0.314282
    0.307653
    0.298052
    0.285566
    0.270258
    0.252255
    0.231698
    0.208738
    0.183517
    0.156225
    0.127113
   0.0964612
   0.0647495
   0.0323804
   -0.187459
    -0.37412
   -0.558208
   -0.737737
   -0.910952
    -1.07602
    -1.23132
    -1.37524
    -1.50635
    -1.62332
    -1.72499
    -1.81031
    -1.87842
    -1.92862
    -1.96038
    -1.97335
    -1.96734
    -1.94238
    -1.89864
    -1.83649
    -1.75647
    -1.65925
    -1.54568
    -1.41671
    -1.27349
    -1.11735
   -0.949722
   -0.772219
   -0.586535
   -0.394576
   -0.198295
   0.0260656
   0.0525213
   0.0791167
    0.105371
    0.131029
    0.155713
    0.179189
    0.201155
    0.221408
    0.239709
    0.255897
    0.269782
    0.281248
    0.290144
    0.296394
    0.299882
    0.300565
    0.298355
    0.293236
    0.285155
     0.27413
    0.260197
    0.243437
     0.22404
    0.202136
    0.177909
    0.151547
     0.12335
   0.0936065
   0.0628076
   0.0313764
   -0.178652
   -0.356446
   -0.531696
   -0.702536
   -0.867306
     -1.0243
    -1.17196
    -1.30881
    -1.43348
    -1.54472
    -1.64142
    -1.72261
    -1.78746
    -1.83532
    -1.86567
    -1.87819
    -1.87269
    -1.84918
    -1.80782
    -1.74896
    -1.67309
    -1.58084
    -1.47299
    -1.35039
    -1.21411
    -1.06541
   -0.905636
   -0.736358
   -0.559191
    -0.37606
    -0.18887
   0.0225314
   0.0458021
   0.0696264
   0.0934612
    0.117073
    0.140041
    0.162128
    0.183008
    0.202467
    0.220242
    0.236151
    0.249978
    0.261573
    0.270761
    0.277425
    0.281451
    0.282761
    0.281309
     0.27705
    0.269935
     0.25996
    0.247152
    0.231576
    0.213391
    0.192726
    0.169776
    0.144738
    0.117907
    0.089571
   0.0601751
   0.0301197
   -0.169839
   -0.338782
   -0.505229
   -0.667453
   -0.823887
   -0.972937
    -1.11315
    -1.24311
    -1.36155
    -1.46728
    -1.55927
    -1.63658
    -1.69844
    -1.74423
    -1.77347
    -1.78577
    -1.78096
    -1.75893
    -1.71981
    -1.66393
    -1.59173
    -1.50385
    -1.40104
    -1.28419
    -1.15432
    -1.01267
   -0.860524
   -0.699426
   -0.530928
   -0.356906
   -0.179179
    0.019052
   0.0392333
   0.0604124
   0.0819734
    0.103695
    0.125095
     0.14593
    0.165829
    0.184556
    0.201816
    0.217391
    0.231036
    0.242559
    0.251766
    0.258505
    0.262675
    0.264187
    0.263065
    0.259261
    0.252759
    0.243558
    0.231692
    0.217219
    0.200266
    0.180958
    0.159489
    0.136053
    0.110921
   0.0843679
   0.0567685
    0.028484
   -0.161248
   -0.321597
   -0.479535
   -0.633469
   -0.781907
   -0.923353
    -1.05641
    -1.17976
    -1.29217
    -1.39251
    -1.47979
    -1.55312
    -1.61178
    -1.65516
    -1.68283
    -1.69443
    -1.68977
    -1.66869
    -1.63134
    -1.57802
    -1.50917
    -1.42545
    -1.32757
    -1.21644
    -1.09306
   -0.958593
   -0.814278
   -0.661598
   -0.502025
   -0.337356
    -0.16931
   0.0171086
   0.0352022
   0.0541975
    0.073606
    0.093217
    0.112613
    0.131539
    0.149665
    0.166746
    0.182549
    0.196863
     0.20952
    0.220331
    0.229077
    0.235607
    0.239795
     0.24155
    0.240858
    0.237676
    0.231994
    0.223815
    0.213173
    0.200124
    0.184771
    0.167225
    0.147644
    0.126195
    0.103092
   0.0785721
   0.0529692
   0.0266134
   -0.152671
   -0.304646
   -0.454486
   -0.600616
   -0.741606
   -0.875981
    -1.00241
    -1.11959
    -1.22635
    -1.32158
     -1.4043
    -1.47358
     -1.5287
    -1.56916
    -1.59454
    -1.60459
    -1.59917
    -1.57826
      -1.542
    -1.49076
    -1.42494
    -1.34518
    -1.25219
    -1.14685
    -1.03011
   -0.903078
   -0.766933
   -0.623043
   -0.472786
   -0.317765
   -0.159556
   0.0157095
   0.0321544
   0.0492445
   0.0666018
    0.084025
    0.101175
    0.117814
     0.13368
    0.148556
    0.162311
    0.174778
    0.185906
    0.195537
    0.203449
    0.209503
    0.213545
     0.21548
    0.215238
    0.212772
    0.208062
    0.201104
    0.191925
    0.180568
    0.167105
    0.151624
    0.134237
    0.115073
   0.0942813
   0.0720576
   0.0486979
   0.0245069
   -0.144875
   -0.289169
   -0.431467
   -0.570194
   -0.703973
   -0.831361
   -0.951099
    -1.06194
    -1.16281
    -1.25267
    -1.33059
    -1.39564
    -1.44714
    -1.48468
    -1.50788
    -1.51658
    -1.51067
    -1.49023
    -1.45541
    -1.40654
    -1.34402
    -1.26844
    -1.18046
    -1.08093
   -0.970739
   -0.850925
   -0.722602
   -0.587038
   -0.445534
   -0.299528
   -0.150481
   0.0132829
   0.0271617
   0.0415156
   0.0561147
   0.0707954
   0.0853789
   0.0996721
    0.113408
    0.126412
    0.138524
    0.149609
    0.159579
      0.1683
    0.175594
    0.181335
    0.185384
     0.18764
    0.188017
    0.186449
    0.182885
    0.177296
    0.169679
     0.16005
    0.148469
       0.135
    0.119759
    0.102855
   0.0844253
   0.0646479
   0.0437874
   0.0221089
    -0.13862
   -0.276372
   -0.411878
   -0.543679
   -0.670439
   -0.790753
   -0.903429
    -1.00744
    -1.10179
    -1.18562
    -1.25812
    -1.31855
    -1.36633
    -1.40105
    -1.42238
    -1.43017
    -1.42431
    -1.40487
    -1.37199
    -1.32596
    -1.26716
    -1.19609
    -1.11337
    -1.01972
    -0.91598
   -0.803118
   -0.682177
   -0.554333
   -0.420812
   -0.282965
   -0.142179
   0.0101955
    0.020882
   0.0319373
    0.043307
   0.0548883
   0.0666801
   0.0785407
   0.0901869
    0.101466
    0.112164
    0.122142
    0.131243
    0.139335
    0.146275
    0.151939
    0.156205
    0.158965
     0.16012
    0.159582
    0.157266
    0.153114
    0.147094
    0.139197
    0.129478
    0.117988
     0.10486
    0.090197
   0.0741408
   0.0568598
   0.0385909
   0.0195554
   -0.132366
   -0.263592
   -0.392351
   -0.517333
    -0.63727
   -0.750826
   -0.856894
   -0.954644
    -1.04315
    -1.12171
    -1.18957
    -1.24616
    -1.29093
    -1.32347
    -1.34347
    -1.35075
     -1.3452
    -1.32688
     -1.2959
    -1.25252
    -1.19709
    -1.13007
    -1.05204
   -0.963646
   -0.865686
   -0.759076
   -0.644817
    -0.52401
   -0.397819
   -0.267513
    -0.13441
  0.00630653
    0.013464
   0.0213658
   0.0298537
   0.0388383
   0.0482333
   0.0579143
    0.067643
   0.0772659
   0.0865797
   0.0954267
    0.103637
    0.111059
    0.117546
    0.122958
    0.127183
    0.130104
    0.131642
    0.131705
    0.130237
    0.127182
     0.12252
    0.116246
      0.1084
   0.0990283
   0.0882121
   0.0760443
   0.0626335
   0.0481399
   0.0327989
   0.0167592
    -0.12593
   -0.250361
   -0.372003
   -0.489838
   -0.602717
   -0.709606
   -0.809509
   -0.901656
   -0.985198
    -1.05944
    -1.12368
    -1.17734
    -1.21991
    -1.25097
     -1.2702
    -1.27739
    -1.27243
    -1.25531
    -1.22615
    -1.18516
     -1.1327
     -1.0692
    -0.99524
   -0.911453
   -0.818618
    -0.71763
   -0.609455
   -0.495167
    -0.37587
   -0.252695
   -0.126909
  0.00260268
  0.00644386
   0.0114633
   0.0173871
   0.0241142
   0.0314345
   0.0392129
   0.0472426
   0.0553609
   0.0633732
   0.0711054
   0.0783764
    0.085015
   0.0908685
   0.0957856
   0.0996683
      0.1024
    0.103939
    0.104212
    0.103213
    0.100911
   0.0973213
   0.0924546
    0.086346
   0.0790356
   0.0705441
    0.060947
   0.0503071
   0.0387674
   0.0265533
   0.0137315
   -0.119911
   -0.237999
   -0.353045
    -0.46431
   -0.570732
   -0.671532
   -0.765784
    -0.85274
   -0.931601
    -1.00166
    -1.06228
    -1.11288
    -1.15297
    -1.18217
    -1.20017
    -1.20677
    -1.20188
    -1.18549
    -1.15771
    -1.11878
    -1.06901
    -1.00886
   -0.938843
   -0.859598
   -0.771842
   -0.676433
   -0.574295
    -0.46647
   -0.354007
   -0.237919
   -0.119422
 0.000226266
  0.00166931
  0.00432582
  0.00795816
   0.0124691
   0.0176479
   0.0233497
   0.0293906
   0.0356086
   0.0418545
   0.0479653
   0.0538067
   0.0592274
   0.0641056
   0.0683111
   0.0717369
   0.0742821
   0.0758689
   0.0764294
   0.0759216
   0.0743155
   0.0716304
   0.0679058
   0.0633246
   0.0579502
   0.0518058
   0.0449584
    0.037364
   0.0291056
   0.0201949
   0.0106187
   -0.113196
   -0.224753
    -0.33352
   -0.438768
   -0.539482
   -0.634863
   -0.724013
    -0.80616
   -0.880534
   -0.946451
    -1.00329
    -1.05053
    -1.08771
    -1.11451
    -1.13067
    -1.13608
    -1.13068
    -1.11454
    -1.08783
    -1.05079
    -1.00379
   -0.947217
    -0.88155
    -0.80721
   -0.724836
     -0.6352
   -0.539155
   -0.437741
   -0.331972
   -0.222942
    -0.11182
 -0.00116279
 -0.00127679
  -0.0003214
  0.00149709
  0.00409084
  0.00726581
    0.010885
   0.0148053
   0.0188872
   0.0230526
   0.0271775
   0.0312041
   0.0350279
   0.0385813
   0.0417715
   0.0444891
   0.0466487
   0.0481264
   0.0488487
   0.0487194
   0.0476993
   0.0458068
   0.0431141
   0.0399679
   0.0364687
   0.0326527
   0.0285803
   0.0240919
   0.0191964
   0.0136722
  0.00742054
   -0.106729
   -0.211863
   -0.314293
   -0.413306
   -0.507957
   -0.597458
   -0.680976
   -0.757754
   -0.827083
   -0.888338
   -0.940961
   -0.984489
    -1.01853
    -1.04284
    -1.05719
    -1.06154
    -1.05586
    -1.04027
    -1.01492
   -0.980091
   -0.936115
   -0.883362
   -0.822245
   -0.753007
    -0.67622
   -0.592583
   -0.502877
    -0.40813
   -0.309308
   -0.207571
   -0.104033
 -0.00238519
 -0.00392573
 -0.00459716
 -0.00453607
 -0.00380285
 -0.00253398
-0.000824679
  0.00122809
  0.00352662
  0.00598492
  0.00851383
     0.01104
   0.0134835
    0.015778
   0.0178515
   0.0196472
   0.0211159
   0.0222635
   0.0230424
   0.0233566
   0.0231766
   0.0224609
   0.0212566
   0.0197488
   0.0180248
   0.0161807
   0.0142746
   0.0122377
   0.0100602
  0.00748288
  0.00434277
   -0.100866
   -0.199691
   -0.295436
   -0.387654
   -0.475505
   -0.558325
   -0.635383
   -0.706005
   -0.769574
   -0.825561
   -0.873495
   -0.913025
   -0.943844
    -0.96578
   -0.978691
   -0.982545
   -0.977319
    -0.96299
   -0.939678
   -0.907574
   -0.866953
   -0.818136
     -0.7615
   -0.697329
   -0.626153
   -0.548652
   -0.465543
   -0.377757
   -0.286186
   -0.191944
  -0.0960984
 -0.00347551
 -0.00632304
 -0.00851282
  -0.0101031
  -0.0111154
  -0.0116157
  -0.0116472
  -0.0112564
  -0.0105011
 -0.00948765
 -0.00828545
 -0.00700345
 -0.00571396
 -0.00449506
 -0.00340287
 -0.00243483
 -0.00159175
-0.000716347
 0.000183551
  0.00101769
  0.00175982
  0.00228704
  0.00258975
  0.00264825
  0.00251203
  0.00233603
  0.00219219
  0.00214112
  0.00219321
  0.00209378
  0.00164031
  -0.0939086
   -0.185405
   -0.273547
   -0.358167
   -0.438538
    -0.51414
   -0.584355
   -0.648611
   -0.706388
   -0.757249
   -0.800787
   -0.836724
   -0.864785
   -0.884848
   -0.896781
   -0.900546
   -0.896103
   -0.883292
   -0.862204
   -0.832955
   -0.795789
   -0.750995
    -0.69893
   -0.639936
   -0.574513
   -0.503323
   -0.427017
   -0.346427
   -0.262357
   -0.175865
  -0.0879524
 -0.00501915
 -0.00924577
  -0.0126578
  -0.0154611
   -0.017664
  -0.0193406
  -0.0205227
  -0.0212994
  -0.0217243
  -0.0219027
  -0.0218834
  -0.0216699
   -0.021319
  -0.0209057
  -0.0204832
  -0.0200961
  -0.0197462
  -0.0192928
  -0.0187186
  -0.0179771
  -0.0170672
  -0.0160423
  -0.0148966
  -0.0136588
  -0.0122826
  -0.0107118
 -0.00888556
 -0.00683969
  -0.0045904
 -0.00245171
 -0.00065643
  -0.0855054
   -0.168599
   -0.248439
   -0.324843
   -0.397185
    -0.46514
   -0.528212
    -0.58604
   -0.638223
   -0.684428
   -0.724305
   -0.757471
   -0.783649
   -0.802602
   -0.814158
   -0.818184
   -0.814595
   -0.803237
   -0.784164
   -0.757523
   -0.723533
    -0.68253
   -0.634874
   -0.580997
   -0.521387
   -0.456632
   -0.387334
   -0.314202
   -0.237959
   -0.159513
  -0.0797689
 -0.00664935
  -0.0122313
  -0.0167127
  -0.0204604
  -0.0234909
  -0.0259161
  -0.0277875
  -0.0292678
  -0.0304313
  -0.0313962
  -0.0321989
  -0.0327353
  -0.0330498
  -0.0332231
  -0.0333195
  -0.0334536
  -0.0336476
  -0.0337941
  -0.0338481
  -0.0336006
  -0.0329878
  -0.0319468
  -0.0304116
  -0.0283788
  -0.0257862
  -0.0226856
  -0.0190488
  -0.0150448
  -0.0107465
  -0.0065483
  -0.0027185
  -0.0766111
   -0.150976
   -0.222389
   -0.290669
    -0.35527
   -0.416005
   -0.472434
   -0.524331
   -0.571344
   -0.613199
    -0.64958
   -0.680008
   -0.704229
    -0.72193
    -0.73294
   -0.737072
    -0.73423
   -0.724287
   -0.707271
   -0.683351
   -0.652699
   -0.615661
   -0.572563
   -0.523886
   -0.470085
   -0.411668
   -0.349198
    -0.28328
   -0.214577
   -0.143864
   -0.071951
 -0.00699331
  -0.0130265
  -0.0180429
  -0.0223869
  -0.0260855
  -0.0292476
  -0.0319428
  -0.0343138
   -0.036441
  -0.0383923
  -0.0401944
  -0.0417195
  -0.0429833
  -0.0440159
   -0.044845
  -0.0455416
  -0.0460923
  -0.0464047
  -0.0464125
  -0.0460098
  -0.0451141
  -0.0436898
  -0.0416605
  -0.0389964
  -0.0356312
  -0.0315476
  -0.0267397
  -0.0213979
  -0.0156335
 -0.00988356
 -0.00443471
  -0.0668506
   -0.132051
   -0.195051
   -0.255733
   -0.313618
   -0.368352
   -0.419481
     -0.4666
   -0.509311
   -0.547274
   -0.580154
    -0.60759
   -0.629343
   -0.645221
   -0.655082
   -0.658812
   -0.656357
   -0.647661
    -0.63277
   -0.611792
    -0.58486
   -0.552157
   -0.513923
   -0.470502
   -0.422273
   -0.369771
   -0.313519
   -0.254195
   -0.192426
   -0.128963
   -0.064522
 -0.00663492
  -0.0124939
  -0.0175334
  -0.0220851
  -0.0261888
  -0.0299437
  -0.0334264
  -0.0367391
  -0.0399491
  -0.0430521
  -0.0460482
  -0.0487721
  -0.0511908
  -0.0532587
  -0.0549393
  -0.0562345
  -0.0570804
  -0.0574014
  -0.0571307
  -0.0563102
  -0.0548837
  -0.0528877
  -0.0502684
   -0.046988
  -0.0429788
  -0.0381379
  -0.0324622
  -0.0261387
  -0.0192965
  -0.0123987
 -0.00573996
  -0.0579321
   -0.114774
   -0.170076
   -0.223741
   -0.275351
    -0.32441
   -0.370487
   -0.413048
    -0.45169
   -0.486028
   -0.515718
   -0.540491
   -0.560097
   -0.574419
   -0.583309
   -0.586694
   -0.584543
   -0.576863
   -0.563727
    -0.54521
   -0.521444
   -0.492504
   -0.458591
   -0.419946
   -0.376891
   -0.329973
   -0.279651
   -0.226637
   -0.171494
   -0.114924
  -0.0575437
  -0.0066579
  -0.0127594
  -0.0182733
  -0.0233812
  -0.0281045
  -0.0324875
  -0.0365665
   -0.040412
  -0.0440523
  -0.0475262
  -0.0508178
  -0.0538624
  -0.0566155
  -0.0590411
  -0.0610768
   -0.062651
  -0.0636743
  -0.0640151
  -0.0635923
  -0.0624185
  -0.0604431
  -0.0577399
  -0.0542806
  -0.0501291
  -0.0452698
  -0.0397341
  -0.0335714
  -0.0269618
  -0.0200453
  -0.0130732
  -0.0062719
   -0.050826
   -0.100859
   -0.149684
   -0.197086
   -0.242683
   -0.286092
   -0.326951
   -0.364864
   -0.399492
   -0.430483
   -0.457517
   -0.480246
   -0.498389
   -0.511695
   -0.519973
   -0.523145
   -0.521152
   -0.514054
   -0.501912
    -0.48489
   -0.463146
   -0.436886
    -0.40635
    -0.37184
   -0.333668
   -0.292212
   -0.247863
   -0.201115
   -0.152439
   -0.102358
  -0.0513843
 -0.00707373
  -0.0137872
  -0.0201042
  -0.0260267
  -0.0315307
  -0.0365828
  -0.0411632
  -0.0453072
  -0.0490115
  -0.0523816
  -0.0554165
  -0.0581917
  -0.0606893
  -0.0629194
  -0.0648201
  -0.0662629
  -0.0671385
  -0.0672528
  -0.0664967
  -0.0648318
  -0.0621998
   -0.058707
  -0.0543586
  -0.0493432
   -0.043725
  -0.0377034
  -0.0313994
  -0.0249878
  -0.0186045
  -0.0122516
 -0.00605115
  -0.0447102
  -0.0889477
   -0.132316
    -0.17446
   -0.214999
   -0.253622
   -0.289996
   -0.323828
   -0.354832
   -0.382691
   -0.407135
   -0.427779
   -0.444362
   -0.456554
   -0.464167
   -0.467147
   -0.465412
   -0.459065
   -0.448134
   -0.432829
   -0.413283
   -0.389783
   -0.362557
   -0.331926
   -0.298162
    -0.26148
   -0.222212
   -0.180666
   -0.137258
  -0.0923866
  -0.0465085
 -0.00766121
  -0.0148389
  -0.0214949
  -0.0277131
  -0.0334604
  -0.0387406
  -0.0435191
  -0.0477893
  -0.0515258
  -0.0547641
  -0.0574863
  -0.0597499
  -0.0615306
  -0.0628816
  -0.0637522
  -0.0641316
  -0.0639397
  -0.0630968
  -0.0615337
  -0.0592429
  -0.0562078
  -0.0524994
  -0.0481623
  -0.0433164
  -0.0380636
  -0.0325705
  -0.0269747
  -0.0214161
  -0.0160002
  -0.0106445
 -0.00537537
  -0.0396387
  -0.0791655
   -0.118211
   -0.156263
   -0.192914
   -0.227754
   -0.260417
   -0.290618
   -0.318069
   -0.342563
   -0.363874
   -0.381778
   -0.396092
   -0.406648
   -0.413329
   -0.416109
   -0.414936
   -0.409844
   -0.400851
   -0.388051
   -0.371538
   -0.351482
    -0.32804
   -0.301365
   -0.271651
   -0.239031
    -0.20376
   -0.166097
     -0.1264
  -0.0851207
  -0.0427539
 -0.00809407
   -0.015527
  -0.0222502
  -0.0284508
  -0.0341106
  -0.0392967
  -0.0439767
  -0.0481065
   -0.051632
  -0.0544966
  -0.0566418
    -0.05808
  -0.0587669
  -0.0588011
  -0.0581618
   -0.056995
  -0.0552942
  -0.0531441
  -0.0505579
  -0.0475901
  -0.0442811
  -0.0406595
  -0.0367885
  -0.0326787
  -0.0284263
  -0.0241174
  -0.0198696
  -0.0157661
  -0.0118741
 -0.00803757
 -0.00420081
   -0.035368
   -0.070871
   -0.106159
   -0.140595
   -0.173779
   -0.205243
   -0.234619
   -0.261651
   -0.286056
   -0.307727
   -0.326463
   -0.342176
   -0.354736
   -0.364103
   -0.370205
   -0.373021
   -0.372511
   -0.368625
   -0.361356
   -0.350682
    -0.33666
    -0.31936
   -0.298897
   -0.275302
   -0.248738
   -0.219313
   -0.187251
   -0.152803
    -0.11629
  -0.0782283
  -0.0391347
 -0.00838696
  -0.0158601
  -0.0223162
  -0.0280075
  -0.0328987
  -0.0371437
  -0.0407155
  -0.0436652
  -0.0459565
  -0.0475986
  -0.0485568
  -0.0488484
  -0.0484663
  -0.0475021
  -0.0459914
  -0.0440818
   -0.041843
  -0.0394034
  -0.0368429
  -0.0342117
  -0.0315779
  -0.0289086
  -0.0262334
  -0.0234183
  -0.0204988
  -0.0175342
  -0.0145713
  -0.0116658
 -0.00883296
 -0.00600209
 -0.00311971
  -0.0318678
  -0.0636873
  -0.0951271
   -0.125751
   -0.155222
   -0.183195
   -0.209366
   -0.233509
   -0.255378
   -0.274848
    -0.29175
   -0.306022
   -0.317574
   -0.326406
   -0.332479
   -0.335741
   -0.336158
   -0.333566
   -0.327914
   -0.319016
   -0.306868
   -0.291485
   -0.272936
   -0.251297
   -0.226732
   -0.199523
   -0.169909
   -0.138217
    -0.10478
  -0.0701697
   -0.034906
 -0.00833289
  -0.0154828
  -0.0212732
  -0.0260069
  -0.0296247
  -0.0323741
  -0.0342506
  -0.0354347
  -0.0359465
  -0.0359067
  -0.0353445
  -0.0343119
  -0.0328577
  -0.0310676
  -0.0290237
  -0.0268471
  -0.0246529
  -0.0225756
  -0.0207264
  -0.0191164
    -0.01781
  -0.0166861
  -0.0157159
   -0.014601
  -0.0133022
  -0.0118484
   -0.010216
 -0.00844359
 -0.00651139
 -0.00446486
 -0.00228433
  -0.0287034
  -0.0571428
  -0.0850243
   -0.112111
   -0.138123
   -0.162832
   -0.185986
   -0.207385
   -0.226812
   -0.244107
   -0.259111
    -0.27176
   -0.281977
   -0.289774
   -0.295141
   -0.298015
   -0.298399
   -0.296076
   -0.291021
    -0.28296
   -0.271896
   -0.257845
   -0.240866
   -0.221102
   -0.198712
   -0.174132
   -0.147587
   -0.119452
  -0.0900342
  -0.0599144
   -0.029574
 -0.00650928
   -0.011952
  -0.0160952
  -0.0191843
  -0.0211546
  -0.0222563
   -0.022526
  -0.0222063
  -0.0213884
  -0.0202598
   -0.018914
   -0.017382
  -0.0157456
  -0.0140093
  -0.0122592
    -0.01055
 -0.00897571
 -0.00762122
 -0.00656385
 -0.00581662
 -0.00540388
 -0.00523556
 -0.00526045
 -0.00528582
 -0.00523831
 -0.00506642
 -0.00471703
 -0.00417599
 -0.00341293
 -0.00246285
 -0.00131395
  -0.0252071
  -0.0501453
  -0.0745676
  -0.0982581
   -0.120988
   -0.142574
   -0.162826
   -0.181609
   -0.198752
   -0.214045
   -0.227334
   -0.238424
   -0.247195
     -0.2535
   -0.257297
    -0.25861
   -0.257461
   -0.253809
   -0.247693
   -0.239055
   -0.227966
   -0.214543
   -0.198895
   -0.181208
   -0.161656
   -0.140612
   -0.118298
  -0.0950647
  -0.0711782
  -0.0470793
  -0.0231269
  -0.0038764
 -0.00685285
 -0.00869485
 -0.00962054
 -0.00957886
 -0.00882802
 -0.00744522
 -0.00572572
 -0.00381927
 -0.00196093
-0.000285741
  0.00122513
  0.00248833
  0.00361505
  0.00454936
  0.00533449
  0.00592602
  0.00631133
  0.00646042
  0.00635619
  0.00600234
  0.00542817
  0.00467111
  0.00377024
   0.0027979
  0.00186597
  0.00104404
 0.000396799
-3.06229e-05
-0.000246772
-0.000231342
  -0.0216308
   -0.042939
  -0.0637116
  -0.0837409
   -0.102837
   -0.120848
   -0.137634
   -0.153114
   -0.167167
   -0.179563
   -0.190191
   -0.198789
   -0.205252
   -0.209342
   -0.211032
   -0.210459
   -0.207665
   -0.202776
   -0.195871
   -0.187079
   -0.176513
   -0.164357
   -0.150748
   -0.135888
   -0.119947
   -0.103214
  -0.0858914
    -0.06829
  -0.0506207
  -0.0331744
  -0.0161797
-0.000470612
-0.000551496
 -5.6539e-05
 0.000950241
  0.00250859
  0.00451405
   0.0068837
  0.00937013
   0.0118265
   0.0140753
   0.0159924
   0.0175749
   0.0187627
   0.0196508
   0.0202173
   0.0205114
   0.0205164
   0.0202137
   0.0196012
   0.0187201
   0.0175848
   0.0162186
   0.0146496
   0.0128841
   0.0109842
  0.00905607
  0.00716712
  0.00536423
  0.00370078
  0.00221132
 0.000945718
  -0.0180752
  -0.0357392
  -0.0528226
  -0.0691074
  -0.0844448
  -0.0986793
   -0.111674
   -0.123221
   -0.133211
   -0.141516
   -0.148066
   -0.152747
   -0.155537
   -0.156423
   -0.155456
   -0.152813
   -0.148586
   -0.142913
   -0.135911
   -0.127732
   -0.118518
   -0.108484
  -0.0977723
  -0.0865511
  -0.0749703
  -0.0632635
  -0.0515962
  -0.0402133
  -0.0292647
  -0.0188894
 -0.00915856
  0.00304668
  0.00590934
  0.00869312
   0.0114852
   0.0143264
   0.0172971
   0.0203428
    0.023302
    0.026065
   0.0285405
   0.0306325
   0.0323148
   0.0335425
   0.0343715
   0.0347918
   0.0348322
   0.0344813
    0.033694
   0.0324855
   0.0309542
   0.0291282
   0.0270334
   0.0246979
   0.0221075
    0.019318
   0.0164249
   0.0134871
    0.010526
  0.00760056
  0.00479142
  0.00218494
  -0.0141177
   -0.027735
  -0.0406981
  -0.0527702
  -0.0638509
  -0.0738086
  -0.0825471
   -0.089784
   -0.095456
  -0.0995595
   -0.102073
   -0.103026
   -0.102461
    -0.10056
   -0.097416
   -0.093216
   -0.088077
  -0.0821301
  -0.0755161
  -0.0684088
  -0.0609713
  -0.0534428
   -0.045963
  -0.0386603
  -0.0316551
  -0.0251077
  -0.0191277
  -0.0138696
 -0.00940473
 -0.00571583
  -0.0027345
  0.00610196
   0.0115308
   0.0163112
   0.0207225
   0.0247923
   0.0286417
     0.03226
   0.0356414
   0.0387239
   0.0414241
   0.0436681
   0.0453914
   0.0465506
   0.0471854
   0.0472892
   0.0469227
   0.0460965
   0.0448337
   0.0431733
   0.0411938
   0.0389427
   0.0364156
   0.0336379
   0.0305336
   0.0271351
   0.0234913
   0.0196424
   0.0156326
   0.0115144
  0.00741101
  0.00344686
  -0.0104956
  -0.0201502
  -0.0288016
  -0.0362347
  -0.0423767
  -0.0472727
  -0.0509103
  -0.0532552
  -0.0543354
  -0.0542274
  -0.0529924
  -0.0507469
  -0.0475899
  -0.0437086
  -0.0392061
  -0.0341915
   -0.028772
  -0.0230859
  -0.0172889
  -0.0116618
 -0.00638285
 -0.00167771
  0.00230822
  0.00548136
  0.00773754
  0.00902364
  0.00930811
  0.00868426
   0.0072158
  0.00514068
  0.00261623
  0.00902696
   0.0168899
   0.0235453
   0.0294715
   0.0346813
   0.0393246
   0.0434283
   0.0471428
   0.0504522
   0.0532754
   0.0555579
   0.0571959
   0.0581496
   0.0584488
   0.0580992
   0.0572065
   0.0558169
    0.054036
   0.0519336
    0.049566
   0.0469963
   0.0441827
   0.0411394
   0.0377174
   0.0339145
   0.0297214
   0.0251509
   0.0202666
   0.0151095
   0.0098423
  0.00462603
  -0.0063312
  -0.0115827
  -0.0156235
  -0.0182972
  -0.0195736
  -0.0196601
  -0.0186019
  -0.0165711
   -0.013649
 -0.00996101
 -0.00562483
-0.000823864
  0.00429518
  0.00954037
   0.0147915
   0.0200038
   0.0250783
   0.0298842
   0.0342836
   0.0379451
   0.0407269
   0.0424642
   0.0430395
   0.0424084
   0.0404762
   0.0372578
    0.032752
   0.0272366
    0.020857
   0.0140311
  0.00698918
   0.0106172
    0.020071
   0.0282592
    0.035525
   0.0418633
   0.0474113
   0.0521835
   0.0562725
    0.059675
   0.0623949
   0.0644192
   0.0657817
   0.0664929
   0.0666219
   0.0662041
   0.0652561
   0.0638146
   0.0618426
   0.0593801
   0.0564671
   0.0531319
   0.0493866
   0.0452468
   0.0407514
    0.035937
   0.0309295
   0.0257937
   0.0205818
   0.0153655
    0.010137
  0.00498487
 -0.00133066
 -0.00150219
-0.000461145
  0.00166927
   0.0048498
  0.00888268
   0.0136952
   0.0191399
   0.0251249
   0.0314921
   0.0381139
   0.0447596
   0.0512631
   0.0573773
   0.0629333
   0.0677828
   0.0717818
     0.07483
   0.0768209
   0.0776912
   0.0773881
   0.0759336
   0.0733131
   0.0695597
    0.064625
   0.0583364
   0.0506863
   0.0418391
   0.0319356
   0.0214305
   0.0106126
   0.0117909
   0.0224484
   0.0318495
   0.0402008
   0.0474725
   0.0537744
   0.0590894
   0.0634257
     0.06678
   0.0692455
   0.0708651
   0.0718351
   0.0722358
   0.0721865
   0.0717494
   0.0708306
   0.0694287
   0.0673259
   0.0645045
   0.0609747
   0.0567296
   0.0518547
   0.0463993
   0.0406431
   0.0347119
   0.0289158
   0.0234046
   0.0182282
   0.0134804
   0.0089462
  0.00459439
  0.00344202
  0.00806052
   0.0138231
   0.0203329
   0.0274804
   0.0350663
   0.0429822
   0.0511019
   0.0593286
   0.0674948
   0.0754951
   0.0831026
   0.0901864
   0.0965072
    0.101904
    0.106169
    0.109138
    0.110735
    0.110852
    0.109621
    0.107008
    0.103148
   0.0980753
   0.0918684
   0.0845208
   0.0757066
   0.0654448
   0.0538208
   0.0409917
   0.0274518
   0.0135402
   0.0125193
   0.0238841
   0.0339607
   0.0429331
   0.0507695
   0.0575838
    0.063365
   0.0680877
   0.0717435
   0.0743188
   0.0758496
   0.0764986
   0.0763447
   0.0755731
   0.0742398
   0.0723261
   0.0698374
   0.0666892
   0.0628983
    0.058571
   0.0537557
   0.0485115
   0.0429406
   0.0372179
   0.0315011
   0.0260109
   0.0208963
   0.0161868
   0.0119428
  0.00795556
  0.00413058
   0.0081581
    0.017286
   0.0273138
   0.0377703
   0.0484859
   0.0591276
   0.0695217
   0.0795078
   0.0889463
    0.097733
    0.105769
    0.113001
    0.119365
    0.124838
    0.129348
    0.132776
    0.135032
     0.13602
    0.135637
    0.133766
    0.130325
    0.125308
      0.1187
    0.110557
    0.100895
   0.0896422
   0.0768844
   0.0628015
   0.0476019
   0.0317615
   0.0156467
    0.012762
   0.0243682
   0.0346822
   0.0438816
   0.0519474
   0.0590089
   0.0650679
   0.0700643
   0.0739678
   0.0766233
   0.0780213
   0.0782503
   0.0773606
   0.0755968
   0.0730202
   0.0697251
   0.0657722
   0.0612753
    0.056341
   0.0512141
   0.0460204
   0.0407841
   0.0356322
   0.0305743
   0.0257395
    0.021193
   0.0170334
   0.0132415
  0.00983587
  0.00663476
  0.00351053
   0.0117513
     0.02423
   0.0373328
   0.0505566
   0.0637245
    0.076436
   0.0885077
   0.0997857
    0.110108
    0.119428
    0.127628
    0.134775
    0.140815
    0.145868
    0.149888
    0.152798
    0.154555
    0.155047
    0.154196
    0.151693
    0.147458
    0.141396
    0.133471
     0.12373
    0.112214
   0.0990856
   0.0844767
   0.0686427
   0.0518249
   0.0344682
   0.0169511
    0.013106
   0.0249164
   0.0352706
   0.0443315
   0.0520564
   0.0585894
   0.0639209
   0.0680635
   0.0709961
   0.0726735
    0.073109
   0.0724268
   0.0707231
   0.0682661
   0.0651767
   0.0615169
   0.0574095
   0.0529363
   0.0482393
   0.0434747
   0.0387721
   0.0341541
    0.029727
   0.0255275
   0.0216353
   0.0180434
   0.0147728
   0.0116937
  0.00877362
  0.00592474
  0.00305656
   0.0145586
   0.0292387
   0.0438908
   0.0582781
   0.0722691
   0.0856945
   0.0984441
    0.110448
    0.121596
    0.131786
    0.140919
    0.148955
    0.155809
    0.161416
    0.165689
    0.168493
     0.16976
    0.169405
    0.167384
    0.163604
    0.158049
    0.150696
     0.14154
    0.130562
     0.11782
    0.103536
   0.0878499
   0.0710521
    0.053388
   0.0353462
   0.0173054
   0.0130106
   0.0245882
   0.0345214
   0.0429401
   0.0497674
   0.0551638
   0.0591211
   0.0617559
   0.0630969
    0.063264
   0.0623432
   0.0605369
   0.0580159
   0.0550806
   0.0519047
    0.048488
   0.0449741
   0.0413539
   0.0377452
   0.0341536
   0.0306643
   0.0272693
    0.024039
   0.0210422
   0.0183158
   0.0157932
    0.013427
   0.0109855
  0.00839848
  0.00569359
  0.00284192
    0.016723
   0.0330825
    0.048919
   0.0642449
    0.078939
   0.0930046
    0.106345
    0.118911
    0.130598
    0.141223
    0.150697
    0.158897
    0.165744
    0.171048
    0.174734
    0.176664
    0.176785
    0.175072
    0.171532
    0.166288
    0.159384
    0.150878
    0.140799
    0.129075
    0.115781
    0.101179
   0.0853999
   0.0687343
   0.0513958
   0.0338728
   0.0165055
   0.0106015
   0.0201023
   0.0282538
   0.0351304
   0.0406405
    0.044839
   0.0477457
   0.0495193
   0.0502453
   0.0500447
    0.049047
   0.0473823
   0.0452262
   0.0428015
   0.0402711
   0.0376669
   0.0350953
   0.0325004
   0.0299388
   0.0273622
   0.0247944
   0.0222334
   0.0197044
   0.0173054
     0.01505
   0.0129318
   0.0109187
  0.00889403
   0.0068131
  0.00464597
  0.00237119
   0.0174694
   0.0347255
   0.0516106
   0.0680472
   0.0838995
   0.0990881
    0.113464
     0.12678
     0.13886
    0.149423
    0.158348
    0.165581
    0.171064
    0.174762
    0.176654
    0.176729
    0.174994
    0.171501
    0.166302
    0.159545
    0.151314
    0.141733
    0.130889
    0.118842
    0.105701
   0.0916817
   0.0769165
   0.0616278
   0.0459838
   0.0303057
   0.0148278
  0.00677346
   0.0129362
   0.0182726
   0.0228439
    0.026566
    0.029386
   0.0313399
    0.032601
   0.0332751
   0.0334314
   0.0331872
   0.0325389
   0.0316086
   0.0304889
   0.0292919
   0.0280597
   0.0268451
   0.0255416
   0.0241461
    0.022571
   0.0207945
   0.0188417
   0.0167155
   0.0145691
   0.0124237
   0.0103718
  0.00843409
  0.00664408
  0.00499751
  0.00339225
  0.00178699
   0.0180466
   0.0359169
   0.0534007
   0.0703128
   0.0865092
    0.101861
    0.116219
    0.129218
    0.140684
    0.150313
    0.157997
    0.163779
    0.167629
    0.169657
    0.169879
    0.168385
    0.165223
    0.160492
    0.154271
    0.146706
    0.137897
    0.128007
    0.117152
    0.105493
   0.0931516
   0.0802864
   0.0670219
   0.0535141
    0.039892
   0.0263243
   0.0129557
  0.00251805
  0.00511537
  0.00764919
   0.0100412
   0.0122292
   0.0140814
   0.0155953
   0.0167444
   0.0175708
   0.0180672
    0.018295
   0.0183022
   0.0181516
   0.0179074
   0.0176263
    0.017328
    0.017031
   0.0166544
   0.0161795
   0.0155302
    0.014683
   0.0136361
   0.0123929
   0.0110402
    0.009603
  0.00815213
  0.00671447
  0.00533431
  0.00401521
  0.00271588
  0.00140739
   0.0194861
   0.0382974
   0.0561754
   0.0729414
   0.0884291
    0.102561
    0.115226
    0.126279
    0.135634
    0.143191
    0.148912
    0.152865
     0.15506
    0.155608
    0.154551
    0.152001
    0.148028
    0.142756
    0.136279
    0.128747
    0.120273
    0.111007
    0.101066
   0.0905874
   0.0796828
   0.0684701
   0.0570502
   0.0455203
   0.0339678
   0.0224739
   0.0111213
 -0.00173392
 -0.00266481
 -0.00284574
 -0.00249961
 -0.00167758
-0.000608562
 0.000638121
   0.0017968
  0.00281463
  0.00359036
  0.00412649
  0.00454176
  0.00486169
  0.00515059
  0.00543401
  0.00573126
  0.00604938
  0.00635768
  0.00664291
  0.00685553
  0.00697661
  0.00696957
  0.00682374
  0.00653184
  0.00609309
  0.00552168
  0.00481982
  0.00401548
  0.00310909
  0.00213074
  0.00108298
    0.019647
   0.0381959
   0.0553809
   0.0710741
   0.0851188
   0.0975085
    0.108168
    0.117159
    0.124454
    0.130123
    0.134171
    0.136669
    0.137647
      0.1372
    0.135383
    0.132313
    0.128067
    0.122778
    0.116545
    0.109509
    0.101782
   0.0934966
   0.0847659
   0.0756989
   0.0663976
   0.0569413
   0.0474108
   0.0378503
   0.0283154
   0.0188146
  0.00938235
 -0.00424004
 -0.00759173
  -0.0100198
  -0.0116588
   -0.012543
  -0.0128568
  -0.0126826
  -0.0122407
  -0.0116109
  -0.0109073
  -0.0101586
 -0.00933546
 -0.00843608
 -0.00745317
 -0.00638318
 -0.00524172
 -0.00403775
 -0.00280973
 -0.00157977
-0.000388706
 0.000735085
   0.0017565
  0.00264705
   0.0033737
  0.00390406
   0.0041839
  0.00416846
  0.00379335
  0.00304534
  0.00207278
 0.000946593
   0.0182179
    0.034999
   0.0500894
   0.0635859
   0.0753838
   0.0856041
   0.0942187
    0.101339
    0.106972
    0.111204
    0.114059
    0.115617
    0.115916
    0.115048
    0.113073
    0.110093
    0.106186
    0.101464
   0.0960191
   0.0899674
   0.0834103
   0.0764539
   0.0691986
   0.0617309
   0.0541383
    0.046472
   0.0387852
   0.0310565
   0.0233144
   0.0155618
  0.00780629
 -0.00599176
   -0.011157
  -0.0154262
  -0.0188514
  -0.0214346
  -0.0232763
  -0.0244211
  -0.0249796
  -0.0250049
  -0.0245844
   -0.023756
   -0.022581
   -0.021087
  -0.0193363
  -0.0173611
  -0.0152287
  -0.0129806
  -0.0106813
 -0.00837681
 -0.00611069
  -0.0039278
  -0.0018626
 3.99032e-05
  0.00172643
  0.00313571
  0.00414546
  0.00466271
  0.00452795
  0.00371717
  0.00250717
  0.00105089
   0.0161329
   0.0305781
    0.043135
   0.0541318
   0.0635107
   0.0715043
   0.0781135
   0.0834814
   0.0876279
    0.090643
   0.0925555
   0.0934385
   0.0933326
   0.0923174
   0.0904487
   0.0878133
   0.0844807
   0.0805376
   0.0760638
   0.0711436
   0.0658602
   0.0602862
   0.0545081
   0.0485956
   0.0426302
   0.0366466
   0.0306827
   0.0246653
   0.0186034
   0.0124946
  0.00631961
 -0.00784055
  -0.0146798
  -0.0204342
  -0.0251855
  -0.0289115
  -0.0317012
  -0.0335754
  -0.0346382
   -0.034933
  -0.0345533
   -0.033551
  -0.0320068
  -0.0299761
  -0.0275316
  -0.0247313
  -0.0216441
  -0.0183308
  -0.0148692
  -0.0113301
 -0.00783292
 -0.00447451
 -0.00142934
  0.00120784
  0.00340046
  0.00504986
  0.00608098
  0.00639618
  0.00595126
  0.00474832
  0.00312153
  0.00128919
   0.0126518
   0.0238215
   0.0333613
     0.04163
   0.0485979
   0.0544991
    0.059342
   0.0632564
   0.0662575
   0.0684179
   0.0697559
   0.0703281
    0.070165
   0.0693379
   0.0678934
   0.0659081
   0.0634402
    0.060551
    0.057302
    0.053731
   0.0498837
   0.0457355
   0.0413488
    0.036831
   0.0322563
   0.0276842
   0.0231582
   0.0186399
   0.0141309
  0.00956714
  0.00490555
 -0.00942958
  -0.0176365
  -0.0245102
  -0.0301683
  -0.0345779
  -0.0378392
  -0.0399735
  -0.0411056
  -0.0412908
  -0.0406437
  -0.0392363
  -0.0371647
  -0.0345044
  -0.0313263
  -0.0277023
  -0.0236906
   -0.019363
  -0.0148075
  -0.0101226
 -0.00551468
 -0.00114644
  0.00265068
  0.00572436
   0.0080592
  0.00953158
   0.0101382
  0.00980372
   0.0086305
  0.00666413
  0.00429586
  0.00179983
  0.00879325
   0.0163661
   0.0226551
   0.0280488
   0.0325387
   0.0363457
   0.0394734
   0.0420266
   0.0440064
   0.0454602
   0.0463896
   0.0468282
   0.0467892
   0.0463277
   0.0454732
   0.0442849
   0.0428038
   0.0410634
   0.0391071
   0.0369307
   0.0345489
   0.0318504
    0.028874
   0.0257554
   0.0225521
   0.0193406
    0.016167
   0.0130319
  0.00994243
   0.0067953
  0.00354534
 -0.00912736
  -0.0173566
  -0.0245195
  -0.0305854
   -0.035493
   -0.039261
  -0.0418987
  -0.0434763
  -0.0440474
  -0.0437009
  -0.0425144
  -0.0405798
   -0.037984
  -0.0348117
  -0.0311527
  -0.0270898
  -0.0227187
  -0.0181456
  -0.0134905
 -0.00893192
 -0.00463007
-0.000830433
  0.00232789
  0.00479062
  0.00647068
  0.00735676
   0.0074243
  0.00675269
  0.00541277
  0.00365781
   0.0016914
  0.00389923
  0.00729701
   0.0101827
   0.0127097
   0.0148717
   0.0167696
   0.0183965
   0.0197953
   0.0209571
   0.0218965
   0.0226052
   0.0230905
     0.02335
   0.0234005
   0.0232479
   0.0229126
   0.0224069
   0.0217419
   0.0209335
    0.019979
   0.0188835
   0.0175922
   0.0161213
   0.0145291
   0.0128412
   0.0110974
  0.00932341
  0.00753037
  0.00573264
  0.00389915
  0.00201902
 3.58521e-05
 7.01895e-05
 0.000101625
 0.000129091
  0.00015182
 0.000169369
 0.000181594
 0.000188604
  0.00019069
 0.000188263
 0.000181799
 0.000171798
 0.000158764
 0.000143201
 0.000125618
 0.000106544
  8.6534e-05
 6.61801e-05
 4.61086e-05
 2.69607e-05
 9.37336e-06
 -6.0581e-06
-1.88171e-05
-2.84957e-05
-3.48363e-05
-3.77588e-05
-3.73608e-05
  -3.392e-05
-2.78631e-05
-1.97513e-05
-1.02339e-05
-8.26753e-05
-0.000165351
 -0.00015794
 -0.00015053
-0.000140002
-0.000129474
-0.000119992
-0.000110511
-0.000100972
 -9.1434e-05
-8.00811e-05
-6.87281e-05
-5.48406e-05
 -4.0953e-05
-2.70832e-05
-1.32135e-05
-2.30676e-06
 8.59992e-06
 1.28929e-05
 1.71858e-05
 1.86309e-05
 2.00759e-05
  3.1065e-05
 4.20542e-05
 4.70933e-05
 5.21324e-05
 4.70641e-05
 4.19957e-05
 2.28221e-05
 3.64847e-06
 1.82424e-06
