0.09802280000000001
0.09545139999999999
0.09289889999999999
0.0903815
0.0878933
0.0854216
0.0829569
0.080489
0.07796410000000001
0.0752564
0.07230510000000001
0.068981
0.0653874
0.06187240000000001
0.0583717
0.05503619999999999
0.0518558
0.0486261
0.045481099999999997
0.042698900000000005
0.04044
0.0390321
0.038609500000000005
0.0393829
0.040726
0.0417533
0.0425023
0.0423569
0.0415588
0.0399372
0.0379774
0.0365651
0.0354753
0.0342833
0.0327835
0.0297702
0.025800299999999998
0.0222639
0.0187976
0.0169873
0.0157189
0.013380000000000001
0.0103805
0.0064783
0.00274786
0.00037873
-0.00102687
-0.00229757
-0.00343908
-0.00507689
-0.00678576
-0.00712582
-0.00676762
-0.00680839
-0.00723687
-0.00786378
-0.00833093
-0.00869249
-0.00870762
-0.00682144
-0.00411747
-0.000568404
0.00309159
0.00625657
0.00928432
0.0108032
0.011892299999999998
0.012557700000000002
0.0127431
0.0131024
0.013033600000000001
0.0105693
0.00670212
0.00240698
-0.00188475
-0.00430932
-0.00599033
-0.00781441
-0.00937624
-0.00902576
5.73436e-05
