0.0980244
0.0954483
0.0928912
0.0903705
0.08787930000000001
0.08540439999999999
0.0829367
0.0804669
0.0779398
0.0752283
0.07227
0.06891860000000001
0.0652914
0.0617567
0.058234100000000004
0.0548898
0.0517059
0.0484692
0.045323800000000004
0.0425631
0.04033540000000001
0.0389396
0.03854319999999999
0.039429
0.04088680000000001
0.041976
0.04277380000000001
0.042620099999999994
0.041797
0.0400902
0.038037800000000004
0.0365849
0.035466000000000004
0.0342736
0.0327845
0.0296808
0.0256072
0.0220046
0.0184567
0.016709900000000003
0.0155072
0.0131821
0.0101962
0.00620084
0.00239063
5.1732e-05
-0.00129981
-0.00252325
-0.00361462
-0.00529644
-0.00706482
-0.00735483
-0.0069425
-0.00694065
-0.00733165
-0.00798849
-0.0084907
-0.00890557
-0.00897349
-0.00702784
-0.00427291
-0.000596192
0.00319203
0.00645672
0.00959113
0.011082799999999999
0.0121579
0.012821100000000002
0.0129987
0.0133922
0.013346200000000003
0.0107683
0.00677128
0.00231932
-0.00212918
-0.0045386
-0.00619362
-0.008059100000000001
-0.00966482
-0.00921166
0.000102476
