0.0980218
0.0954459
0.0928889
0.0903665
0.08787350000000001
0.0853975
0.0829286
0.0804559
0.07792589999999999
0.07521
0.0722472
0.06891230000000001
0.0653015
0.06175119999999999
0.058213
0.0548416
0.051630499999999996
0.048387400000000004
0.0452356
0.04244
0.0401775
0.0388148
0.038451599999999996
0.039223400000000005
0.0405673
0.041617
0.0423754
0.0422529
0.041461000000000005
0.039877800000000005
0.0379491
0.036547300000000005
0.0354794
0.034319300000000004
0.0328625
0.029949
0.0260656
0.022531400000000004
0.019052
0.017108599999999998
0.0157095
0.0132829
0.0101955
0.00630653
0.00260268
0.00022626599999999998
-0.00116279
-0.00238519
-0.00347551
-0.00501915
-0.00664935
-0.00699331
-0.00663492
-0.0066579
-0.00707373
-0.00766121
-0.00809407
-0.00838696
-0.00833289
-0.00650928
-0.0038764000000000003
-0.00047061199999999997
0.00304668
0.00610196
0.00902696
0.010617200000000002
0.0117909
0.0125193
0.012762
0.013106
0.013010599999999999
0.0106015
0.00677346
0.00251805
-0.00173392
-0.00424004
-0.00599176
-0.00784055
-0.00942958
-0.00912736
3.58521e-05
