Residual: 
4.58616
3.3659
2.94901
2.69203
2.49662
2.33123
2.18421
2.05064
1.92809
1.81515
1.71082
1.61431
1.52498
1.44222
1.36551
1.29439
1.22839
1.16713
1.11023
1.05735
1.00817
0.96241
0.919802
0.880101
0.843083
0.80854
0.776283
0.746137
0.717941
0.691548
0.666821
0.643637
0.62188
0.601445
0.582235
0.564162
0.547144
0.531104
0.515976
0.501694
0.488201
0.475443
0.463371
0.451938
0.441103
0.430827
0.421074
0.411812
0.403009
0.394638
0.386673
0.379089
0.371864
0.364977
0.358408
0.35214
0.346156
0.340439
0.334976
0.329753
0.324757
0.319976
0.315398
0.311014
0.306813
0.302786
0.298924
0.29522
0.291664
0.288251
0.284972
0.281822
0.278794
0.275883
0.273082
0.270388
0.267793
0.265295
0.262889
0.260569
0.258333
0.256176
0.254096
0.252087
0.250148
0.248274
0.246464
0.244714
0.243021
0.241383
0.239798
0.238264
0.236777
0.235336
0.233939
0.232585
0.23127
0.229994
0.228756
0.227552
0.226382
0.225245
0.224139
0.223063
0.222015
0.220995
0.220001
0.219032
0.218088
0.217167
0.216268
0.215391
0.214534
0.213697
0.212879
0.212079
0.211297
0.210532
0.209783
0.20905
0.208331
0.207628
0.206938
0.206262
0.205599
0.204948
0.20431
0.203683
0.203067
0.202463
0.201868
0.201284
0.20071
0.200145
0.199589
0.199042
0.198504
0.197974
0.197451
0.196937
0.19643
0.19593
0.195437
0.194951
0.194472
0.193999
0.193532
0.193071
0.192616
0.192167
0.191723
0.191285
0.190851
0.190423
0.189999
0.18958
0.189166
0.188756
0.188351
0.18795
0.187553
0.18716
0.18677
0.186385
0.186003
0.185625
0.185251
0.184879
0.184511
0.184147
0.183785
0.183427
0.183071
0.182719
0.182369
0.182022
0.181678
0.181336
0.180997
0.18066
0.180326
0.179995
0.179665
0.179338
0.179013
0.178691
0.17837
0.178052
0.177735
0.177421
0.177108
0.176798
0.176489
0.176182
0.175877
0.175574
0.175272
0.174972
0.174674
0.174377
0.174082
0.173789
0.173497
0.173206
0.172917
0.172629
0.172343
0.172058
0.171774
0.171491
0.17121
0.17093
0.170652
0.170375
0.170098
0.169823
0.169549
0.169277
0.169005
0.168734
0.168465
0.168196
0.167929
0.167662
0.167397
0.167132
0.166869
0.166606
0.166345
0.166084
0.165824
0.165565
0.165307
0.16505
0.164793
0.164538
0.164283
0.164029
0.163776
0.163523
0.163272
0.163021
0.162771
0.162521
0.162272
0.162024
0.161777
0.16153
0.161285
0.161039
0.160795
0.160551
0.160307
0.160065
0.159823
0.159581
0.15934
0.1591
0.158861
0.158622
0.158383
0.158145
0.157908
0.157671
0.157435
0.157199
0.156964
0.15673
0.156496
0.156262
0.156029
0.155797
0.155565
0.155333
0.155102
0.154872
0.154642
0.154412
0.154183
0.153955
0.153727
0.153499
0.153272
0.153045
0.152819
0.152593
0.152368
0.152143
0.151918
0.151694
0.15147
0.151247
0.151024
0.150802
0.15058
0.150359
0.150137
0.149917
0.149696
0.149476
0.149257
0.149038
0.148819
0.148601
0.148383
0.148165
0.147948
0.147731
0.147515
0.147298
0.147083
0.146867
0.146652
0.146438
0.146223
0.146009
0.145796
0.145583
0.14537
0.145157
0.144945
0.144734
0.144522
0.144311
0.1441
0.14389
0.14368
0.14347
0.143261
0.143051
0.142843
0.142634
0.142426
0.142219
0.142011
0.141804
0.141597
0.141391
0.141185
0.140979
0.140773
0.140568
0.140363
0.140159
0.139955
0.139751
0.139547
0.139344
0.139141
0.138938
0.138736
0.138534
0.138332
0.138131
0.137929
0.137729
0.137528
0.137328
0.137128
0.136928
0.136729
0.13653
0.136331
0.136133
0.135935
0.135737
0.135539
0.135342
0.135145
0.134948
0.134752
0.134555
0.13436
0.134164
0.133969
0.133774
0.133579
0.133385
0.133191
0.132997
0.132803
0.13261
0.132417
0.132224
0.132032
0.13184
0.131648
0.131456
0.131265
0.131074
0.130883
0.130693
0.130503
0.130313
0.130123
0.129934
0.129744
0.129556
0.129367
0.129179
0.128991
0.128803
0.128616
0.128428
0.128241
0.128055
0.127868
0.127682
0.127496
0.127311
0.127125
0.12694
0.126756
0.126571
0.126387
0.126203
0.126019
0.125836
0.125653
0.12547
0.125287
0.125105
0.124922
0.12474
0.124559
0.124378
0.124196
0.124015
0.123835
0.123655
0.123475
0.123295
0.123115
0.122936
0.122757
0.122578
0.1224
0.122222
0.122043
0.121866
0.121688
0.121511
0.121334
0.121157
0.120981
0.120805
0.120629
0.120453
0.120278
0.120102
0.119927
0.119753
0.119578
0.119404
0.11923
0.119057
0.118883
0.11871
0.118537
0.118364
0.118192
0.11802
0.117848
0.117676
0.117505
0.117334
0.117163
0.116992
0.116822
0.116651
0.116481
0.116312
0.116142
0.115973
0.115804
0.115635
0.115467
0.115299
0.115131
0.114963
0.114796
0.114628
0.114461
0.114294
0.114128
0.113962
0.113795
0.11363
0.113464
0.113299
0.113134
0.112969
0.112804
0.11264
0.112476
0.112312
0.112148
0.111985
0.111822
0.111659
0.111496
0.111334
0.111172
0.11101
0.110848
0.110686
0.110525
0.110364
0.110203
0.110043
0.109883
0.109722
0.109563
0.109403
0.109243
0.109084
0.108925
0.108767
0.108608
0.10845
0.108292
0.108134
0.107977
0.10782
0.107663
0.107506
0.107349
0.107193
0.107037
0.106881
0.106725
0.10657
0.106414
0.106259
0.106105
0.10595
0.105796
0.105642
0.105488
0.105334
0.105181
0.105028
0.104875
0.104722
0.10457
0.104417
0.104265
0.104113
0.103962
0.10381
0.103659
0.103508
0.103358
0.103207
0.103057
0.102907
0.102757
0.102607
0.102458
0.102309
0.10216
0.102011
0.101863
0.101715
0.101567
0.101419
0.101271
0.101124
0.100977
0.10083
0.100683
0.100536
0.10039
0.100244
0.100098
0.0999526
0.099807
0.0996619
0.0995168
0.0993721
0.0992276
0.099083
0.098939
0.0987952
0.0986514
0.0985078
0.0983645
0.0982214
0.0980786
0.0979361
0.0977937
0.0976514
0.0975093
0.0973676
0.097226
0.0970846
0.0969435
0.0968025
0.0966618
0.0965213
0.0963809
0.0962408
0.0961009
0.0959612
0.0958215
0.0956824
0.0955432
0.0954045
0.0952659
0.0951273
0.0949891
0.0948511
0.0947132
0.0945754
0.0944382
0.094301
0.0941638
0.0940271
0.0938906
0.093754
0.0936179
0.093482
0.0933461
0.0932105
0.0930752
0.0929399
0.0928051
0.0926701
0.0925357
0.0924012
0.092267
0.0921332
0.0919993
0.0918657
0.0917323
0.0915993
0.0914662
0.0913333
0.0912008
0.0910684
0.0909361
0.0908042
0.0906724
0.0905408
0.0904092
0.0902783
0.0901471
0.0900164
0.0898856
0.0897554
0.0896251
0.0894949
0.0893652
0.0892355
0.0891061
0.0889768
0.0888476
0.0887189
0.0885901
0.0884616
0.0883332
0.0882051
0.0880774
0.0879496
0.087822
0.0876946
0.0875673
0.0874403
0.0873137
0.087187
0.0870607
0.0869343
0.0868083
0.0866825
0.0865568
0.0864314
0.086306
0.0861809
0.0860562
0.0859315
0.0858066
0.0856823
0.0855582
0.0854343
0.0853105
0.0851867
0.0850632
0.08494
0.0848169
0.0846942
0.0845713
0.0844488
0.0843266
0.0842042
0.0840821
0.0839606
0.0838389
0.0837174
0.0835961
0.0834751
0.0833542
0.0832334
0.0831126
0.0829925
0.0828724
0.0827522
0.0826324
0.0825129
0.0823934
0.0822739
0.0821547
0.0820356
0.081917
0.0817984
0.0816798
0.0815617
0.0814437
0.0813257
0.0812079
0.0810902
0.0809729
0.0808557
0.0807388
0.0806217
0.0805051
0.0803886
0.0802721
0.0801558
0.0800398
0.0799241
0.0798084
0.0796927
0.0795773
0.0794621
0.0793473
0.0792325
0.0791176
0.0790032
0.0788888
0.0787744
0.0786607
0.0785469
0.0784333
0.0783196
0.0782061
0.0780929
0.0779802
0.0778672
0.0777545
0.0776419
0.0775296
0.0774175
0.0773054
0.0771936
0.0770817
0.0769702
0.0768588
0.0767476
0.0766365
0.0765256
0.0764148
0.0763041
0.0761938
0.0760837
0.0759734
0.0758634
0.0757535
0.0756439
0.0755345
0.0754251
0.0753162
0.0752071
0.075098
0.0749894
0.0748811
0.0747725
0.0746642
0.0745563
0.0744484
0.0743406
0.074233
0.0741255
0.0740182
0.073911
0.0738042
0.0736972
0.0735904
0.0734839
0.0733776
0.0732716
0.0731654
0.0730594
0.0729538
0.072848
0.0727427
0.0726372
0.0725319
0.0724268
0.072322
0.0722173
0.0721127
0.0720084
0.0719042
0.0718
0.0716959
0.071592
0.0714885
0.0713848
0.0712814
0.0711782
0.071075
0.070972
0.0708693
0.0707666
0.0706641
0.0705616
0.0704593
0.0703572
0.0702553
0.0701536
0.0700518
0.0699504
0.0698491
0.0697477
0.0696466
0.0695456
0.0694448
0.0693442
0.0692434
0.0691433
0.0690432
0.0689428
0.0688428
0.068743
0.0686433
0.0685437
0.0684443
0.068345
0.068246
0.0681469
0.0680479
0.0679492
0.0678507
0.0677519
0.0676539
0.0675557
0.0674576
0.0673596
0.067262
0.0671642
0.0670667
0.0669693
0.0668721
0.0667749
0.066678
0.0665815
0.0664843
0.066388
0.0662915
0.066195
0.066099
0.0660028
0.0659072
0.0658113
0.0657155
0.0656201
0.0655247
0.0654293
0.0653342
0.0652392
0.0651445
0.0650497
0.0649549
0.0648607
0.0647663
0.064672
0.0645779
0.0644839
0.0643899
0.0642963
0.0642028
0.0641094
0.064016
0.063923
0.0638298
0.0637369
0.0636439
0.0635513
0.0634586
0.0633663
0.0632737
0.0631817
0.0630897
0.0629978
0.0629059
0.0628143
0.0627224
0.0626312
0.0625398
0.0624486
0.0623575
0.0622665
0.0621758
0.062085
0.0619943
0.0619039
0.0618136
0.0617233
0.0616334
0.0615433
0.0614534
0.0613636
0.061274
0.0611846
0.0610953
0.0610061
0.0609168
0.0608278
0.0607387
0.0606502
0.0605614
0.0604728
0.0603844
0.0602962
0.060208
0.0601199
0.0600319
0.059944
0.0598566
0.0597687
0.0596814
0.059594
0.0595067
0.0594197
0.0593326
0.0592455
0.0591587
0.0590722
0.0589856
0.058899
0.0588127
0.0587265
0.0586403
0.0585546
0.0584686
0.0583831
0.0582971
0.0582118
0.0581263
0.058041
0.0579559
0.0578705
0.0577857
0.0577007
0.0576159
0.0575314
0.057447
0.0573626
0.0572783
0.057194
0.05711
0.057026
0.0569424
0.0568586
0.0567748
0.0566915
0.0566078
0.0565247
0.0564417
0.0563584
0.0562754
0.0561925
0.0561099
0.0560273
0.0559447
0.0558623
0.0557802
0.0556978
0.0556158
0.0555338
0.0554519
0.0553703
0.0552885
0.055207
0.0551255
0.0550443
0.0549632
0.0548818
0.0548008
0.0547201
0.0546393
0.0545584
0.0544781
0.0543974
0.0543172
0.0542368
0.0541567
0.0540765
0.0539967
0.0539169
0.0538371
0.0537576
0.0536779
0.0535987
0.0535192
0.0534401
0.0533611
0.0532821
0.0532032
0.0531243
0.0530455
0.0529671
0.0528886
0.0528104
0.052732
0.0526538
0.0525759
0.0524977
0.05242
0.0523422
0.0522646
0.0521871
0.0521096
0.0520323
0.0519552
0.0518781
0.051801
0.0517243
0.0516474
0.0515705
0.051494
0.0514176
0.0513411
0.0512648
0.0511883
0.0511125
0.0510364
0.0509605
0.0508847
0.0508089
0.0507334
0.0506579
0.0505825
0.0505071
0.0504322
0.0503567
0.0502821
0.0502069
0.0501322
0.0500575
0.0499829
0.0499084
0.0498341
0.0497596
0.0496856
0.0496115
0.0495375
0.0494638
0.0493899
0.0493163
0.0492426
0.049169
0.0490956
0.0490222
0.048949
0.0488759
0.0488029
0.04873
0.0486573
0.0485845
0.0485119
0.0484394
0.048367
0.0482948
0.0482227
0.0481503
0.0480784
0.0480062
0.0479343
0.0478627
0.0477914
0.0477198
0.0476483
0.0475769
0.0475057
0.0474345
0.0473633
0.0472925
0.0472218
0.0471509
0.0470803
0.0470097
0.0469393
0.0468687
0.0467985
0.0467284
0.0466582
0.0465883
0.0465183
0.0464486
0.0463788
0.0463094
0.0462399
0.0461704
0.046101
0.0460319
0.0459627
0.0458935
0.0458247
0.045756
0.0456871
0.0456184
0.0455499
0.0454816
0.0454129
0.0453446
0.0452766
0.0452085
0.0451404
0.0450727
0.0450047
0.0449368
0.0448696
0.0448019
0.0447343
0.0446672
0.0446001
0.0445328
0.044466
0.0443987
0.044332
0.0442653
0.0441986
0.0441321
0.0440654
0.043999
0.0439328
0.0438666
0.0438002
0.0437344
0.0436685
0.0436025
0.0435368
0.0434711
0.0434056
0.0433401
0.0432748
0.0432095
0.0431443
0.0430791
0.0430141
0.0429492
0.0428843
0.0428197
0.0427551
0.0426903
0.042626
0.0425619
0.0424974
0.042433
0.042369
0.042305
0.0422412
0.0421772
0.0421135
0.04205
0.0419865
0.041923
0.0418597
0.0417965
0.0417332
0.0416702
0.0416071
0.0415442
0.0414813
0.0414186
0.0413559
0.0412934
0.0412309
0.0411688
0.0411065
0.0410442
0.040982
0.04092
0.0408583
0.0407961
0.0407345
0.040673
0.0406112
0.0405497
0.0404884
0.0404271
0.0403658
0.040305
0.0402439
0.040183
0.0401221
0.0400611
0.0400007
0.03994
0.0398796
0.0398191
0.0397589
0.0396986
0.0396387
0.0395784
0.0395184
0.0394587
0.0393988
0.0393391
0.0392794
0.0392198
0.0391605
0.0391012
0.0390419
0.0389829
0.0389237
0.0388647
0.0388058
0.0387469
0.0386882
0.0386298
0.0385711
0.0385125
0.0384541
0.0383959
0.0383379
0.0382796
0.0382214
0.0381635
0.0381057
0.0380478
0.0379905
0.0379328
0.0378752
0.0378177
0.0377602
0.0377029
0.0376459
0.0375889
0.0375318
0.037475
0.037418
0.0373613
0.037305
0.0372482
0.0371916
0.0371353
0.0370787
0.0370226
0.0369664
0.0369103
0.0368544
0.0367986
0.0367426
0.0366869
0.0366313
0.0365757
0.0365202
0.0364648
0.0364095
0.0363543
0.0362991
0.036244
0.0361892
0.0361342
0.0360794
0.0360246
0.03597
0.0359155
0.0358609
0.0358065
0.0357521
0.0356981
0.0356439
0.03559
0.0355358
0.0354818
0.0354281
0.0353744
0.0353207
0.035267
0.0352135
0.0351603
0.035107
0.0350536
0.0350006
0.0349473
0.0348946
0.0348416
0.0347886
0.0347359
0.0346832
0.0346305
0.0345782
0.0345256
0.0344734
0.034421
0.0343688
0.0343166
0.0342647
0.0342127
0.0341607
0.034109
0.0340573
0.0340057
0.033954
0.0339029
0.0338513
0.0338001
0.0337487
0.0336977
0.0336466
0.0335953
0.0335446
0.0334938
0.0334431
0.0333923
0.0333416
0.0332911
0.0332407
0.0331902
0.03314
0.0330899
0.0330396
0.0329896
0.0329397
0.0328898
0.03284
0.0327903
0.0327405
0.0326907
0.0326413
0.0325921
0.0325426
0.0324933
0.0324443
0.0323948
0.0323458
0.0322968
0.0322481
0.0321992
0.0321503
0.0321017
0.0320531
0.0320046
0.0319562
0.0319077
0.0318594
0.0318114
0.0317631
0.031715
0.0316671
0.031619
0.0315713
0.0315232
0.0314757
0.031428
0.0313806
0.031333
0.0312858
0.0312381
0.031191
0.0311437
0.0310969
0.0310496
0.0310028
0.0309559
0.0309091
0.0308623
0.0308157
0.0307691
0.0307225
0.030676
0.0306296
0.0305834
0.030537
0.0304909
0.0304448
0.0303987
0.0303529
0.0303071
0.0302611
0.0302155
0.0301697
0.0301245
0.0300788
0.0300332
0.0299876
0.0299426
0.0298974
0.0298524
0.0298069
0.0297622
0.0297171
0.0296722
0.0296273
0.0295827
0.0295382
0.0294935
0.0294491
0.0294043
0.0293599
0.0293158
0.0292715
0.0292272
0.029183
0.029139
0.029095
0.029051
0.0290074
0.0289636
0.0289197
0.0288763
0.0288326
0.0287892
0.0287459
0.0287024
0.0286589
0.028616
0.0285729
0.0285294
0.0284864
