-0.773059
-0.751464
-0.730172
-0.709184
-0.688499
-0.668118
-0.64804
-0.628266
-0.608795
-0.589625
-0.570757
-0.552189
-0.533924
-0.515961
-0.4983
-0.480937
-0.463876
-0.44711599999999996
-0.430655
-0.414495
-0.398635
-0.38307399999999997
-0.367815
-0.35285700000000003
-0.338202
-0.323852
-0.309804
-0.29606
-0.282617
-0.269478
-0.25664000000000003
-0.24410199999999999
-0.23186700000000002
-0.21993400000000002
-0.208306
-0.196983
-0.18596400000000002
-0.17525
-0.16484100000000002
-0.15473499999999998
-0.14493499999999998
-0.135439
-0.126248
-0.117361
-0.108778
-0.100501
-0.09252819999999999
-0.08486010000000001
-0.0774932
-0.07042799999999999
-0.0636628
-0.05719640000000001
-0.0510305
-0.045166399999999995
-0.039600800000000005
-0.034330400000000004
-0.029361900000000003
-0.024695599999999998
-0.020331099999999998
-0.0162687
-0.012507899999999999
-0.00905081
-0.00589453
-0.00303732
-0.00048062800000000003
0.00177483
0.00373222
0.00539167
0.00675406
0.00782298
0.00859181
0.00906166
0.00923436
0.00911274
0.00869372
0.00797617
0.00696509
0.00565899
0.00406222
0.00217244
-2.98841e-07
