-0.773059
-0.751464
-0.730172
-0.709184
-0.688499
-0.668118
-0.64804
-0.628266
-0.608795
-0.589625
-0.570758
-0.55219
-0.533925
-0.515962
-0.49830100000000005
-0.48093800000000003
-0.46387700000000004
-0.447117
-0.43065600000000004
-0.414497
-0.39863699999999996
-0.383076
-0.367817
-0.35285900000000003
-0.33820300000000003
-0.323853
-0.309804
-0.29606
-0.282617
-0.269478
-0.25664000000000003
-0.24410199999999999
-0.23186700000000002
-0.21993400000000002
-0.20830500000000002
-0.196982
-0.18596300000000002
-0.175249
-0.16484000000000001
-0.15473399999999998
-0.144933
-0.135437
-0.126246
-0.11735799999999999
-0.108775
-0.100498
-0.0925247
-0.0848569
-0.0774904
-0.0704257
-0.0636611
-0.0571951
-0.0510296
-0.0451661
-0.0396011
-0.034330599999999996
-0.029362
-0.024695599999999998
-0.0203308
-0.0162682
-0.012507299999999999
-0.00905046
-0.00589449
-0.00303726
-0.000480581
0.00177455
0.00373164
0.00539067
0.00675269
0.00782192
0.00859106
0.00906139
0.00923454
0.0091137
0.00869543
0.00797818
0.00696741
0.00566113
0.0040642
0.00217333
-4.71916e-07
