-0.773059
-0.751464
-0.730172
-0.709184
-0.688499
-0.668118
-0.64804
-0.628265
-0.608795
-0.589625
-0.570758
-0.55219
-0.533925
-0.515962
-0.49830100000000005
-0.48093800000000003
-0.46387700000000004
-0.447117
-0.43065699999999996
-0.414497
-0.39863699999999996
-0.383077
-0.367817
-0.35286
-0.33820500000000003
-0.323855
-0.309807
-0.296063
-0.28262
-0.26948
-0.256641
-0.24410300000000001
-0.23186700000000002
-0.21993400000000002
-0.208306
-0.196983
-0.18596400000000002
-0.175249
-0.16484000000000001
-0.15473399999999998
-0.144933
-0.135437
-0.126246
-0.11735899999999999
-0.108777
-0.1005
-0.0925271
-0.0848589
-0.07749199999999999
-0.0704267
-0.0636615
-0.0571951
-0.0510292
-0.045164800000000005
-0.039598900000000006
-0.0343287
-0.029360400000000005
-0.024694400000000002
-0.0203301
-0.0162678
-0.0125072
-0.00904983
-0.0058933
-0.003036
-0.000479245
0.00177635
0.0037339
0.00539363
0.00675634
0.00782497
0.00859351
0.00906305
0.00923542
0.00911315
0.00869344
0.00797542
0.00696388
0.00565769
0.00406084
0.00217179
-1.9587700000000003e-07
