   0.0980201
     0.19509
     0.29028
     0.38268
      0.4714
    0.555571
    0.634391
    0.707111
    0.773011
    0.831471
    0.881921
    0.923881
    0.956941
    0.980791
    0.995181
           1
    0.995181
    0.980791
    0.956941
    0.923881
    0.881921
    0.831471
    0.773011
    0.707111
    0.634391
    0.555571
      0.4714
     0.38268
     0.29028
     0.19509
   0.0980199
   -0.773059
    -1.53867
    -2.28947
    -3.01822
    -3.71791
    -4.38179
    -5.00347
    -5.57697
    -6.09676
    -6.55783
    -6.95575
    -7.28668
    -7.54743
     -7.7355
    -7.84907
    -7.88705
    -7.84908
    -7.73551
    -7.54744
    -7.28669
    -6.95576
    -6.55785
    -6.09678
    -5.57699
     -5.0035
    -4.38182
    -3.71794
    -3.01825
     -2.2895
    -1.53869
   -0.773069
   0.0956223
    0.190323
    0.283192
    0.373333
     0.45988
    0.541997
    0.618894
    0.689832
    0.754125
    0.811157
    0.860376
     0.90131
    0.933563
    0.956825
    0.970873
    0.975571
    0.970873
    0.956826
    0.933563
     0.90131
    0.860377
    0.811158
    0.754127
    0.689833
    0.618896
    0.541998
    0.459881
    0.373335
    0.283193
    0.190324
   0.0956228
   -0.751464
    -1.49569
    -2.22552
    -2.93391
    -3.61405
    -4.25938
     -4.8637
    -5.42118
    -5.92644
    -6.37464
    -6.76144
    -7.08313
     -7.3366
    -7.51941
    -7.62981
    -7.66673
    -7.62981
    -7.51942
    -7.33661
    -7.08314
    -6.76146
    -6.37465
    -5.92646
     -5.4212
    -4.86372
    -4.25941
    -3.61408
    -2.93394
    -2.22554
    -1.49571
   -0.751474
   0.0932532
    0.185608
    0.276176
    0.364085
    0.448486
    0.528569
    0.603562
    0.672742
    0.735444
    0.791062
    0.839063
    0.878982
    0.910436
    0.933123
    0.946823
    0.951404
    0.946823
    0.933124
    0.910437
    0.878983
    0.839064
    0.791064
    0.735446
    0.672745
    0.603564
    0.528572
    0.448489
    0.364087
    0.276178
     0.18561
   0.0932542
   -0.730172
    -1.45331
    -2.16246
    -2.85078
    -3.51165
    -4.13869
    -4.72589
    -5.26757
    -5.75852
    -6.19402
    -6.56986
    -6.88243
    -7.12872
    -7.30635
    -7.41362
     -7.4495
    -7.41363
    -7.30636
    -7.12873
    -6.88244
    -6.56987
    -6.19403
    -5.75854
    -5.26759
    -4.72591
    -4.13872
    -3.51167
     -2.8508
    -2.16248
    -1.45333
   -0.730181
   0.0909107
    0.180946
    0.269239
    0.354939
    0.437221
    0.515292
    0.588401
    0.655844
     0.71697
    0.771192
    0.817986
    0.856903
    0.887567
    0.909684
     0.92304
    0.927506
     0.92304
    0.909685
    0.887568
    0.856904
    0.817988
    0.771194
    0.716972
    0.655846
    0.588404
    0.515295
    0.437224
    0.354942
    0.269241
    0.180948
   0.0909118
   -0.709184
    -1.41154
     -2.1003
    -2.76884
    -3.41071
    -4.01973
    -4.59004
    -5.11616
      -5.593
    -6.01597
    -6.38101
     -6.6846
     -6.9238
    -7.09633
    -7.20052
    -7.23536
    -7.20052
    -7.09634
    -6.92381
     -6.6846
    -6.38102
    -6.01598
    -5.59301
    -5.11617
    -4.59006
    -4.01975
    -3.41073
    -2.76886
    -2.10032
    -1.41155
   -0.709192
   0.0885951
    0.176337
    0.262381
    0.345898
    0.426084
    0.502167
    0.573414
    0.639139
    0.698708
    0.751549
    0.797152
    0.835077
    0.864961
    0.886514
     0.89953
    0.903882
     0.89953
    0.886515
    0.864962
    0.835079
    0.797153
    0.751551
    0.698711
    0.639141
    0.573417
     0.50217
    0.426088
    0.345901
    0.262384
    0.176339
   0.0885962
   -0.688499
    -1.37037
    -2.03904
    -2.68808
    -3.31123
    -3.90249
    -4.45616
    -4.96693
    -5.42986
     -5.8405
    -6.19489
    -6.48962
    -6.72185
    -6.88935
    -6.99049
    -7.02432
    -6.99049
    -6.88935
    -6.72185
    -6.48962
    -6.19489
     -5.8405
    -5.42986
    -4.96694
    -4.45618
     -3.9025
    -3.31124
    -2.68809
    -2.03905
    -1.37038
   -0.688505
   0.0863069
    0.171783
    0.255604
    0.336965
     0.41508
    0.489197
    0.558604
    0.622631
    0.680662
    0.732138
    0.776563
    0.813509
     0.84262
    0.863617
    0.876297
    0.880537
    0.876297
    0.863618
    0.842621
     0.81351
    0.776564
     0.73214
    0.680664
    0.622634
    0.558607
    0.489201
    0.415083
    0.336967
    0.255606
    0.171784
   0.0863078
   -0.668118
     -1.3298
    -1.97868
     -2.6085
     -3.2132
    -3.78696
    -4.32424
    -4.81989
    -5.26911
     -5.6676
     -6.0115
     -6.2975
    -6.52286
    -6.68539
    -6.78354
    -6.81636
    -6.78354
    -6.68539
    -6.52286
     -6.2975
    -6.01149
     -5.6676
    -5.26912
     -4.8199
    -4.32426
    -3.78697
    -3.21322
    -2.60851
    -1.97869
    -1.32981
   -0.668123
   0.0840464
    0.167283
     0.24891
    0.328139
    0.404208
    0.476384
    0.543972
    0.606323
    0.662834
    0.712961
    0.756223
    0.792201
     0.82055
    0.840997
    0.853344
    0.857473
    0.853345
    0.840997
    0.820551
    0.792202
    0.756224
    0.712963
    0.662835
    0.606324
    0.543974
    0.476385
    0.404209
     0.32814
    0.248911
    0.167284
   0.0840471
    -0.64804
    -1.28984
    -1.91922
    -2.53011
    -3.11664
    -3.67315
    -4.19429
    -4.67504
    -5.11076
    -5.49727
    -5.83084
    -6.10825
    -6.32682
    -6.48447
    -6.57968
    -6.61151
    -6.57967
    -6.48447
    -6.32682
    -6.10824
    -5.83083
    -5.49727
    -5.11077
    -4.67505
     -4.1943
    -3.67317
    -3.11665
    -2.53012
    -1.91923
    -1.28985
   -0.648044
   0.0818138
     0.16284
    0.242298
    0.319422
    0.393471
     0.46373
    0.529522
    0.590216
    0.645226
    0.694022
    0.736134
    0.771157
    0.798753
    0.818657
    0.830676
    0.834695
    0.830676
    0.818657
    0.798754
    0.771158
    0.736135
    0.694023
    0.645227
    0.590217
    0.529523
     0.46373
    0.393471
    0.319422
    0.242298
     0.16284
   0.0818143
   -0.628266
    -1.25048
    -1.86065
     -2.4529
    -3.02153
    -3.56107
     -4.0663
    -4.53238
     -4.9548
    -5.32951
     -5.6529
    -5.92184
    -6.13376
     -6.2866
    -6.37889
    -6.40975
    -6.37889
     -6.2866
    -6.13376
    -5.92185
     -5.6529
    -5.32952
    -4.95482
    -4.53239
    -4.06632
    -3.56108
    -3.02155
    -2.45292
    -1.86066
    -1.25049
   -0.628269
   0.0796095
    0.158452
     0.23577
    0.310816
    0.382869
    0.451235
    0.515256
    0.574314
    0.627842
    0.675323
    0.716301
     0.75038
    0.777232
    0.796599
    0.808294
    0.812205
    0.808293
    0.796597
    0.777229
    0.750377
    0.716298
    0.675321
    0.627841
    0.574314
    0.515256
    0.451235
    0.382868
    0.310815
    0.235769
    0.158453
   0.0796098
   -0.608795
    -1.21173
    -1.80299
    -2.37689
    -2.92789
     -3.4507
    -3.94028
     -4.3919
    -4.80124
    -5.16434
    -5.47769
     -5.7383
    -5.94365
    -6.09175
    -6.18119
     -6.2111
     -6.1812
    -6.09176
    -5.94366
    -5.73832
    -5.47771
    -5.16435
    -4.80125
    -4.39191
    -3.94028
     -3.4507
    -2.92789
    -2.37688
    -1.80298
    -1.21172
   -0.608792
   0.0774333
    0.154121
    0.229325
     0.30232
    0.372404
    0.438901
    0.501172
    0.558616
     0.61068
    0.656863
     0.69672
    0.729866
    0.755984
    0.774821
    0.786196
        0.79
    0.786196
     0.77482
    0.755982
    0.729863
    0.696716
    0.656859
    0.610676
    0.558613
     0.50117
      0.4389
    0.372403
    0.302319
    0.229325
    0.154121
   0.0774337
   -0.589625
    -1.17357
    -1.74622
    -2.30204
     -2.8357
    -3.34205
    -3.81621
    -4.25362
    -4.65007
    -5.00173
    -5.30522
    -5.55761
    -5.75649
    -5.89992
    -5.98654
     -6.0155
    -5.98653
    -5.89991
    -5.75647
    -5.55759
    -5.30518
    -5.00169
    -4.65003
    -4.25358
    -3.81617
    -3.34201
    -2.83567
    -2.30201
    -1.74619
    -1.17356
   -0.589616
   0.0752853
    0.149846
    0.222964
    0.293934
    0.362074
    0.426727
     0.48727
    0.543121
    0.593741
    0.638643
    0.677394
    0.709622
    0.735016
     0.75333
    0.764391
    0.768089
     0.76439
     0.75333
    0.735015
    0.709621
    0.677393
    0.638641
    0.593739
     0.54312
     0.48727
    0.426727
    0.362075
    0.293935
    0.222965
    0.149847
   0.0752862
   -0.570757
    -1.13602
    -1.69033
    -2.22837
    -2.74495
    -3.23509
    -3.69408
    -4.11748
    -4.50124
    -4.84164
    -5.13541
    -5.37973
    -5.57224
    -5.71108
    -5.79492
    -5.82296
    -5.79492
    -5.71106
    -5.57221
     -5.3797
    -5.13538
     -4.8416
    -4.50119
    -4.11743
    -3.69402
    -3.23504
     -2.7449
    -2.22833
     -1.6903
    -1.13599
   -0.570743
   0.0731661
    0.145628
    0.216688
    0.285661
    0.351883
    0.414716
    0.473555
    0.527833
    0.577029
    0.620668
    0.658329
     0.68965
     0.71433
     0.73213
    0.742878
    0.746473
    0.742879
     0.73213
    0.714331
    0.689651
    0.658331
     0.62067
    0.577031
    0.527837
    0.473558
     0.41472
    0.351886
    0.285664
    0.216691
    0.145631
   0.0731679
   -0.552189
    -1.09906
    -1.63534
    -2.15588
    -2.65565
    -3.12985
     -3.5739
    -3.98353
    -4.35479
    -4.68411
    -4.96833
     -5.2047
    -5.39094
    -5.52527
    -5.60638
    -5.63351
    -5.60638
    -5.52525
    -5.39092
    -5.20467
    -4.96829
    -4.68407
    -4.35474
    -3.98347
    -3.57384
    -3.12979
    -2.65559
    -2.15583
     -1.6353
    -1.09903
   -0.552172
   0.0710757
    0.141467
    0.210497
      0.2775
     0.34183
    0.402869
    0.460028
    0.512756
    0.560547
    0.602939
    0.639524
     0.66995
    0.693925
    0.711216
    0.721658
     0.72515
    0.721659
    0.711217
    0.693927
    0.669954
    0.639529
    0.602945
    0.560553
    0.512763
    0.460035
    0.402877
    0.341838
    0.277507
    0.210504
    0.141472
   0.0710786
   -0.533924
    -1.06271
    -1.58125
    -2.08457
    -2.56781
    -3.02632
    -3.45567
    -3.85175
    -4.21073
    -4.52916
    -4.80398
    -5.03253
    -5.21261
     -5.3425
    -5.42093
    -5.44715
    -5.42092
    -5.34248
    -5.21258
    -5.03249
    -4.80393
     -4.5291
    -4.21067
    -3.85168
     -3.4556
    -3.02624
    -2.56773
     -2.0845
    -1.58119
    -1.06266
   -0.533902
   0.0690143
    0.137364
    0.204392
    0.269452
    0.331917
    0.391186
    0.446688
    0.497888
    0.544293
    0.585456
    0.620982
    0.650526
    0.673806
    0.690597
    0.700737
    0.704129
    0.700739
    0.690601
    0.673812
    0.650534
    0.620992
    0.585468
    0.544306
    0.497901
    0.446702
      0.3912
    0.331931
    0.269464
    0.204403
    0.137372
   0.0690186
   -0.515961
    -1.02695
    -1.52805
    -2.01443
    -2.48141
    -2.92449
     -3.3394
    -3.72215
    -4.06905
    -4.37678
    -4.64235
    -4.86321
    -5.03724
    -5.16275
    -5.23853
    -5.26387
    -5.23851
    -5.16271
    -5.03719
    -4.86315
    -4.64228
     -4.3767
    -4.06897
    -3.72205
     -3.3393
    -2.92439
    -2.48132
    -2.01435
    -1.52798
     -1.0269
   -0.515934
   0.0669822
     0.13332
    0.198375
    0.261519
    0.322146
    0.379671
    0.433539
    0.483232
    0.528272
    0.568224
    0.602705
    0.631381
    0.653976
    0.670273
    0.680115
    0.683407
    0.680118
    0.670279
    0.653985
    0.631392
     0.60272
    0.568242
    0.528291
    0.483252
    0.433559
     0.37969
    0.322165
    0.261536
    0.198389
     0.13333
    0.066988
     -0.4983
   -0.991798
    -1.47574
    -1.94547
    -2.39646
    -2.82437
    -3.22508
    -3.59474
    -3.92976
    -4.22694
    -4.48341
     -4.6967
    -4.86476
    -4.98596
    -5.05915
    -5.08362
    -5.05913
    -4.98592
     -4.8647
    -4.69662
    -4.48331
    -4.22683
    -3.92964
     -3.5946
    -3.22495
    -2.82424
    -2.39634
    -1.94536
    -1.47565
   -0.991733
   -0.498265
   0.0649802
    0.129336
    0.192446
    0.253704
    0.312518
    0.368324
    0.420583
    0.468791
    0.512485
    0.551244
    0.584695
    0.612514
    0.634435
    0.650245
    0.659793
    0.662988
    0.659797
    0.650252
    0.634444
    0.612527
    0.584711
    0.551265
    0.512508
    0.468815
    0.420606
    0.368347
    0.312541
    0.253723
    0.192463
    0.129348
   0.0649869
   -0.480937
   -0.957239
    -1.42432
    -1.87768
    -2.31296
    -2.72596
    -3.11271
    -3.46947
    -3.79282
    -4.07964
    -4.32717
    -4.53302
    -4.69522
     -4.8122
    -4.88284
    -4.90646
    -4.88282
    -4.81216
    -4.69515
    -4.53293
    -4.32706
    -4.07951
    -3.79268
    -3.46932
    -3.11255
    -2.72581
    -2.31282
    -1.87756
    -1.42422
   -0.957165
   -0.480897
   0.0630083
    0.125411
    0.186606
    0.246004
    0.303034
    0.357147
     0.40782
    0.454566
    0.496934
    0.534517
    0.566953
    0.593928
    0.615184
    0.630515
    0.639774
    0.642871
    0.639777
    0.630522
    0.615194
    0.593942
     0.56697
    0.534538
    0.496957
    0.454591
    0.407845
    0.357172
    0.303059
    0.246026
    0.186624
    0.125424
   0.0630154
   -0.463876
   -0.923282
    -1.37379
    -1.81107
    -2.23091
    -2.62925
    -3.00227
    -3.34638
    -3.65826
     -3.9349
    -4.17364
     -4.3722
    -4.52864
    -4.64147
     -4.7096
    -4.73237
    -4.70957
    -4.64141
    -4.52855
    -4.37209
    -4.17351
    -3.93475
    -3.65809
     -3.3462
     -3.0021
    -2.62908
    -2.23074
    -1.81093
    -1.37367
   -0.923195
    -0.46383
   0.0610661
    0.121545
    0.180853
    0.238421
    0.293693
    0.346138
    0.395249
    0.440554
    0.481616
    0.518041
    0.549477
    0.575621
    0.596222
     0.61108
    0.620054
    0.623058
     0.62006
    0.611091
    0.596236
    0.575639
    0.549499
    0.518067
    0.481645
    0.440583
    0.395279
    0.346167
    0.293721
    0.238446
    0.180874
    0.121559
   0.0610738
   -0.447116
   -0.889922
    -1.32415
    -1.74563
    -2.15029
    -2.53425
    -2.89379
    -3.22547
    -3.52607
    -3.79272
    -4.02284
    -4.21422
    -4.36502
    -4.47377
    -4.53943
    -4.56138
    -4.53939
    -4.47369
     -4.3649
    -4.21407
    -4.02267
    -3.79253
    -3.52587
    -3.22526
    -2.89358
    -2.53405
    -2.15011
    -1.74547
    -1.32402
   -0.889826
   -0.447064
   0.0591537
    0.117738
     0.17519
    0.230955
    0.284496
    0.335298
    0.382871
    0.426758
    0.466534
    0.501819
     0.53227
    0.557596
    0.577552
    0.591946
    0.600639
    0.603549
    0.600647
    0.591959
     0.57757
     0.55762
    0.532299
    0.501851
    0.466569
    0.426794
    0.382907
    0.335333
    0.284528
    0.230983
    0.175213
    0.117755
   0.0591623
   -0.430655
   -0.857159
     -1.2754
    -1.68136
    -2.07113
    -2.44094
    -2.78725
     -3.1067
    -3.39624
    -3.65307
    -3.87472
    -4.05905
    -4.20429
    -4.30903
    -4.37227
    -4.39341
    -4.37223
    -4.30894
    -4.20416
    -4.05889
    -3.87454
    -3.65287
    -3.39603
    -3.10649
    -2.78703
    -2.44073
    -2.07093
    -1.68119
    -1.27526
   -0.857057
   -0.430601
    0.057272
    0.113993
    0.169616
    0.223606
    0.275444
    0.324629
    0.370689
    0.413179
    0.451691
    0.485853
    0.515337
    0.539858
     0.55918
    0.573116
    0.581534
    0.584351
     0.58154
     0.57313
      0.5592
    0.539885
    0.515369
     0.48589
     0.45173
     0.41322
    0.370729
    0.324668
    0.275479
    0.223637
    0.169641
     0.11401
   0.0572807
   -0.414495
   -0.824994
    -1.22755
    -1.61827
     -1.9934
    -2.34933
    -2.68264
    -2.99011
    -3.26878
    -3.51596
    -3.72929
    -3.90671
    -4.04649
    -4.14731
    -4.20818
    -4.22852
    -4.20814
    -4.14722
    -4.04637
    -3.90656
    -3.72912
    -3.51578
    -3.26857
     -2.9899
    -2.68243
    -2.34913
    -1.99321
     -1.6181
     -1.2274
   -0.824892
   -0.414441
   0.0554208
    0.110308
    0.164132
    0.216377
    0.266538
    0.314134
    0.358704
    0.399821
    0.437088
    0.470146
    0.498677
    0.522405
    0.541103
     0.55459
    0.562736
    0.565463
    0.562745
    0.554606
    0.541126
    0.522434
    0.498711
    0.470185
     0.43713
    0.399865
    0.358747
    0.314175
    0.266576
    0.216409
    0.164157
    0.110325
   0.0554292
   -0.398635
   -0.793427
    -1.18057
    -1.55635
    -1.91712
    -2.25944
    -2.57999
    -2.87569
    -3.14369
    -3.38142
    -3.58658
    -3.75721
    -3.89164
     -3.9886
    -4.04714
    -4.06671
     -4.0471
    -3.98852
    -3.89154
    -3.75707
    -3.58643
    -3.38125
    -3.14351
    -2.87549
    -2.57979
    -2.25924
    -1.91694
    -1.55618
    -1.18044
    -0.79333
   -0.398584
   0.0535996
    0.106683
     0.15874
    0.209268
    0.257781
    0.303813
    0.346919
    0.386685
    0.422728
      0.4547
    0.482293
    0.505243
    0.523326
     0.53637
    0.544248
    0.546884
    0.544254
    0.536383
    0.523346
    0.505269
    0.482325
    0.454736
    0.422766
    0.386726
    0.346959
    0.303851
    0.257816
    0.209297
    0.158763
    0.106699
   0.0536079
   -0.383074
   -0.762455
    -1.13449
    -1.49559
    -1.84229
    -2.17124
    -2.47928
    -2.76344
    -3.02099
    -3.24944
    -3.44659
    -3.61055
    -3.73974
    -3.83291
    -3.88917
    -3.90797
    -3.88914
    -3.83286
    -3.73966
    -3.61045
    -3.44646
    -3.24929
    -3.02083
    -2.76328
    -2.47911
    -2.17108
    -1.84213
    -1.49545
    -1.13437
   -0.762371
   -0.383029
   0.0518093
     0.10312
    0.153438
     0.20228
    0.249173
    0.293667
    0.335333
     0.37377
    0.408609
    0.439512
    0.466184
    0.488365
    0.505844
    0.518452
    0.526067
    0.528617
    0.526075
    0.518466
    0.505864
    0.488389
    0.466211
    0.439543
    0.408642
    0.373804
    0.335366
    0.293698
    0.249201
    0.202304
    0.153458
    0.103134
   0.0518166
   -0.367815
   -0.732083
     -1.0893
    -1.43602
    -1.76891
    -2.08476
    -2.38053
    -2.65338
    -2.90067
    -3.12002
    -3.30932
    -3.46676
     -3.5908
    -3.68026
    -3.73428
    -3.75234
    -3.73426
    -3.68022
    -3.59073
    -3.46666
    -3.30922
     -3.1199
    -2.90054
    -2.65324
    -2.38039
    -2.08462
    -1.76878
     -1.4359
     -1.0892
   -0.732013
   -0.367777
   0.0500508
   0.0996197
    0.148229
    0.195412
    0.240713
    0.283695
    0.323946
    0.361077
    0.394731
    0.424585
     0.45035
    0.471778
    0.488663
    0.500842
    0.508197
    0.510658
    0.508201
     0.50085
    0.488675
    0.471794
    0.450369
    0.424607
    0.394755
    0.361102
     0.32397
    0.283718
    0.240734
     0.19543
    0.148244
   0.0996301
    0.050056
   -0.352857
   -0.702313
      -1.045
    -1.37763
    -1.69698
    -1.99999
    -2.28374
     -2.5455
    -2.78273
    -2.99317
    -3.17478
    -3.32582
    -3.44482
    -3.53065
    -3.58247
     -3.5998
    -3.58245
    -3.53061
    -3.44476
    -3.32574
    -3.17469
    -2.99307
    -2.78263
    -2.54538
    -2.28362
    -1.99988
    -1.69688
    -1.37753
    -1.04492
   -0.702255
   -0.352825
    0.048323
   0.0961804
    0.143111
    0.188664
    0.232399
    0.273896
    0.312756
    0.348604
    0.381095
    0.409915
    0.434789
    0.455476
    0.471776
    0.483533
    0.490633
    0.493008
    0.490634
    0.483536
    0.471782
    0.455484
      0.4348
    0.409928
    0.381108
    0.348619
    0.312772
    0.273912
    0.232414
    0.188676
    0.143121
   0.0961873
   0.0483261
   -0.338202
   -0.673146
    -1.00161
    -1.32042
    -1.62652
    -1.91695
    -2.18891
     -2.4398
    -2.66719
    -2.86889
    -3.04296
    -3.18772
    -3.30179
    -3.38405
    -3.43373
    -3.45033
    -3.43371
    -3.38402
    -3.30174
    -3.18766
    -3.04288
     -2.8688
    -2.66709
     -2.4397
    -2.18881
    -1.91684
    -1.62642
    -1.32034
    -1.00154
   -0.673096
   -0.338175
    0.046625
   0.0928004
    0.138082
    0.182033
     0.22423
    0.264268
    0.301761
    0.336348
    0.367695
    0.395502
      0.4195
    0.439458
    0.455184
    0.466527
    0.473377
    0.475667
    0.473378
     0.46653
     0.45519
    0.439467
    0.419511
    0.395515
     0.36771
    0.336364
    0.301778
    0.264285
    0.224246
    0.182046
    0.138092
    0.092807
   0.0466275
   -0.323852
   -0.644585
    -0.95911
     -1.2644
    -1.55751
    -1.83562
    -2.09605
    -2.33629
    -2.55403
    -2.74718
    -2.91386
    -3.05248
    -3.16171
    -3.24049
    -3.28805
    -3.30396
    -3.28804
    -3.24045
    -3.16166
    -3.05242
    -2.91378
    -2.74708
    -2.55393
    -2.33618
    -2.09594
    -1.83551
    -1.55741
    -1.26431
   -0.959041
   -0.644537
   -0.323827
   0.0449569
     0.08948
    0.133141
    0.175519
    0.216206
     0.25481
     0.29096
    0.324308
    0.354533
    0.381344
    0.404482
    0.423725
    0.438888
    0.449824
    0.456429
    0.458639
    0.456433
    0.449831
    0.438899
     0.42374
    0.404501
    0.381366
    0.354558
    0.324335
    0.290987
    0.254836
    0.216229
    0.175539
    0.133156
   0.0894892
   0.0449602
   -0.309804
   -0.616625
   -0.917509
    -1.20956
    -1.48995
      -1.756
    -2.00514
    -2.23496
    -2.44326
    -2.62803
    -2.78748
    -2.92009
    -3.02458
    -3.09994
    -3.14544
    -3.16065
    -3.14542
     -3.0999
    -3.02452
    -2.92002
    -2.78739
    -2.62793
    -2.44315
    -2.23484
    -2.00502
    -1.75589
    -1.48985
    -1.20947
   -0.917441
   -0.616579
   -0.309781
   0.0433181
   0.0862183
    0.128287
     0.16912
    0.208324
    0.245521
    0.280354
    0.312487
     0.34161
    0.367443
    0.389739
    0.408282
    0.422894
    0.433433
    0.439799
    0.441931
    0.439807
    0.433448
    0.422916
    0.408311
    0.389774
    0.367482
    0.341651
    0.312529
    0.280396
    0.245561
    0.208359
     0.16915
    0.128309
   0.0862318
   0.0433235
    -0.29606
   -0.589269
   -0.876804
    -1.15589
    -1.42385
     -1.6781
    -1.91618
    -2.13581
    -2.33487
    -2.51144
    -2.66382
    -2.79054
    -2.89039
     -2.9624
    -3.00589
    -3.02042
    -3.00586
    -2.96236
    -2.89033
    -2.79046
    -2.66372
    -2.51132
    -2.33474
    -2.13569
    -1.91606
    -1.67798
    -1.42375
    -1.15581
   -0.876736
   -0.589222
   -0.296036
   0.0417091
   0.0830159
    0.123522
    0.162839
    0.200587
    0.236403
    0.269943
    0.300883
    0.328926
    0.353802
    0.375271
    0.393128
      0.4072
    0.417351
    0.423484
    0.425539
    0.423497
    0.417377
    0.407237
    0.393176
    0.375327
    0.353863
     0.32899
    0.300947
    0.270005
    0.236461
    0.200638
    0.162881
    0.123554
   0.0830356
   0.0417175
   -0.282617
   -0.562513
   -0.836992
    -1.10341
     -1.3592
     -1.6019
    -1.82917
    -2.03883
    -2.22885
     -2.3974
    -2.54286
    -2.66383
    -2.75914
    -2.82789
    -2.86939
    -2.88327
    -2.86937
    -2.82784
    -2.75908
    -2.66375
    -2.54276
    -2.39729
    -2.22873
    -2.03871
    -1.82906
    -1.60179
     -1.3591
    -1.10333
   -0.836927
   -0.562469
   -0.282595
   0.0401303
   0.0798739
    0.118848
    0.156678
    0.192998
    0.227461
    0.259734
    0.289506
    0.316491
    0.340429
    0.361089
    0.378274
    0.391816
    0.401585
    0.407489
    0.409468
    0.407504
    0.401616
     0.39186
     0.37833
    0.361156
    0.340503
    0.316569
    0.289586
    0.259811
    0.227533
    0.193062
     0.15673
    0.118887
   0.0798992
   0.0401418
   -0.269478
    -0.53636
   -0.798077
    -1.05211
      -1.296
    -1.52742
    -1.74412
    -1.94402
     -2.1252
    -2.28592
    -2.42461
    -2.53996
    -2.63084
    -2.69639
    -2.73596
    -2.74919
    -2.73594
    -2.69634
    -2.63078
    -2.53989
    -2.42453
    -2.28582
     -2.1251
    -1.94392
    -1.74402
    -1.52732
    -1.29591
    -1.05203
   -0.798017
   -0.536319
   -0.269457
   0.0385822
    0.076793
    0.114265
    0.150637
    0.185559
    0.218695
    0.249726
    0.278354
    0.304302
    0.327321
    0.347189
    0.363714
    0.376737
    0.386132
    0.391809
    0.393713
    0.391826
    0.386165
    0.376785
    0.363776
    0.347263
    0.327405
    0.304392
    0.278445
    0.249816
    0.218779
    0.185633
    0.150698
    0.114311
   0.0768234
   0.0385964
    -0.25664
   -0.510807
   -0.760053
    -1.00198
    -1.23426
    -1.45464
    -1.66102
     -1.8514
    -2.02394
    -2.17699
    -2.30908
    -2.41893
    -2.50548
    -2.56791
     -2.6056
     -2.6182
    -2.60559
    -2.56788
    -2.50544
    -2.41888
    -2.30901
    -2.17692
    -2.02386
    -1.85131
    -1.66093
    -1.45456
    -1.23418
    -1.00192
   -0.760003
   -0.510771
   -0.256621
   0.0370679
   0.0737793
    0.109781
    0.144726
    0.178279
    0.210115
    0.239929
    0.267434
    0.292365
    0.314481
    0.333569
    0.349445
    0.361957
    0.370984
    0.376438
    0.378267
    0.376453
    0.371012
    0.361999
    0.349499
    0.333632
    0.314551
    0.292439
    0.267511
    0.240004
    0.210186
    0.178341
    0.144779
    0.109821
   0.0738058
   0.0370806
   -0.244102
   -0.485851
   -0.722921
   -0.953026
    -1.17395
    -1.38357
    -1.57987
    -1.76095
    -1.92507
    -2.07065
    -2.19628
    -2.30077
    -2.38309
    -2.44247
    -2.47832
    -2.49031
    -2.47831
    -2.44245
    -2.38306
    -2.30073
    -2.19623
    -2.07059
    -1.92501
    -1.76089
    -1.57981
    -1.38352
     -1.1739
    -0.95298
   -0.722883
   -0.485825
   -0.244088
   0.0355859
   0.0708297
    0.105392
    0.138941
    0.171152
    0.201715
    0.230337
    0.256741
    0.280673
    0.301903
    0.320226
    0.335466
    0.347476
     0.35614
    0.361374
    0.363128
    0.361384
    0.356159
    0.347504
    0.335501
    0.320266
    0.301946
    0.280718
    0.256786
    0.230381
    0.201757
    0.171189
    0.138972
    0.105416
   0.0708458
   0.0355939
   -0.231867
   -0.461499
   -0.686685
   -0.905258
    -1.11511
    -1.31423
    -1.50068
    -1.67269
    -1.82858
    -1.96687
    -2.08621
    -2.18546
    -2.26367
    -2.32007
    -2.35413
    -2.36551
    -2.35412
    -2.32005
    -2.26364
    -2.18543
    -2.08618
    -1.96683
    -1.82854
    -1.67265
    -1.50065
    -1.31419
    -1.11508
   -0.905228
   -0.686661
   -0.461482
   -0.231858
    0.034137
   0.0679444
    0.101097
    0.133275
     0.16417
    0.193485
    0.220936
     0.24626
    0.269213
    0.289574
    0.307146
     0.32176
    0.333276
    0.341583
    0.346599
    0.348278
    0.346602
    0.341589
    0.333285
    0.321771
    0.307158
    0.289586
    0.269225
    0.246272
    0.220947
    0.193494
    0.164178
    0.133281
      0.1011
   0.0679451
   0.0341367
   -0.219934
   -0.437749
   -0.651349
   -0.858676
    -1.05773
     -1.2466
    -1.42347
    -1.58662
     -1.7345
    -1.86567
    -1.97887
    -2.07302
     -2.1472
     -2.2007
    -2.23301
    -2.24381
    -2.23301
     -2.2007
    -2.14719
      -2.073
    -1.97885
    -1.86565
    -1.73447
     -1.5866
    -1.42344
    -1.24658
    -1.05771
   -0.858658
   -0.651336
   -0.437741
    -0.21993
   0.0327185
   0.0651194
   0.0968905
    0.127727
    0.157333
    0.185423
    0.211727
    0.235993
    0.257985
    0.277493
    0.294328
    0.308329
    0.319359
    0.327314
    0.332117
    0.333721
    0.332112
    0.327305
    0.319346
    0.308311
    0.294308
    0.277469
     0.25796
    0.235966
      0.2117
    0.185396
    0.157307
    0.127703
   0.0968696
   0.0651028
    0.032709
   -0.208306
   -0.414606
   -0.616914
   -0.813282
    -1.00182
     -1.1807
    -1.34822
    -1.50276
    -1.64282
    -1.76706
    -1.87428
    -1.96345
    -2.03371
    -2.08438
    -2.11498
    -2.12522
    -2.11498
    -2.08438
     -2.0337
    -1.96344
    -1.87426
    -1.76704
     -1.6428
    -1.50274
    -1.34821
     -1.1807
    -1.00181
   -0.813277
   -0.616911
   -0.414606
   -0.208308
   0.0313258
   0.0623468
   0.0927636
    0.122285
    0.150627
    0.177516
    0.202696
    0.225922
    0.246973
    0.265645
    0.281758
    0.295158
    0.305715
    0.313328
    0.317923
    0.319457
    0.317915
    0.313313
    0.305693
     0.29513
    0.281725
    0.265607
    0.246932
    0.225879
    0.202651
    0.177472
    0.150584
    0.122245
   0.0927298
   0.0623208
   0.0313112
   -0.196983
    -0.39207
   -0.583382
   -0.769077
   -0.947367
    -1.11653
    -1.27495
    -1.42108
    -1.55353
    -1.67102
    -1.77242
    -1.85675
    -1.92319
    -1.97111
    -2.00005
    -2.00973
    -2.00005
    -1.97111
    -1.92319
    -1.85674
    -1.77242
    -1.67102
    -1.55353
    -1.42108
    -1.27495
    -1.11653
   -0.947371
   -0.769084
   -0.583391
   -0.392079
    -0.19699
   0.0299605
   0.0596288
   0.0887183
    0.116951
    0.144054
    0.169767
    0.193844
    0.216053
    0.236181
    0.254034
    0.269441
    0.282253
    0.292348
    0.299627
    0.304021
    0.305487
    0.304013
    0.299611
    0.292325
    0.282225
    0.269407
    0.253995
    0.236138
    0.216007
    0.193796
    0.169718
    0.144005
    0.116906
   0.0886796
    0.059599
   0.0299438
   -0.185964
   -0.370139
   -0.550751
   -0.726061
    -0.89438
    -1.05409
    -1.20364
    -1.34161
    -1.46665
    -1.57757
     -1.6733
    -1.75291
    -1.81564
    -1.86089
    -1.88821
    -1.89735
    -1.88822
     -1.8609
    -1.81565
    -1.75292
    -1.67331
    -1.57759
    -1.46667
    -1.34162
    -1.20366
    -1.05411
   -0.894406
   -0.726088
   -0.550778
   -0.370162
   -0.185979
    0.028619
   0.0569591
   0.0847466
    0.111715
    0.137605
    0.162168
    0.185168
    0.206383
     0.22561
    0.242664
    0.257382
    0.269621
    0.279264
    0.286218
    0.290417
     0.29182
    0.290413
     0.28621
    0.279251
    0.269604
    0.257361
     0.24264
    0.225582
    0.206352
    0.185135
    0.162134
    0.137571
    0.111682
   0.0847178
   0.0569366
   0.0286063
    -0.17525
   -0.348815
   -0.519023
   -0.684234
   -0.842858
   -0.993365
    -1.13431
    -1.26433
    -1.38217
    -1.48671
    -1.57692
    -1.65195
    -1.71107
    -1.75371
    -1.77946
    -1.78808
    -1.77947
    -1.75373
    -1.71109
    -1.65198
    -1.57696
    -1.48675
    -1.38222
    -1.26438
    -1.13437
   -0.993428
    -0.84292
   -0.684294
   -0.519076
   -0.348857
   -0.175276
   0.0273041
   0.0543427
   0.0808546
    0.106586
    0.131288
    0.154725
    0.176671
    0.196915
    0.215261
    0.231535
     0.24558
    0.257261
    0.266464
    0.273103
    0.277112
    0.278453
    0.277114
    0.273106
    0.266469
    0.257265
    0.245584
    0.231539
    0.215263
    0.196914
    0.176667
    0.154719
     0.13128
    0.106576
   0.0808447
   0.0543338
   0.0272988
   -0.164841
   -0.328097
   -0.488196
   -0.643596
     -0.7928
   -0.934372
    -1.06695
    -1.18925
     -1.3001
    -1.39842
    -1.48329
    -1.55387
    -1.60948
    -1.64959
    -1.67382
    -1.68192
    -1.67383
    -1.64962
    -1.60952
    -1.55392
    -1.48336
    -1.39851
    -1.30019
    -1.18935
    -1.06706
   -0.934482
   -0.792907
   -0.643694
    -0.48828
    -0.32816
   -0.164877
   0.0260171
   0.0517822
   0.0770463
    0.101567
    0.125109
    0.147446
    0.168362
    0.187657
    0.205145
    0.220657
    0.234046
    0.245181
    0.253956
    0.260286
    0.264111
    0.265392
    0.264118
    0.260301
    0.253977
    0.245208
    0.234076
     0.22069
    0.205179
     0.18769
    0.168394
    0.147474
    0.125134
    0.101587
   0.0770607
    0.051791
   0.0260213
   -0.154735
   -0.307984
   -0.458271
   -0.604147
   -0.744207
   -0.877102
    -1.00155
    -1.11636
    -1.22042
    -1.31273
    -1.39239
    -1.45865
    -1.51086
    -1.54852
    -1.57127
    -1.57889
     -1.5713
    -1.54858
    -1.51094
    -1.45876
    -1.39252
    -1.31287
    -1.22058
    -1.11653
    -1.00172
   -0.877268
   -0.744363
   -0.604286
   -0.458388
   -0.308071
   -0.154784
   0.0247587
   0.0492789
   0.0733233
    0.096662
     0.11907
    0.140332
    0.160243
    0.178611
    0.195261
    0.210031
    0.222779
    0.233383
     0.24174
    0.247769
    0.251413
    0.252636
    0.251427
    0.247796
    0.241778
    0.233432
    0.222837
    0.210096
    0.195331
    0.178683
    0.160314
    0.140399
    0.119132
    0.096715
   0.0733655
   0.0493079
   0.0247739
   -0.144935
   -0.288478
   -0.429247
   -0.565887
    -0.69708
   -0.821562
   -0.938135
    -1.04568
    -1.14315
    -1.22962
    -1.30425
    -1.36631
    -1.41523
    -1.45051
    -1.47183
    -1.47896
    -1.47186
    -1.45059
    -1.41534
    -1.36646
    -1.30442
    -1.22981
    -1.14336
     -1.0459
   -0.938358
   -0.821778
   -0.697281
   -0.566065
   -0.429396
   -0.288587
   -0.144994
   0.0235303
   0.0468355
   0.0696904
   0.0918757
    0.113178
    0.133391
    0.152321
    0.169786
    0.185617
    0.199661
    0.211784
    0.221869
    0.229817
    0.235553
    0.239021
    0.240187
     0.23904
    0.235591
    0.229873
     0.22194
    0.211869
    0.199757
     0.18572
    0.169893
    0.152429
    0.133495
    0.113274
     0.09196
   0.0697589
   0.0468843
   0.0235564
   -0.135439
   -0.269578
   -0.401125
   -0.528815
   -0.651416
   -0.767748
    -0.87669
   -0.977193
    -1.06829
     -1.1491
    -1.21884
    -1.27686
    -1.32257
    -1.35555
    -1.37548
    -1.38215
    -1.37552
    -1.35564
    -1.32271
    -1.27703
    -1.21905
    -1.14934
    -1.06855
   -0.977461
    -0.87696
   -0.768009
   -0.651659
    -0.52903
   -0.401303
   -0.269706
   -0.135508
   0.0223324
   0.0444528
   0.0661479
   0.0872086
    0.107432
    0.126623
    0.144597
     0.16118
    0.176212
    0.189549
    0.201062
     0.21064
     0.21819
     0.22364
    0.226935
    0.228046
     0.22696
    0.223688
    0.218262
    0.210732
    0.201172
    0.189674
    0.176347
     0.16132
    0.144738
    0.126761
    0.107561
   0.0873225
   0.0662415
   0.0445206
    0.022369
   -0.126248
   -0.251285
   -0.373908
   -0.492935
    -0.60722
   -0.715663
   -0.817218
   -0.910907
   -0.995828
    -1.07116
    -1.13618
    -1.19026
    -1.23289
    -1.26363
    -1.28221
    -1.28844
    -1.28226
    -1.26374
    -1.23304
    -1.19046
    -1.13642
    -1.07143
   -0.996116
   -0.911208
   -0.817521
   -0.715956
   -0.607493
   -0.493176
   -0.374105
   -0.251428
   -0.126324
   0.0211673
   0.0421347
   0.0627001
   0.0826651
    0.101837
    0.120032
    0.137073
    0.152796
    0.167051
    0.179698
    0.190616
    0.199699
    0.206861
     0.21203
    0.215158
    0.216214
    0.215187
    0.212088
    0.206945
    0.199808
    0.190746
    0.179845
    0.167211
    0.152964
    0.137243
    0.120197
    0.101993
   0.0828032
    0.062814
   0.0422175
    0.021212
   -0.117361
   -0.233598
   -0.347591
   -0.458244
    -0.56449
   -0.665306
   -0.759719
    -0.84682
   -0.925771
   -0.995809
    -1.05626
    -1.10654
    -1.14617
    -1.17475
    -1.19203
    -1.19783
    -1.19209
    -1.17486
    -1.14633
    -1.10675
    -1.05651
   -0.996088
   -0.926073
   -0.847137
   -0.760038
   -0.665615
   -0.564779
     -0.4585
   -0.347801
   -0.233749
   -0.117442
   0.0200339
   0.0398796
   0.0593457
   0.0782443
   0.0963933
    0.113617
    0.129751
    0.144637
    0.158133
    0.170108
    0.180446
    0.189048
     0.19583
    0.200727
    0.203691
    0.204693
    0.203724
    0.200792
    0.195925
     0.18917
    0.180592
    0.170273
    0.158312
    0.144826
    0.129942
    0.113805
   0.0965699
   0.0784019
   0.0594761
   0.0399746
   0.0200852
   -0.108778
   -0.216516
   -0.322177
   -0.424742
   -0.523224
   -0.616672
   -0.704188
   -0.784926
   -0.858109
   -0.923031
   -0.979066
    -1.02567
    -1.06241
    -1.08891
    -1.10492
     -1.1103
    -1.10498
    -1.08902
    -1.06257
    -1.02588
   -0.979311
   -0.923308
   -0.858409
    -0.78524
   -0.704505
   -0.616982
   -0.523514
   -0.424999
   -0.322388
   -0.216669
    -0.10886
   0.0189328
   0.0376881
   0.0560853
   0.0739468
   0.0911002
     0.10738
    0.122629
    0.136701
    0.149458
    0.160778
    0.170552
    0.178684
    0.185097
    0.189728
    0.192533
    0.193483
     0.19257
    0.189801
    0.185204
    0.178822
    0.170717
    0.160965
    0.149662
    0.136915
    0.122847
    0.107593
   0.0913002
   0.0741247
   0.0562319
   0.0377943
   0.0189896
   -0.100501
   -0.200043
   -0.297666
    -0.39243
   -0.483422
   -0.569764
   -0.650624
   -0.725223
   -0.792842
   -0.852827
   -0.904603
   -0.947668
   -0.981607
    -1.00609
    -1.02089
    -1.02586
    -1.02094
    -1.00619
   -0.981753
   -0.947855
   -0.904827
   -0.853082
   -0.793118
   -0.725514
   -0.650919
   -0.570052
   -0.483693
   -0.392671
   -0.297865
   -0.200188
    -0.10058
   0.0178634
   0.0355597
   0.0529185
   0.0697722
   0.0859582
     0.10132
     0.11571
    0.128989
    0.141028
    0.151711
    0.160936
    0.168612
    0.174666
    0.179038
    0.181688
    0.182587
    0.181729
     0.17912
    0.174786
    0.168767
    0.161122
    0.151923
    0.141258
    0.129231
    0.115955
     0.10156
   0.0861823
   0.0699707
   0.0530811
   0.0356768
   0.0179255
  -0.0925282
   -0.184174
   -0.274054
   -0.361302
   -0.445078
   -0.524572
    -0.59902
   -0.667703
   -0.729959
   -0.785188
   -0.832857
   -0.872506
   -0.903754
   -0.926298
   -0.939921
   -0.944492
   -0.939965
   -0.926385
   -0.903881
   -0.872671
   -0.833054
   -0.785413
   -0.730205
   -0.667962
   -0.599284
   -0.524832
   -0.445323
   -0.361522
   -0.274236
   -0.184307
  -0.0926008
   0.0168244
   0.0334921
   0.0498422
   0.0657172
   0.0809637
   0.0954347
     0.10899
      0.1215
    0.132843
    0.142909
    0.151602
    0.158836
    0.164543
    0.168666
    0.171166
    0.172018
    0.171214
    0.168761
    0.164682
    0.159015
    0.151816
    0.143152
    0.133106
    0.121775
    0.109268
   0.0957037
   0.0812137
   0.0659373
   0.0500215
   0.0336205
   0.0168924
  -0.0848601
    -0.16891
   -0.251342
   -0.331359
   -0.408191
   -0.481097
   -0.549373
   -0.612363
   -0.669458
   -0.720107
   -0.763823
   -0.800184
   -0.828839
   -0.849513
   -0.862004
   -0.866194
   -0.862041
   -0.849585
   -0.828946
   -0.800323
    -0.76399
   -0.720298
   -0.669667
   -0.612585
   -0.549601
   -0.481322
   -0.408404
   -0.331551
   -0.251502
   -0.169028
  -0.0849238
   0.0158168
   0.0314867
   0.0468586
   0.0617842
   0.0761197
   0.0897266
    0.102474
    0.114238
    0.124906
    0.134375
    0.142552
    0.149359
     0.15473
    0.158613
    0.160969
    0.161776
    0.161025
    0.158723
    0.154891
    0.149566
    0.142798
    0.134652
    0.125206
     0.11455
    0.102786
   0.0900272
    0.076397
   0.0620268
    0.047055
   0.0316266
   0.0158906
  -0.0774932
   -0.154247
   -0.229521
   -0.302591
   -0.372752
   -0.439327
   -0.501674
   -0.559193
   -0.611329
   -0.657578
   -0.697496
   -0.730697
   -0.756862
   -0.775738
   -0.787143
   -0.790967
   -0.787174
   -0.775799
   -0.756952
   -0.730814
   -0.697636
   -0.657739
   -0.611505
   -0.559381
   -0.501867
   -0.439517
   -0.372933
   -0.302755
   -0.229658
   -0.154347
  -0.0775475
   0.0148408
   0.0295448
   0.0439703
   0.0579778
   0.0714324
   0.0842042
     0.09617
    0.107214
     0.11723
    0.126121
      0.1338
    0.140193
    0.145239
    0.148888
    0.151104
    0.151865
    0.151164
    0.149005
     0.14541
    0.140413
    0.134061
    0.126415
    0.117547
    0.107544
   0.0965002
   0.0845227
   0.0717265
   0.0582352
    0.044179
   0.0296939
   0.0149196
   -0.070428
   -0.140183
   -0.208593
   -0.274998
   -0.338759
    -0.39926
   -0.455918
   -0.508188
   -0.555566
   -0.597594
   -0.633868
   -0.664039
   -0.687816
   -0.704969
   -0.715333
   -0.718809
   -0.715361
   -0.705024
   -0.687896
   -0.664142
   -0.633991
   -0.597732
   -0.555716
   -0.508345
   -0.456078
   -0.399416
   -0.338906
    -0.27513
   -0.208702
   -0.140263
  -0.0704714
   0.0138977
   0.0276684
   0.0411796
   0.0543003
   0.0669041
   0.0788692
   0.0900803
    0.100429
    0.109815
    0.118147
    0.125345
    0.131339
    0.136069
    0.139491
     0.14157
    0.142286
     0.14163
    0.139609
    0.136242
     0.13156
    0.125609
    0.118444
    0.110136
    0.100763
   0.0904156
   0.0791934
   0.0672044
    0.054564
   0.0413942
   0.0278223
   0.0139794
  -0.0636628
   -0.126716
   -0.188553
   -0.248577
    -0.30621
   -0.360895
   -0.412107
   -0.459352
   -0.502174
   -0.540161
   -0.572947
   -0.600216
   -0.621705
   -0.637208
   -0.646575
   -0.649716
   -0.646599
   -0.637254
   -0.621772
     -0.6003
   -0.573046
   -0.540272
   -0.502293
   -0.459476
   -0.412232
   -0.361017
   -0.306324
   -0.248679
   -0.188637
   -0.126778
  -0.0636958
   0.0129919
    0.025865
    0.038496
   0.0507621
   0.0625454
    0.073732
   0.0842137
   0.0938892
    0.102665
    0.110455
    0.117185
    0.122789
    0.127212
    0.130412
    0.132356
    0.133026
    0.132413
    0.130524
    0.127376
       0.123
    0.117436
    0.110738
     0.10297
   0.0942071
   0.0845328
   0.0740405
   0.0628313
   0.0510134
   0.0387006
    0.026012
     0.01307
  -0.0571964
   -0.113845
   -0.169399
   -0.223325
   -0.275102
   -0.324231
   -0.370239
   -0.412682
   -0.451152
   -0.485278
    -0.51473
   -0.539226
   -0.558529
   -0.572454
   -0.580866
   -0.583685
   -0.580882
   -0.572484
   -0.558573
   -0.539283
   -0.514798
   -0.485355
   -0.451237
   -0.412772
    -0.37033
   -0.324321
   -0.275187
   -0.223401
   -0.169463
   -0.113891
  -0.0572211
   0.0121214
   0.0241318
    0.035916
   0.0473598
   0.0583529
   0.0687889
    0.078567
   0.0875926
    0.095778
    0.103044
     0.10932
    0.114546
    0.118671
    0.121653
    0.123466
    0.124089
    0.123516
    0.121753
    0.118817
    0.114734
    0.109544
    0.103297
   0.0960509
   0.0878763
   0.0788515
   0.0690639
   0.0586077
   0.0475838
   0.0360988
   0.0242633
   0.0121916
  -0.0510305
   -0.101571
   -0.151135
   -0.199245
   -0.245438
   -0.289267
   -0.330312
   -0.368177
   -0.402496
   -0.432939
   -0.459213
   -0.481064
   -0.498283
   -0.510703
   -0.518205
   -0.520717
   -0.518214
   -0.510721
   -0.498309
   -0.481098
   -0.459255
   -0.432988
   -0.402551
   -0.368236
   -0.330374
    -0.28933
   -0.245497
   -0.199299
   -0.151179
   -0.101603
  -0.0510473
    0.011284
   0.0224634
   0.0334311
   0.0440812
   0.0543113
   0.0640226
   0.0731215
   0.0815199
   0.0891367
   0.0958981
    0.101738
    0.106601
    0.110439
    0.113213
    0.114898
    0.115476
    0.114942
    0.113299
    0.110565
    0.106764
    0.101933
   0.0961178
   0.0893745
   0.0817673
   0.0733694
   0.0642618
   0.0545324
   0.0442749
   0.0335884
    0.022576
    0.011344
  -0.0451664
   -0.089898
   -0.133763
   -0.176341
    -0.21722
   -0.256006
   -0.292328
   -0.325834
   -0.356203
   -0.383141
    -0.40639
   -0.425726
   -0.440963
   -0.451953
   -0.458592
   -0.460814
   -0.458598
   -0.451966
   -0.440981
    -0.42575
   -0.406418
   -0.383172
   -0.356237
    -0.32587
   -0.292365
   -0.256043
   -0.217254
   -0.176371
   -0.133788
  -0.0899152
   -0.045175
   0.0104787
   0.0208587
   0.0310405
   0.0409265
   0.0504217
   0.0594351
   0.0678797
   0.0756743
   0.0827435
   0.0890191
     0.09444
   0.0989531
    0.102514
    0.105089
    0.106651
    0.107185
    0.106687
     0.10516
    0.102619
   0.0990885
   0.0946022
   0.0892033
   0.0829434
   0.0758824
   0.0680881
   0.0596356
   0.0506061
   0.0410868
   0.0311696
   0.0209503
   0.0105274
  -0.0396008
  -0.0788191
   -0.117277
   -0.154604
   -0.190441
   -0.224444
   -0.256285
   -0.285657
   -0.312279
   -0.335894
   -0.356274
   -0.373224
   -0.386581
   -0.396216
   -0.402035
   -0.403983
    -0.40204
   -0.396226
   -0.386595
   -0.373241
   -0.356293
   -0.335914
     -0.3123
   -0.285679
   -0.256306
   -0.224464
    -0.19046
    -0.15462
   -0.117289
  -0.0788269
  -0.0396039
  0.00970214
   0.0193134
   0.0287414
   0.0378952
   0.0466867
   0.0550312
   0.0628484
   0.0700631
   0.0766054
   0.0824123
   0.0874276
   0.0916023
   0.0948959
    0.097276
   0.0987192
   0.0992116
   0.0987479
   0.0973325
   0.0949786
   0.0917088
   0.0875542
   0.0825551
   0.0767592
   0.0702222
   0.0630071
   0.0551835
    0.046827
    0.038018
   0.0288417
   0.0193859
  0.00974166
  -0.0343304
  -0.0683291
   -0.101668
   -0.134028
   -0.165097
   -0.194576
   -0.222181
   -0.247646
   -0.270727
     -0.2912
    -0.30887
   -0.323565
   -0.335144
   -0.343497
   -0.348541
   -0.350229
   -0.348545
   -0.343504
   -0.335155
   -0.323578
   -0.308886
   -0.291218
   -0.270746
   -0.247666
     -0.2222
   -0.194595
   -0.165115
   -0.134044
   -0.101681
  -0.0683371
  -0.0343341
  0.00895661
     0.01783
   0.0265352
   0.0349869
   0.0431037
   0.0508071
   0.0580226
   0.0646807
   0.0707171
   0.0760737
   0.0806987
   0.0845478
   0.0875834
   0.0897763
    0.091105
   0.0915565
   0.0911262
   0.0898178
   0.0876434
   0.0846238
   0.0807878
   0.0761724
   0.0708216
   0.0647874
   0.0581278
   0.0509079
   0.0431973
   0.0350704
   0.0266056
   0.0178832
  0.00898684
  -0.0293619
  -0.0584402
  -0.0869545
   -0.114632
   -0.141205
   -0.166419
   -0.190031
   -0.211813
   -0.231556
   -0.249068
   -0.264182
   -0.276752
   -0.286657
   -0.293801
   -0.298115
    -0.29956
   -0.298119
   -0.293808
   -0.286667
   -0.276766
   -0.264199
   -0.249088
   -0.231577
   -0.211836
   -0.190055
   -0.166443
   -0.141228
   -0.114651
  -0.0869703
  -0.0584509
  -0.0293676
  0.00824456
   0.0164114
   0.0244224
   0.0321994
   0.0396675
   0.0467547
   0.0533925
    0.059517
    0.065069
    0.069995
   0.0742476
   0.0777858
   0.0805753
   0.0825893
    0.083808
   0.0842198
   0.0838204
   0.0826136
   0.0806109
   0.0778315
    0.074302
   0.0700563
    0.065135
   0.0595853
   0.0534607
   0.0468206
   0.0397293
   0.0322549
   0.0244695
   0.0164472
  0.00826499
  -0.0246956
  -0.0491532
  -0.0731369
  -0.0964167
   -0.118768
   -0.139977
   -0.159837
   -0.178159
   -0.194766
   -0.209498
   -0.222212
   -0.232787
    -0.24112
   -0.247131
   -0.250761
   -0.251977
   -0.250766
    -0.24714
   -0.241134
   -0.232806
   -0.222235
   -0.209524
   -0.194795
   -0.178191
    -0.15987
   -0.140009
     -0.1188
  -0.0964451
  -0.0731605
  -0.0491701
  -0.0247047
  0.00756298
   0.0150535
   0.0223994
   0.0295301
    0.036377
    0.042874
   0.0489586
   0.0545723
   0.0596611
   0.0641757
   0.0680725
    0.071314
   0.0738687
    0.075712
   0.0768261
   0.0772002
   0.0768307
   0.0757216
   0.0738835
   0.0713345
   0.0680992
   0.0642082
   0.0596989
   0.0546138
   0.0490016
   0.0429167
   0.0364175
   0.0295667
   0.0224302
   0.0150763
  0.00757583
  -0.0203311
  -0.0404668
  -0.0602131
  -0.0793801
  -0.0977831
   -0.115245
   -0.131598
   -0.146683
   -0.160357
   -0.172487
   -0.182957
   -0.191665
   -0.198528
   -0.203479
    -0.20647
   -0.207473
   -0.206477
   -0.203493
   -0.198549
   -0.191692
   -0.182989
   -0.172524
   -0.160397
   -0.146726
   -0.131642
    -0.11529
  -0.0978263
  -0.0794193
  -0.0602459
  -0.0404908
   -0.020344
  0.00690837
   0.0137506
   0.0204609
   0.0269743
   0.0332282
    0.039162
   0.0447187
   0.0498448
   0.0544909
   0.0586125
   0.0621696
   0.0651283
   0.0674598
   0.0691419
   0.0701586
   0.0704999
   0.0701626
   0.0691501
   0.0674721
   0.0651447
   0.0621906
   0.0586375
   0.0545195
   0.0498758
   0.0447507
   0.0391938
   0.0332586
   0.0270021
   0.0204845
   0.0137684
  0.00691846
  -0.0162687
  -0.0323816
  -0.0481835
  -0.0635224
  -0.0782506
  -0.0922259
   -0.105314
   -0.117387
   -0.128331
   -0.138039
   -0.146418
   -0.153388
    -0.15888
   -0.162843
   -0.165237
    -0.16604
   -0.165245
   -0.162859
   -0.158905
    -0.15342
   -0.146458
   -0.138085
   -0.128382
   -0.117442
   -0.105371
  -0.0922832
  -0.0783056
  -0.0635722
  -0.0482249
  -0.0324115
  -0.0162845
  0.00628239
   0.0125051
   0.0186083
   0.0245326
   0.0302208
   0.0356177
   0.0406713
    0.045333
   0.0495579
   0.0533055
   0.0565399
   0.0592301
   0.0613504
   0.0628807
   0.0638065
   0.0641185
   0.0638138
    0.062895
   0.0613709
   0.0592557
   0.0565699
   0.0533386
   0.0495929
   0.0453688
   0.0407068
    0.035652
    0.030253
   0.0245617
    0.018633
   0.0125238
  0.00629286
  -0.0125079
  -0.0248966
  -0.0370468
  -0.0488414
   -0.060167
  -0.0709139
  -0.0809786
  -0.0902636
  -0.0986794
   -0.106145
   -0.112589
   -0.117948
   -0.122172
    -0.12522
   -0.127061
    -0.12768
    -0.12707
   -0.125237
   -0.122199
   -0.117984
   -0.112633
   -0.106197
  -0.0987371
  -0.0903257
   -0.081043
  -0.0709784
  -0.0602285
  -0.0488968
  -0.0370924
  -0.0249293
   -0.012525
  0.00568647
   0.0113194
   0.0168446
   0.0222082
   0.0273583
   0.0322451
   0.0368215
   0.0410437
   0.0448712
   0.0482669
   0.0511982
   0.0536369
   0.0555594
   0.0569474
   0.0577876
   0.0580716
   0.0577968
   0.0569656
   0.0555859
   0.0536707
   0.0512384
   0.0483118
    0.044919
   0.0410927
   0.0368696
   0.0322906
   0.0273998
   0.0222445
   0.0168745
   0.0113415
  0.00569868
 -0.00905081
  -0.0180149
  -0.0268057
  -0.0353391
  -0.0435328
  -0.0513078
  -0.0585893
  -0.0653069
  -0.0713958
  -0.0767978
  -0.0814607
  -0.0853398
  -0.0883975
  -0.0906044
   -0.091939
  -0.0923885
  -0.0919488
   -0.090624
  -0.0884269
  -0.0853784
  -0.0815078
   -0.076852
  -0.0714555
  -0.0653699
  -0.0586534
  -0.0513705
  -0.0435909
  -0.0353897
  -0.0268458
  -0.0180424
 -0.00906438
  0.00512094
   0.0101944
   0.0151714
   0.0200034
   0.0246439
   0.0290478
   0.0331728
   0.0369798
   0.0404324
   0.0434964
   0.0461424
   0.0483443
   0.0500808
    0.051335
   0.0520945
   0.0523523
   0.0521055
   0.0513567
   0.0501131
   0.0483865
   0.0461934
   0.0435548
   0.0404956
   0.0370455
   0.0332374
   0.0291085
   0.0246986
   0.0200506
   0.0152095
   0.0102219
  0.00513602
 -0.00589453
   -0.011732
  -0.0174558
  -0.0230117
  -0.0283461
  -0.0334078
  -0.0381479
   -0.042521
   -0.046485
  -0.0500018
  -0.0530378
  -0.0555637
  -0.0575551
  -0.0589925
  -0.0598618
  -0.0601549
  -0.0598688
  -0.0590063
  -0.0575757
  -0.0555908
  -0.0530707
  -0.0500395
  -0.0465263
  -0.0425643
  -0.0381913
  -0.0334494
  -0.0283836
  -0.0230433
  -0.0174795
   -0.011747
   -0.005901
  0.00458931
  0.00913668
   0.0135986
    0.017931
   0.0220924
   0.0260421
   0.0297423
   0.0331574
   0.0362546
   0.0390035
   0.0413775
   0.0433532
   0.0449113
   0.0460365
   0.0467177
   0.0469485
   0.0467265
   0.0460539
   0.0449372
   0.0433872
   0.0414189
   0.0390512
    0.036307
   0.0332125
   0.0297976
   0.0260955
   0.0221417
   0.0179747
   0.0136347
  0.00916355
  0.00460426
 -0.00303732
 -0.00604512
 -0.00899404
  -0.0118563
  -0.0146042
  -0.0172113
  -0.0196526
  -0.0219047
  -0.0239458
  -0.0257563
   -0.027319
  -0.0286186
  -0.0296429
  -0.0303816
  -0.0308278
  -0.0309772
  -0.0308283
  -0.0303823
  -0.0296435
  -0.0286192
  -0.0273192
  -0.0257562
  -0.0239452
  -0.0219035
  -0.0196506
  -0.0172085
  -0.0146004
  -0.0118519
  -0.0089894
 -0.00604087
 -0.00303462
  0.00409083
  0.00814484
   0.0121235
    0.015987
   0.0196983
    0.023221
   0.0265213
   0.0295671
   0.0323289
   0.0347799
   0.0368962
   0.0386571
   0.0400452
    0.041047
   0.0416526
   0.0418563
   0.0416559
   0.0410537
   0.0400553
   0.0386708
   0.0369135
   0.0348007
    0.032353
   0.0295939
   0.0265501
   0.0232508
   0.0197279
   0.0160152
   0.0121486
   0.0081649
  0.00410255
-0.000480628
-0.000956195
  -0.0014216
 -0.00187275
 -0.00230506
 -0.00271461
 -0.00309742
 -0.00344987
 -0.00376858
 -0.00405049
 -0.00429291
 -0.00449359
 -0.00465068
 -0.00476279
 -0.00482894
 -0.00484857
 -0.00482155
 -0.00474783
 -0.00462803
  -0.0044637
 -0.00425634
 -0.00400848
 -0.00372251
 -0.00340133
 -0.00304786
 -0.00266606
 -0.00225947
 -0.00183236
 -0.00138879
-0.000932877
-0.000468873
  0.00362785
  0.00722171
   0.0107473
   0.0141702
   0.0174575
   0.0205773
   0.0234996
   0.0261961
   0.0286408
   0.0308097
   0.0326819
   0.0342391
   0.0354659
   0.0363506
   0.0368843
   0.0370621
   0.0368823
   0.0363469
   0.0354611
   0.0342337
   0.0326766
   0.0308051
   0.0286373
    0.026194
    0.023499
   0.0205781
   0.0174597
   0.0141736
   0.0107515
  0.00722589
  0.00363079
  0.00177483
  0.00353381
  0.00526062
  0.00693817
  0.00855056
   0.0100819
   0.0115176
   0.0128435
    0.014047
   0.0151162
   0.0160408
   0.0168116
   0.0174212
   0.0178637
   0.0181348
   0.0182316
   0.0181529
   0.0178994
   0.0174733
   0.0168783
     0.01612
   0.0152052
   0.0141424
   0.0129416
   0.0116142
   0.0101735
  0.00863355
  0.00700941
  0.00531698
  0.00357298
  0.00179451
  0.00319574
  0.00635979
  0.00946178
   0.0124722
   0.0153618
   0.0181035
   0.0206708
   0.0230391
   0.0251854
    0.027089
   0.0287312
   0.0300965
   0.0311713
   0.0319456
   0.0324117
   0.0325653
    0.032405
   0.0319329
   0.0311535
   0.0300744
   0.0287061
   0.0270616
   0.0251569
   0.0230101
    0.020642
   0.0180758
   0.0153363
   0.0124496
  0.00944353
  0.00634679
  0.00318914
  0.00373222
  0.00743056
   0.0110601
   0.0145852
   0.0179723
   0.0211882
    0.024202
   0.0269844
   0.0295086
   0.0317497
    0.033686
   0.0352987
   0.0365722
   0.0374942
    0.038056
   0.0382515
   0.0380787
   0.0375387
   0.0366366
   0.0353807
    0.033783
   0.0318584
   0.0296251
   0.0271041
   0.0243195
   0.0212991
   0.0180722
   0.0146706
   0.0111273
  0.00747713
  0.00375562
  0.00278762
  0.00554687
   0.0082509
   0.0108744
    0.013392
   0.0157801
   0.0180156
   0.0200772
   0.0219449
   0.0236011
   0.0250295
   0.0262168
   0.0271512
    0.027824
   0.0282285
   0.0283609
   0.0282199
   0.0278073
    0.027127
   0.0261858
   0.0249927
   0.0235592
   0.0218991
   0.0200287
   0.0179661
   0.0157314
   0.0133463
   0.0108337
   0.0082179
  0.00552333
  0.00277591
  0.00539167
   0.0107346
   0.0159782
   0.0210706
   0.0259631
   0.0306078
     0.03496
   0.0389773
    0.042621
   0.0458551
   0.0486484
   0.0509737
   0.0528085
   0.0541348
   0.0549399
   0.0552154
   0.0549584
    0.054171
   0.0528606
   0.0510404
   0.0487278
   0.0459451
    0.042719
   0.0390802
   0.0350636
   0.0307082
   0.0260558
   0.0211518
   0.0160434
   0.0107807
  0.00541498
  0.00240522
  0.00478542
  0.00711716
  0.00937915
   0.0115494
   0.0136077
    0.015534
   0.0173102
    0.018919
   0.0203456
    0.021576
   0.0225987
   0.0234039
   0.0239835
   0.0243319
   0.0244456
   0.0243234
   0.0239667
   0.0233788
   0.0225657
   0.0215353
   0.0202977
   0.0188649
   0.0172513
   0.0154728
   0.0135466
   0.0114917
  0.00932757
   0.0070755
  0.00475584
  0.00239084
  0.00675406
    0.013447
   0.0200152
   0.0263933
   0.0325202
   0.0383358
   0.0437841
    0.048812
   0.0533711
   0.0574166
   0.0609094
   0.0638158
   0.0661077
   0.0677627
   0.0687648
   0.0691039
   0.0687764
   0.0677854
   0.0661399
   0.0638571
    0.060959
   0.0574736
   0.0534347
   0.0488809
    0.043856
    0.038408
   0.0325891
   0.0264556
   0.0200663
   0.0134842
  0.00677287
  0.00204803
  0.00407493
  0.00606046
  0.00798658
  0.00983448
   0.0115869
   0.0132268
   0.0147386
   0.0161077
   0.0173212
   0.0183672
   0.0192361
   0.0199195
    0.020411
   0.0207058
    0.020801
   0.0206957
    0.020391
   0.0198897
    0.019197
   0.0183196
    0.017266
   0.0160468
   0.0146738
   0.0131609
   0.0115226
  0.00977507
  0.00793482
  0.00601973
  0.00404686
  0.00203492
  0.00782298
   0.0155738
   0.0231786
   0.0305618
   0.0376526
   0.0443813
   0.0506831
   0.0564966
   0.0617658
   0.0664398
   0.0704735
   0.0738282
   0.0764717
   0.0783786
   0.0795308
   0.0799169
   0.0795331
    0.078383
   0.0764774
   0.0738353
   0.0704821
   0.0664503
   0.0617787
   0.0565122
   0.0507014
    0.044402
   0.0376744
   0.0305834
   0.0231971
    0.015588
   0.0078296
  0.00171713
    0.003417
  0.00508235
  0.00669812
  0.00824834
   0.0097185
   0.0110942
   0.0123622
   0.0135101
   0.0145267
   0.0154021
   0.0161285
   0.0166988
   0.0171082
   0.0173529
   0.0174306
   0.0173406
   0.0170839
   0.0166631
   0.0160822
   0.0153471
   0.0144647
   0.0134439
   0.0122943
   0.0110275
  0.00965578
  0.00819267
  0.00665157
   0.0050474
  0.00339417
  0.00170736
  0.00859181
   0.0171033
    0.025453
   0.0335585
   0.0413416
   0.0487259
   0.0556402
   0.0620173
   0.0677958
   0.0729202
   0.0773412
   0.0810166
    0.083911
   0.0859972
   0.0872553
   0.0876732
   0.0872471
   0.0859811
   0.0838873
    0.080986
   0.0773051
   0.0728803
   0.0677541
   0.0619761
   0.0556016
    0.048692
   0.0413134
    0.033537
   0.0254371
   0.0170932
  0.00858559
  0.00141112
  0.00280819
  0.00417653
   0.0055043
  0.00677809
  0.00798637
  0.00911719
     0.01016
   0.0111045
   0.0119414
   0.0126627
   0.0132616
   0.0137325
   0.0140712
   0.0142747
   0.0143407
   0.0142691
   0.0140603
   0.0137166
   0.0132412
   0.0126387
   0.0119148
   0.0110767
   0.0101322
  0.00909081
   0.0079623
  0.00675767
  0.00548799
   0.0041654
   0.0028017
  0.00140957
  0.00906166
   0.0180371
   0.0268402
   0.0353847
   0.0435884
   0.0513711
   0.0586578
   0.0653779
   0.0714666
   0.0768652
   0.0815216
   0.0853913
   0.0884372
   0.0906307
   0.0919508
   0.0923853
   0.0919302
   0.0905903
   0.0883785
   0.0853164
   0.0814336
   0.0767679
    0.071364
   0.0652744
   0.0585574
   0.0512779
   0.0435055
   0.0353154
   0.0267858
   0.0179998
  0.00904176
   0.0011307
  0.00225018
  0.00334612
  0.00440972
  0.00543003
  0.00639837
  0.00730517
  0.00814235
  0.00890186
  0.00957607
   0.0101586
   0.0106437
    0.011027
   0.0113044
   0.0114734
   0.0115322
   0.0114803
    0.011318
   0.0110471
   0.0106699
   0.0101899
  0.00961149
  0.00894019
  0.00818247
  0.00734571
  0.00643743
  0.00546627
   0.0044413
  0.00337221
  0.00226894
   0.0011418
  0.00923436
   0.0183793
   0.0273469
   0.0360498
   0.0444044
   0.0523293
   0.0597483
   0.0665898
    0.072788
   0.0782827
    0.083021
   0.0869579
   0.0900555
   0.0922847
   0.0936245
   0.0940624
   0.0935946
    0.092226
   0.0899701
    0.086849
   0.0828929
   0.0781403
   0.0726369
    0.066436
   0.0595972
   0.0521866
   0.0442752
   0.0359394
   0.0272592
   0.0183183
  0.00920246
 0.000867606
  0.00173025
  0.00257828
  0.00340387
  0.00419856
  0.00495477
  0.00566508
  0.00632233
  0.00692013
  0.00745203
  0.00791282
   0.0082982
  0.00860451
  0.00882845
  0.00896793
  0.00902122
  0.00898788
  0.00886791
  0.00866256
  0.00837332
    0.008003
   0.0075547
   0.0070327
  0.00644179
   0.0057876
  0.00507593
  0.00431346
  0.00350725
  0.00266488
  0.00179419
 0.000903278
  0.00911274
   0.0181351
   0.0269798
   0.0355617
   0.0437978
    0.051609
     0.05892
   0.0656607
   0.0717665
   0.0771787
   0.0818453
    0.085722
   0.0887718
   0.0909658
   0.0922834
   0.0927122
   0.0922486
   0.0908974
   0.0886718
   0.0855938
   0.0816931
   0.0770076
   0.0715826
   0.0654705
   0.0587302
   0.0514267
   0.0436302
   0.0354158
   0.0268624
    0.018052
  0.00906913
 0.000629822
  0.00126122
   0.0018873
  0.00250106
  0.00309618
  0.00366578
  0.00420414
  0.00470455
  0.00516182
  0.00557036
  0.00592588
  0.00622521
  0.00646535
   0.0066437
  0.00675848
  0.00680818
  0.00679227
   0.0067105
  0.00656365
  0.00635257
  0.00607923
  0.00574583
   0.0053555
  0.00491156
  0.00441809
  0.00387942
  0.00330054
  0.00268672
  0.00204367
  0.00137731
 0.000693839
  0.00869372
   0.0172992
   0.0257332
   0.0339148
   0.0417652
   0.0492094
   0.0561759
   0.0625983
   0.0684149
   0.0735704
   0.0780154
   0.0817077
    0.084612
   0.0867009
   0.0879545
   0.0883612
   0.0879174
   0.0866278
   0.0845049
   0.0815696
   0.0778505
   0.0733837
   0.0682123
   0.0623864
   0.0559623
    0.049002
   0.0415725
   0.0337453
   0.0255954
   0.0172009
  0.00864194
 0.000429067
 0.000864021
   0.0013005
  0.00173243
  0.00215529
  0.00256337
  0.00295229
  0.00331662
   0.0036523
  0.00395488
    0.004221
  0.00444778
   0.0046328
  0.00477376
   0.0048691
  0.00491743
  0.00491811
  0.00487061
   0.0047752
  0.00463225
  0.00444292
  0.00420856
   0.0039312
  0.00361301
   0.0032567
  0.00286527
  0.00244213
  0.00199118
  0.00151646
  0.00102296
 0.000515349
  0.00797617
   0.0158701
    0.023605
   0.0311078
   0.0383059
   0.0451313
   0.0515182
   0.0574061
   0.0627385
   0.0674647
   0.0715394
    0.074924
   0.0775861
   0.0795004
   0.0806488
   0.0810206
   0.0806123
   0.0794283
   0.0774802
   0.0747872
   0.0713753
   0.0672779
   0.0625346
   0.0571914
   0.0513001
   0.0449178
    0.038106
   0.0309306
   0.0234606
   0.0157666
  0.00792215
 0.000262414
 0.000534275
 0.000813291
    0.001094
  0.00137344
  0.00164689
  0.00191119
  0.00216214
  0.00239671
  0.00261156
  0.00280411
  0.00297164
  0.00311212
  0.00322343
  0.00330413
  0.00335282
  0.00336873
  0.00335105
  0.00329956
  0.00321419
  0.00309537
  0.00294374
  0.00276035
  0.00254637
  0.00230337
  0.00203325
  0.00173812
   0.0014208
  0.00108401
 0.000732128
 0.000368697
  0.00696509
   0.0138569
   0.0206085
   0.0271566
   0.0334383
   0.0393943
   0.0449675
   0.0501053
   0.0547583
   0.0588824
   0.0624381
   0.0653914
   0.0677142
   0.0693844
    0.070386
   0.0707097
   0.0703524
    0.069318
   0.0676165
   0.0652647
   0.0622855
   0.0587081
   0.0545672
    0.049903
   0.0447608
   0.0391905
   0.0332462
   0.0269852
   0.0204684
   0.0137562
  0.00691292
 0.000132797
 0.000277138
 0.000432373
 0.000594071
 0.000760563
 0.000928116
  0.00109464
  0.00125676
  0.00141227
  0.00155844
  0.00169327
  0.00181438
  0.00192002
  0.00200829
  0.00207779
  0.00212712
   0.0021553
  0.00216133
  0.00214461
  0.00210461
   0.0020411
  0.00195406
   0.0018437
  0.00171065
  0.00155561
  0.00137979
   0.0011844
  0.00097157
 0.000743139
 0.000502767
 0.000253146
  0.00565899
   0.0112578
    0.016742
   0.0220607
   0.0271628
   0.0320004
   0.0365273
   0.0407007
   0.0444805
   0.0478308
   0.0507195
    0.053119
   0.0550063
   0.0563633
    0.057177
   0.0574397
   0.0571489
   0.0563078
   0.0549243
   0.0530125
   0.0505911
   0.0476841
     0.04432
   0.0405313
   0.0363548
    0.031831
   0.0270036
   0.0219191
   0.0166265
   0.0111749
  0.00561642
 3.88564e-05
 9.07265e-05
 0.000156216
 0.000231613
 0.000316263
 0.000407168
 0.000503057
 0.000601109
 0.000699731
 0.000796611
 0.000890127
 0.000978158
   0.0010591
  0.00113126
  0.00119319
  0.00124353
  0.00128106
  0.00130468
  0.00131341
  0.00130636
  0.00128283
  0.00124224
   0.0011842
  0.00110906
  0.00101688
 0.000908513
 0.000784542
  0.00064672
 0.000496275
 0.000336392
 0.000169167
  0.00406222
  0.00808043
   0.0120156
   0.0158319
   0.0194928
   0.0229642
   0.0262128
   0.0292081
   0.0319212
   0.0343263
   0.0364003
   0.0381234
   0.0394789
   0.0404538
   0.0410386
   0.0412278
   0.0410194
   0.0404157
   0.0394223
   0.0380495
   0.0363107
   0.0342237
   0.0318091
   0.0290898
   0.0260927
   0.0228462
   0.0193823
   0.0157335
   0.0119354
  0.00802272
  0.00403295
-3.91452e-06
 1.61789e-06
 1.77023e-05
 4.31215e-05
 7.77541e-05
 0.000120206
 0.000169662
 0.000224465
 0.000283395
  0.00034484
 0.000407421
 0.000469507
  0.00052965
 0.000586374
 0.000638301
 0.000684107
 0.000722544
 0.000752452
 0.000772755
 0.000782477
 0.000780777
 0.000766965
 0.000740528
 0.000701439
  0.00064964
 0.000585582
 0.000509704
 0.000423134
 0.000326867
 0.000222938
  0.00011292
  0.00217244
  0.00432195
  0.00642775
  0.00847052
   0.0104306
   0.0122896
   0.0140298
   0.0156346
   0.0170886
    0.018378
   0.0194902
   0.0204147
   0.0211424
   0.0216664
   0.0219816
    0.022085
   0.0219754
    0.021654
   0.0211239
   0.0203903
   0.0194603
   0.0183435
   0.0170507
   0.0155943
   0.0139886
   0.0122488
    0.010392
  0.00843583
  0.00639932
  0.00430138
  0.00216217
 5.44738e-07
 1.06949e-06
 1.55646e-06
 1.99201e-06
 2.36723e-06
 2.67784e-06
 2.92349e-06
 3.10658e-06
 3.23115e-06
  3.3019e-06
 3.32366e-06
   3.301e-06
 3.23827e-06
 3.13957e-06
 3.00896e-06
 2.85053e-06
 2.66851e-06
 2.46736e-06
 2.25173e-06
  2.0265e-06
 1.79666e-06
 1.56722e-06
 1.34305e-06
 1.12866e-06
  9.2802e-07
 7.44243e-07
 5.79324e-07
 4.33808e-07
  3.0664e-07
    1.95e-07
 9.45445e-08
-2.98841e-07
-5.97682e-07
-5.57568e-07
-5.17454e-07
-4.63858e-07
-4.10261e-07
-3.58236e-07
-3.06211e-07
-2.55877e-07
-2.05543e-07
-1.54652e-07
 -1.0376e-07
-4.99841e-08
 3.79169e-09
  6.2514e-08
 1.21236e-07
 1.95314e-07
 2.69391e-07
 3.68794e-07
 4.68197e-07
 5.53362e-07
 6.38528e-07
 6.60911e-07
 6.83295e-07
 6.62365e-07
 6.41436e-07
 5.47417e-07
 4.53399e-07
 2.24542e-07
-4.31557e-09
-2.15778e-09
