   0.0980201
     0.19509
     0.29028
     0.38268
      0.4714
    0.555571
    0.634391
    0.707111
    0.773011
    0.831471
    0.881921
    0.923881
    0.956941
    0.980791
    0.995181
           1
    0.995181
    0.980791
    0.956941
    0.923881
    0.881921
    0.831471
    0.773011
    0.707111
    0.634391
    0.555571
      0.4714
     0.38268
     0.29028
     0.19509
   0.0980199
   -0.773059
    -1.53867
    -2.28947
    -3.01822
    -3.71791
    -4.38179
    -5.00347
    -5.57697
    -6.09676
    -6.55783
    -6.95575
    -7.28668
    -7.54743
     -7.7355
    -7.84907
    -7.88705
    -7.84908
    -7.73551
    -7.54744
    -7.28669
    -6.95576
    -6.55785
    -6.09678
    -5.57699
     -5.0035
    -4.38182
    -3.71794
    -3.01825
     -2.2895
    -1.53869
   -0.773069
   0.0956223
    0.190323
    0.283192
    0.373333
     0.45988
    0.541997
    0.618894
    0.689832
    0.754125
    0.811157
    0.860376
     0.90131
    0.933563
    0.956825
    0.970873
    0.975571
    0.970873
    0.956826
    0.933563
     0.90131
    0.860377
    0.811158
    0.754127
    0.689833
    0.618896
    0.541998
    0.459881
    0.373335
    0.283193
    0.190324
   0.0956228
   -0.751464
    -1.49569
    -2.22552
    -2.93391
    -3.61405
    -4.25938
     -4.8637
    -5.42118
    -5.92644
    -6.37464
    -6.76144
    -7.08313
     -7.3366
    -7.51941
    -7.62981
    -7.66673
    -7.62981
    -7.51942
    -7.33661
    -7.08314
    -6.76145
    -6.37465
    -5.92646
     -5.4212
    -4.86372
    -4.25941
    -3.61408
    -2.93393
    -2.22554
    -1.49571
   -0.751474
   0.0932532
    0.185608
    0.276176
    0.364084
    0.448486
    0.528569
    0.603562
    0.672742
    0.735444
    0.791062
    0.839062
    0.878982
    0.910436
    0.933123
    0.946823
    0.951404
    0.946823
    0.933124
    0.910437
    0.878983
    0.839064
    0.791064
    0.735446
    0.672745
    0.603564
    0.528572
    0.448489
    0.364087
    0.276178
     0.18561
   0.0932542
   -0.730172
    -1.45331
    -2.16246
    -2.85078
    -3.51165
    -4.13869
    -4.72589
    -5.26757
    -5.75852
    -6.19402
    -6.56986
    -6.88243
    -7.12872
    -7.30635
    -7.41362
     -7.4495
    -7.41363
    -7.30636
    -7.12873
    -6.88244
    -6.56987
    -6.19403
    -5.75854
    -5.26759
    -4.72591
    -4.13872
    -3.51167
     -2.8508
    -2.16248
    -1.45333
   -0.730181
   0.0909107
    0.180946
    0.269239
    0.354939
    0.437221
    0.515292
    0.588401
    0.655844
     0.71697
    0.771192
    0.817986
    0.856903
    0.887567
    0.909684
     0.92304
    0.927506
     0.92304
    0.909685
    0.887568
    0.856904
    0.817988
    0.771193
    0.716972
    0.655846
    0.588404
    0.515295
    0.437224
    0.354942
    0.269241
    0.180948
   0.0909117
   -0.709184
    -1.41154
     -2.1003
    -2.76884
    -3.41071
    -4.01973
    -4.59004
    -5.11616
      -5.593
    -6.01597
    -6.38101
     -6.6846
     -6.9238
    -7.09633
    -7.20052
    -7.23536
    -7.20052
    -7.09634
    -6.92381
     -6.6846
    -6.38102
    -6.01598
    -5.59301
    -5.11617
    -4.59006
    -4.01975
    -3.41073
    -2.76886
    -2.10032
    -1.41155
   -0.709192
   0.0885951
    0.176337
    0.262381
    0.345898
    0.426084
    0.502167
    0.573414
    0.639139
    0.698708
    0.751549
    0.797152
    0.835077
    0.864961
    0.886514
     0.89953
    0.903882
     0.89953
    0.886515
    0.864962
    0.835079
    0.797153
    0.751551
     0.69871
    0.639141
    0.573417
     0.50217
    0.426088
    0.345901
    0.262383
    0.176339
   0.0885961
   -0.688499
    -1.37037
    -2.03904
    -2.68808
    -3.31123
    -3.90249
    -4.45616
    -4.96693
    -5.42986
     -5.8405
    -6.19489
    -6.48962
    -6.72185
    -6.88935
    -6.99049
    -7.02432
    -6.99049
    -6.88935
    -6.72185
    -6.48961
    -6.19489
     -5.8405
    -5.42986
    -4.96694
    -4.45618
     -3.9025
    -3.31124
    -2.68809
    -2.03905
    -1.37038
   -0.688505
   0.0863069
    0.171783
    0.255604
    0.336965
     0.41508
    0.489197
    0.558604
    0.622631
    0.680662
    0.732138
    0.776563
    0.813509
     0.84262
    0.863617
    0.876297
    0.880537
    0.876297
    0.863618
    0.842621
     0.81351
    0.776564
    0.732139
    0.680664
    0.622633
    0.558607
      0.4892
    0.415082
    0.336967
    0.255606
    0.171784
   0.0863076
   -0.668118
     -1.3298
    -1.97868
     -2.6085
     -3.2132
    -3.78696
    -4.32424
    -4.81989
    -5.26911
     -5.6676
     -6.0115
     -6.2975
    -6.52286
    -6.68539
    -6.78354
    -6.81636
    -6.78354
    -6.68539
    -6.52286
     -6.2975
    -6.01149
     -5.6676
    -5.26912
     -4.8199
    -4.32426
    -3.78697
    -3.21322
    -2.60851
    -1.97869
    -1.32981
   -0.668123
   0.0840464
    0.167283
     0.24891
    0.328139
    0.404208
    0.476384
    0.543972
    0.606323
    0.662834
    0.712961
    0.756223
    0.792201
     0.82055
    0.840997
    0.853344
    0.857473
    0.853345
    0.840997
    0.820551
    0.792202
    0.756223
    0.712962
    0.662835
    0.606324
    0.543974
    0.476385
    0.404209
     0.32814
    0.248911
    0.167284
   0.0840469
    -0.64804
    -1.28984
    -1.91922
    -2.53011
    -3.11664
    -3.67315
    -4.19429
    -4.67504
    -5.11076
    -5.49727
    -5.83084
    -6.10825
    -6.32682
    -6.48447
    -6.57968
    -6.61151
    -6.57967
    -6.48447
    -6.32682
    -6.10824
    -5.83083
    -5.49727
    -5.11077
    -4.67505
     -4.1943
    -3.67317
    -3.11665
    -2.53012
    -1.91923
    -1.28985
   -0.648044
   0.0818138
     0.16284
    0.242298
    0.319422
     0.39347
     0.46373
    0.529522
    0.590216
    0.645226
    0.694022
    0.736134
    0.771157
    0.798753
    0.818657
    0.830676
    0.834695
    0.830676
    0.818657
    0.798753
    0.771157
    0.736135
    0.694023
    0.645227
    0.590217
    0.529523
    0.463729
     0.39347
    0.319422
    0.242298
     0.16284
   0.0818141
   -0.628266
    -1.25048
    -1.86065
     -2.4529
    -3.02153
    -3.56107
     -4.0663
    -4.53238
     -4.9548
    -5.32951
     -5.6529
    -5.92184
    -6.13376
     -6.2866
    -6.37889
    -6.40975
    -6.37889
     -6.2866
    -6.13376
    -5.92185
     -5.6529
    -5.32952
    -4.95482
    -4.53239
    -4.06632
    -3.56108
    -3.02155
    -2.45292
    -1.86066
    -1.25049
   -0.628269
   0.0796095
    0.158452
     0.23577
    0.310816
    0.382869
    0.451235
    0.515256
    0.574314
    0.627842
    0.675323
      0.7163
    0.750379
    0.777232
    0.796598
    0.808294
    0.812204
    0.808293
    0.796597
    0.777229
    0.750376
    0.716297
     0.67532
     0.62784
    0.574313
    0.515255
    0.451234
    0.382868
    0.310815
    0.235769
    0.158452
   0.0796096
   -0.608795
    -1.21173
    -1.80299
    -2.37689
    -2.92789
     -3.4507
    -3.94028
     -4.3919
    -4.80124
    -5.16434
    -5.47769
     -5.7383
    -5.94365
    -6.09175
    -6.18119
     -6.2111
     -6.1812
    -6.09176
    -5.94366
    -5.73832
    -5.47771
    -5.16435
    -4.80126
    -4.39192
    -3.94028
     -3.4507
    -2.92789
    -2.37688
    -1.80298
    -1.21172
   -0.608792
   0.0774332
    0.154121
    0.229325
     0.30232
    0.372403
    0.438901
    0.501172
    0.558616
     0.61068
    0.656862
    0.696719
    0.729866
    0.755983
     0.77482
    0.786195
    0.789999
    0.786195
    0.774819
    0.755981
    0.729862
    0.696715
    0.656858
    0.610676
    0.558612
    0.501169
      0.4389
    0.372402
    0.302319
    0.229324
    0.154121
   0.0774335
   -0.589625
    -1.17357
    -1.74622
    -2.30204
     -2.8357
    -3.34205
    -3.81621
    -4.25362
    -4.65007
    -5.00173
    -5.30522
    -5.55762
    -5.75649
    -5.89993
    -5.98654
    -6.01551
    -5.98654
    -5.89991
    -5.75647
    -5.55759
    -5.30519
     -5.0017
    -4.65003
    -4.25359
    -3.81617
    -3.34201
    -2.83567
    -2.30202
    -1.74619
    -1.17356
   -0.589617
   0.0752852
    0.149846
    0.222963
    0.293934
    0.362073
    0.426726
     0.48727
     0.54312
     0.59374
    0.638642
    0.677393
    0.709621
    0.735015
     0.75333
     0.76439
    0.768088
    0.764389
    0.753329
    0.735014
     0.70962
    0.677392
     0.63864
    0.593739
    0.543119
    0.487269
    0.426726
    0.362074
    0.293934
    0.222964
    0.149846
   0.0752859
   -0.570758
    -1.13602
    -1.69034
    -2.22838
    -2.74495
    -3.23509
    -3.69408
    -4.11749
    -4.50124
    -4.84164
    -5.13542
    -5.37973
    -5.57224
    -5.71109
    -5.79493
    -5.82296
    -5.79492
    -5.71107
    -5.57222
    -5.37971
    -5.13538
     -4.8416
    -4.50119
    -4.11744
    -3.69403
    -3.23504
     -2.7449
    -2.22833
     -1.6903
    -1.13599
   -0.570744
    0.073166
    0.145628
    0.216687
     0.28566
    0.351882
    0.414715
    0.473554
    0.527832
    0.577028
    0.620667
    0.658328
    0.689649
    0.714328
    0.732128
    0.742877
    0.746471
    0.742877
    0.732128
    0.714329
     0.68965
     0.65833
    0.620669
    0.577031
    0.527836
    0.473558
    0.414719
    0.351886
    0.285664
     0.21669
     0.14563
   0.0731677
    -0.55219
    -1.09906
    -1.63535
    -2.15588
    -2.65565
    -3.12985
     -3.5739
    -3.98353
    -4.35479
    -4.68412
    -4.96834
    -5.20471
    -5.39095
    -5.52528
    -5.60639
    -5.63351
    -5.60638
    -5.52526
    -5.39093
    -5.20467
     -4.9683
    -4.68408
    -4.35475
    -3.98348
    -3.57384
    -3.12979
    -2.65559
    -2.15583
     -1.6353
    -1.09903
   -0.552173
   0.0710754
    0.141467
    0.210497
    0.277499
    0.341829
    0.402868
    0.460026
    0.512755
    0.560545
    0.602937
    0.639522
    0.669948
    0.693923
    0.711214
    0.721656
    0.725148
    0.721657
    0.711215
    0.693925
    0.669952
    0.639527
    0.602944
    0.560552
    0.512762
    0.460035
    0.402876
    0.341838
    0.277507
    0.210503
    0.141472
   0.0710785
   -0.533925
    -1.06271
    -1.58125
    -2.08457
    -2.56781
    -3.02632
    -3.45568
    -3.85175
    -4.21073
    -4.52917
    -4.80398
    -5.03253
    -5.21262
     -5.3425
    -5.42093
    -5.44716
    -5.42093
    -5.34248
    -5.21259
    -5.03249
    -4.80393
    -4.52911
    -4.21067
    -3.85169
     -3.4556
    -3.02624
    -2.56774
     -2.0845
     -1.5812
    -1.06267
   -0.533903
    0.069014
    0.137364
    0.204392
    0.269451
    0.331916
    0.391185
    0.446686
    0.497886
    0.544291
    0.585455
     0.62098
    0.650525
    0.673805
    0.690595
    0.700735
    0.704127
    0.700737
    0.690599
     0.67381
    0.650532
     0.62099
    0.585467
    0.544305
    0.497901
    0.446701
    0.391199
     0.33193
    0.269464
    0.204402
    0.137372
   0.0690185
   -0.515962
    -1.02695
    -1.52805
    -2.01443
    -2.48142
     -2.9245
    -3.33941
    -3.72216
    -4.06906
    -4.37678
    -4.64235
    -4.86322
    -5.03725
    -5.16276
    -5.23854
    -5.26388
    -5.23852
    -5.16272
    -5.03719
    -4.86316
    -4.64229
    -4.37671
    -4.06898
    -3.72206
    -3.33931
     -2.9244
    -2.48132
    -2.01435
    -1.52798
     -1.0269
   -0.515935
   0.0669818
    0.133319
    0.198374
    0.261518
    0.322145
    0.379669
    0.433538
    0.483231
     0.52827
    0.568222
    0.602703
    0.631379
    0.653974
    0.670271
    0.680113
    0.683406
    0.680116
    0.670277
    0.653983
     0.63139
    0.602718
    0.568241
     0.52829
    0.483251
    0.433558
     0.37969
    0.322164
    0.261536
    0.198389
     0.13333
   0.0669879
   -0.498301
     -0.9918
    -1.47574
    -1.94548
    -2.39647
    -2.82438
    -3.22509
    -3.59474
    -3.92977
    -4.22695
    -4.48342
    -4.69671
    -4.86477
    -4.98597
    -5.05916
    -5.08363
    -5.05914
    -4.98593
    -4.86471
    -4.69663
    -4.48332
    -4.22684
    -3.92964
    -3.59461
    -3.22496
    -2.82425
    -2.39635
    -1.94537
    -1.47565
   -0.991735
   -0.498266
   0.0649799
    0.129335
    0.192445
    0.253703
    0.312517
    0.368322
    0.420581
     0.46879
    0.512483
    0.551242
    0.584693
    0.612512
    0.634433
    0.650243
    0.659792
    0.662986
    0.659795
     0.65025
    0.634442
    0.612525
    0.584709
    0.551263
    0.512506
    0.468813
    0.420605
    0.368346
     0.31254
    0.253723
    0.192462
    0.129347
   0.0649868
   -0.480938
   -0.957241
    -1.42432
    -1.87769
    -2.31297
    -2.72597
    -3.11271
    -3.46948
    -3.79283
    -4.07965
    -4.32718
    -4.53303
    -4.69523
    -4.81222
    -4.88285
    -4.90647
    -4.88283
    -4.81217
    -4.69516
    -4.53294
    -4.32707
    -4.07952
    -3.79269
    -3.46933
    -3.11256
    -2.72582
    -2.31282
    -1.87756
    -1.42422
   -0.957167
   -0.480898
    0.063008
     0.12541
    0.186605
    0.246003
    0.303033
    0.357145
    0.407818
    0.454564
    0.496932
    0.534515
    0.566951
    0.593926
    0.615182
    0.630513
    0.639772
    0.642869
    0.639775
     0.63052
    0.615192
     0.59394
    0.566968
    0.534537
    0.496956
    0.454589
    0.407844
    0.357171
    0.303058
    0.246026
    0.186623
    0.125423
   0.0630153
   -0.463877
   -0.923284
     -1.3738
    -1.81108
    -2.23091
    -2.62926
    -3.00228
    -3.34639
    -3.65827
    -3.93491
    -4.17366
    -4.37221
    -4.52865
    -4.64148
    -4.70961
    -4.73239
    -4.70959
    -4.64142
    -4.52857
     -4.3721
    -4.17353
    -3.93477
     -3.6581
    -3.34621
    -3.00211
    -2.62909
    -2.23075
    -1.81093
    -1.37368
   -0.923197
   -0.463831
   0.0610657
    0.121544
    0.180853
     0.23842
    0.293692
    0.346136
    0.395247
    0.440552
    0.481614
    0.518039
    0.549475
    0.575619
    0.596219
    0.611078
    0.620052
    0.623055
    0.620058
    0.611089
    0.596234
    0.575637
    0.549498
    0.518066
    0.481643
    0.440582
    0.395278
    0.346166
     0.29372
    0.238445
    0.180873
    0.121559
   0.0610738
   -0.447117
   -0.889925
    -1.32416
    -1.74564
     -2.1503
    -2.53426
     -2.8938
    -3.22548
    -3.52608
    -3.79273
    -4.02285
    -4.21424
    -4.36503
    -4.47378
    -4.53944
    -4.56139
     -4.5394
     -4.4737
    -4.36491
    -4.21408
    -4.02268
    -3.79254
    -3.52588
    -3.22526
    -2.89359
    -2.53405
    -2.15011
    -1.74547
    -1.32402
   -0.889828
   -0.447065
   0.0591535
    0.117738
    0.175189
    0.230954
    0.284495
    0.335297
    0.382869
    0.426756
    0.466532
    0.501817
    0.532268
    0.557593
    0.577549
    0.591943
    0.600637
    0.603546
    0.600644
    0.591957
    0.577568
    0.557617
    0.532297
     0.50185
    0.466568
    0.426793
    0.382907
    0.335332
    0.284528
    0.230983
    0.175213
    0.117755
   0.0591624
   -0.430656
   -0.857162
    -1.27541
    -1.68137
    -2.07114
    -2.44095
    -2.78726
    -3.10671
    -3.39625
    -3.65308
    -3.87473
    -4.05906
     -4.2043
    -4.30904
    -4.37229
    -4.39342
    -4.37225
    -4.30896
    -4.20417
     -4.0589
    -3.87455
    -3.65288
    -3.39604
    -3.10649
    -2.78703
    -2.44073
    -2.07094
    -1.68119
    -1.27527
   -0.857059
   -0.430602
   0.0572719
    0.113993
    0.169615
    0.223605
    0.275443
    0.324628
    0.370687
    0.413177
    0.451689
    0.485851
    0.515335
    0.539855
    0.559177
    0.573114
    0.581532
    0.584349
    0.581539
    0.573128
    0.559198
    0.539883
    0.515368
    0.485889
    0.451729
    0.413219
    0.370729
    0.324668
    0.275479
    0.223637
    0.169641
     0.11401
   0.0572808
   -0.414497
   -0.824998
    -1.22755
    -1.61828
    -1.99341
    -2.34934
    -2.68265
    -2.99012
    -3.26879
    -3.51598
    -3.72931
    -3.90672
    -4.04651
    -4.14732
    -4.20819
    -4.22853
    -4.20815
    -4.14724
    -4.04639
    -3.90657
    -3.72914
    -3.51579
    -3.26858
    -2.98991
    -2.68244
    -2.34913
    -1.99321
     -1.6181
     -1.2274
   -0.824894
   -0.414442
   0.0554207
    0.110308
    0.164132
    0.216376
    0.266537
    0.314132
    0.358703
    0.399819
    0.437086
    0.470144
    0.498675
    0.522403
    0.541101
    0.554588
    0.562734
    0.565462
    0.562744
    0.554605
    0.541125
    0.522433
    0.498711
    0.470185
    0.437129
    0.399864
    0.358747
    0.314175
    0.266576
    0.216409
    0.164158
    0.110325
   0.0554293
   -0.398637
   -0.793431
    -1.18058
    -1.55635
    -1.91713
    -2.25945
       -2.58
     -2.8757
     -3.1437
    -3.38143
     -3.5866
    -3.75722
    -3.89166
    -3.98861
    -4.04716
    -4.06672
    -4.04712
    -3.98854
    -3.89155
    -3.75709
    -3.58644
    -3.38126
    -3.14352
     -2.8755
     -2.5798
    -2.25925
    -1.91695
    -1.55619
    -1.18044
   -0.793331
   -0.398584
   0.0535995
    0.106683
    0.158739
    0.209267
     0.25778
    0.303812
    0.346918
    0.386684
    0.422726
    0.454698
    0.482292
    0.505241
    0.523325
    0.536368
    0.544246
    0.546883
    0.544253
    0.536382
    0.523345
    0.505268
    0.482325
    0.454735
    0.422766
    0.386725
    0.346959
     0.30385
    0.257816
    0.209297
    0.158763
    0.106699
   0.0536079
   -0.383076
   -0.762459
    -1.13449
     -1.4956
     -1.8423
    -2.17125
    -2.47929
    -2.76345
      -3.021
    -3.24945
     -3.4466
    -3.61057
    -3.73976
    -3.83293
    -3.88919
    -3.90799
    -3.88915
    -3.83287
    -3.73967
    -3.61046
    -3.44647
     -3.2493
    -3.02084
    -2.76328
    -2.47912
    -2.17108
    -1.84214
    -1.49546
    -1.13438
   -0.762372
    -0.38303
   0.0518091
     0.10312
    0.153438
    0.202279
    0.249172
    0.293666
    0.335333
    0.373769
    0.408608
    0.439511
    0.466183
    0.488364
    0.505843
    0.518451
    0.526066
    0.528616
    0.526074
    0.518466
    0.505863
    0.488388
     0.46621
    0.439543
    0.408641
    0.373804
    0.335366
    0.293698
    0.249201
    0.202304
    0.153458
    0.103134
   0.0518165
   -0.367817
   -0.732087
     -1.0893
    -1.43602
    -1.76892
    -2.08477
    -2.38054
    -2.65339
    -2.90068
    -3.12003
    -3.30934
    -3.46677
    -3.59081
    -3.68028
     -3.7343
    -3.75235
    -3.73427
    -3.68023
    -3.59074
    -3.46667
    -3.30922
    -3.11991
    -2.90054
    -2.65325
     -2.3804
    -2.08463
    -1.76878
    -1.43591
    -1.08921
   -0.732015
   -0.367777
   0.0500508
   0.0996197
    0.148229
    0.195412
    0.240712
    0.283695
    0.323946
    0.361077
    0.394731
    0.424584
    0.450349
    0.471777
    0.488662
    0.500841
    0.508197
    0.510658
    0.508201
    0.500849
    0.488674
    0.471793
    0.450368
    0.424606
    0.394755
    0.361101
     0.32397
    0.283718
    0.240734
     0.19543
    0.148244
   0.0996305
   0.0500562
   -0.352859
   -0.702315
    -1.04501
    -1.37763
    -1.69699
          -2
    -2.28375
     -2.5455
    -2.78274
    -2.99318
    -3.17479
    -3.32583
    -3.44483
    -3.53066
    -3.58248
    -3.59981
    -3.58247
    -3.53062
    -3.44477
    -3.32575
     -3.1747
    -2.99308
    -2.78263
    -2.54539
    -2.28363
    -1.99989
    -1.69688
    -1.37754
    -1.04493
   -0.702257
   -0.352826
   0.0483232
   0.0961806
    0.143111
    0.188664
    0.232399
    0.273897
    0.312757
    0.348604
    0.381095
    0.409915
    0.434789
    0.455476
    0.471776
    0.483532
    0.490632
    0.493007
    0.490634
    0.483536
    0.471781
    0.455484
    0.434799
    0.409927
    0.381108
    0.348618
    0.312771
    0.273911
    0.232414
    0.188677
    0.143122
    0.096188
   0.0483265
   -0.338203
   -0.673147
    -1.00161
    -1.32042
    -1.62652
    -1.91695
    -2.18892
    -2.43981
    -2.66719
    -2.86889
    -3.04296
    -3.18773
     -3.3018
    -3.38406
    -3.43374
    -3.45035
    -3.43372
    -3.38403
    -3.30175
    -3.18767
    -3.04289
    -2.86881
     -2.6671
    -2.43971
    -2.18882
    -1.91685
    -1.62642
    -1.32034
    -1.00154
   -0.673098
   -0.338176
   0.0466252
   0.0928008
    0.138082
    0.182033
    0.224231
    0.264269
    0.301761
    0.336348
    0.367696
    0.395502
      0.4195
    0.439458
    0.455184
    0.466527
    0.473376
    0.475667
    0.473378
     0.46653
     0.45519
    0.439467
    0.419511
    0.395515
    0.367711
    0.336364
    0.301779
    0.264286
    0.224247
    0.182048
    0.138094
   0.0928086
   0.0466283
   -0.323853
   -0.644586
   -0.959111
     -1.2644
    -1.55751
    -1.83562
    -2.09605
     -2.3363
    -2.55404
    -2.74718
    -2.91387
    -3.05249
    -3.16172
     -3.2405
    -3.28807
    -3.30397
    -3.28805
    -3.24046
    -3.16167
    -3.05243
    -2.91379
    -2.74709
    -2.55394
    -2.33619
    -2.09594
    -1.83552
    -1.55741
    -1.26432
   -0.959044
   -0.644538
   -0.323828
   0.0449571
   0.0894805
    0.133141
    0.175519
    0.216206
    0.254811
    0.290961
    0.324309
    0.354534
    0.381344
    0.404482
    0.423725
    0.438888
    0.449824
    0.456429
    0.458638
    0.456432
    0.449831
    0.438898
     0.42374
    0.404501
    0.381366
    0.354559
    0.324336
    0.290989
    0.254838
    0.216232
    0.175542
    0.133158
   0.0894917
   0.0449615
   -0.309804
   -0.616625
   -0.917509
    -1.20956
    -1.48996
      -1.756
    -2.00514
    -2.23496
    -2.44327
    -2.62803
    -2.78749
     -2.9201
    -3.02459
    -3.09995
    -3.14545
    -3.16066
    -3.14544
    -3.09991
    -3.02453
    -2.92003
     -2.7874
    -2.62793
    -2.44316
    -2.23485
    -2.00503
     -1.7559
    -1.48986
    -1.20947
   -0.917443
    -0.61658
   -0.309781
   0.0433184
   0.0862188
    0.128288
    0.169121
    0.208325
    0.245522
    0.280354
    0.312487
     0.34161
    0.367443
    0.389739
    0.408282
    0.422893
    0.433433
    0.439799
    0.441931
    0.439807
    0.433449
    0.422917
    0.408312
    0.389775
    0.367484
    0.341653
    0.312532
    0.280399
    0.245564
    0.208363
    0.169153
    0.128312
   0.0862346
   0.0433249
    -0.29606
   -0.589269
   -0.876805
     -1.1559
    -1.42385
     -1.6781
    -1.91619
    -2.13581
    -2.33487
    -2.51144
    -2.66382
    -2.79055
     -2.8904
    -2.96241
     -3.0059
    -3.02043
    -3.00587
    -2.96237
    -2.89033
    -2.79047
    -2.66373
    -2.51133
    -2.33475
    -2.13569
    -1.91607
    -1.67799
    -1.42375
    -1.15581
   -0.876737
   -0.589223
   -0.296036
   0.0417093
   0.0830163
    0.123523
     0.16284
    0.200587
    0.236403
    0.269943
    0.300883
    0.328926
    0.353802
    0.375271
    0.393127
    0.407199
    0.417351
    0.423484
     0.42554
    0.423498
    0.417379
    0.407239
    0.393178
     0.37533
    0.353866
    0.328993
    0.300951
    0.270009
    0.236465
    0.200642
    0.162885
    0.123557
   0.0830388
   0.0417192
   -0.282617
   -0.562513
   -0.836993
    -1.10341
     -1.3592
    -1.60191
    -1.82918
    -2.03883
    -2.22886
    -2.39741
    -2.54287
    -2.66384
    -2.75915
     -2.8279
     -2.8694
    -2.88327
    -2.86938
    -2.82785
    -2.75909
    -2.66375
    -2.54276
    -2.39729
    -2.22874
    -2.03872
    -1.82906
     -1.6018
    -1.35911
    -1.10333
   -0.836928
   -0.562469
   -0.282595
   0.0401304
   0.0798741
    0.118848
    0.156678
    0.192998
    0.227461
    0.259733
    0.289505
    0.316491
    0.340429
     0.36109
    0.378274
    0.391817
    0.401587
     0.40749
     0.40947
    0.407507
    0.401619
    0.391863
    0.378334
     0.36116
    0.340508
    0.316574
     0.28959
    0.259816
    0.227538
    0.193066
    0.156734
    0.118891
   0.0799021
   0.0401433
   -0.269478
    -0.53636
   -0.798078
    -1.05211
    -1.29601
    -1.52742
    -1.74412
    -1.94403
    -2.12521
    -2.28592
    -2.42462
    -2.53997
    -2.63085
    -2.69639
    -2.73597
     -2.7492
    -2.73595
    -2.69635
    -2.63079
    -2.53989
    -2.42453
    -2.28583
     -2.1251
    -1.94392
    -1.74402
    -1.52732
    -1.29591
    -1.05203
   -0.798017
   -0.536319
   -0.269457
    0.038582
   0.0767929
    0.114264
    0.150636
    0.185558
    0.218694
    0.249726
    0.278353
    0.304302
    0.327322
     0.34719
    0.363715
    0.376739
    0.386135
    0.391812
    0.393717
     0.39183
    0.386169
     0.37679
    0.363781
    0.347269
    0.327411
    0.304397
    0.278451
    0.249822
    0.218785
    0.185638
    0.150703
    0.114315
   0.0768261
   0.0385978
    -0.25664
   -0.510808
   -0.760055
    -1.00198
    -1.23426
    -1.45465
    -1.66102
     -1.8514
    -2.02395
      -2.177
    -2.30909
    -2.41894
    -2.50549
    -2.56791
    -2.60561
    -2.61821
    -2.60559
    -2.56789
    -2.50545
    -2.41888
    -2.30902
    -2.17692
    -2.02386
    -1.85131
    -1.66093
    -1.45456
    -1.23418
    -1.00192
   -0.760003
   -0.510771
   -0.256621
   0.0370678
   0.0737792
    0.109781
    0.144726
    0.178279
    0.210116
     0.23993
    0.267435
    0.292366
    0.314482
    0.333571
    0.349448
     0.36196
    0.370987
    0.376442
    0.378271
    0.376457
    0.371017
    0.362004
    0.349503
    0.333637
    0.314556
    0.292444
    0.267515
    0.240009
     0.21019
    0.178345
    0.144782
    0.109823
   0.0738076
   0.0370816
   -0.244102
   -0.485852
   -0.722922
   -0.953028
    -1.17396
    -1.38358
    -1.57987
    -1.76095
    -1.92507
    -2.07065
    -2.19629
    -2.30077
     -2.3831
    -2.44247
    -2.47832
    -2.49031
    -2.47831
    -2.44245
    -2.38306
    -2.30073
    -2.19623
    -2.07059
    -1.92501
    -1.76089
    -1.57981
    -1.38352
     -1.1739
   -0.952979
   -0.722882
   -0.485824
   -0.244088
   0.0355859
   0.0708296
    0.105393
    0.138941
    0.171153
    0.201717
    0.230339
    0.256743
    0.280676
    0.301906
    0.320229
     0.33547
     0.34748
    0.356144
    0.361379
    0.363133
    0.361389
    0.356165
    0.347509
    0.335506
    0.320271
     0.30195
    0.280722
     0.25679
    0.230384
     0.20176
    0.171191
    0.138974
    0.105418
   0.0708468
   0.0355944
   -0.231867
     -0.4615
   -0.686686
   -0.905259
    -1.11511
    -1.31423
    -1.50068
    -1.67269
    -1.82858
    -1.96687
    -2.08621
    -2.18546
    -2.26367
    -2.32007
    -2.35413
    -2.36551
    -2.35412
    -2.32005
    -2.26364
    -2.18543
    -2.08617
    -1.96683
    -1.82854
    -1.67265
    -1.50064
    -1.31419
    -1.11508
   -0.905227
    -0.68666
   -0.461481
   -0.231857
   0.0341375
   0.0679455
    0.101098
    0.133277
    0.164173
    0.193487
    0.220939
    0.246263
    0.269217
    0.289577
    0.307149
    0.321764
     0.33328
    0.341586
    0.346603
    0.348282
    0.346606
    0.341592
    0.333288
    0.321774
     0.30716
    0.289588
    0.269227
    0.246274
    0.220948
    0.193495
    0.164179
    0.133281
      0.1011
   0.0679456
   0.0341369
   -0.219934
   -0.437749
   -0.651349
   -0.858676
    -1.05773
     -1.2466
    -1.42347
    -1.58662
     -1.7345
    -1.86567
    -1.97887
    -2.07302
     -2.1472
     -2.2007
    -2.23301
    -2.24381
      -2.233
    -2.20069
    -2.14719
      -2.073
    -1.97885
    -1.86564
    -1.73447
     -1.5866
    -1.42344
    -1.24658
    -1.05771
   -0.858655
   -0.651334
   -0.437739
   -0.219929
   0.0327196
   0.0651217
   0.0968933
    0.127731
    0.157336
    0.185426
    0.211731
    0.235996
    0.257989
    0.277497
    0.294332
    0.308333
    0.319363
    0.327317
    0.332119
    0.333723
    0.332113
    0.327306
    0.319347
    0.308312
    0.294308
     0.27747
     0.25796
    0.235966
      0.2117
    0.185396
    0.157307
    0.127703
   0.0968693
   0.0651027
   0.0327089
   -0.208305
   -0.414605
   -0.616912
   -0.813281
    -1.00182
     -1.1807
    -1.34822
    -1.50275
    -1.64281
    -1.76705
    -1.87427
    -1.96344
    -2.03371
    -2.08438
    -2.11498
    -2.12521
    -2.11498
    -2.08437
     -2.0337
    -1.96343
    -1.87426
    -1.76704
     -1.6428
    -1.50274
    -1.34821
    -1.18069
    -1.00181
   -0.813272
   -0.616908
   -0.414603
   -0.208306
   0.0313271
   0.0623493
   0.0927665
    0.122288
     0.15063
     0.17752
    0.202698
    0.225925
    0.246975
    0.265647
     0.28176
    0.295159
    0.305716
    0.313329
    0.317924
    0.319457
    0.317915
    0.313312
    0.305692
    0.295128
    0.281723
    0.265605
     0.24693
    0.225878
     0.20265
    0.177471
    0.150583
    0.122245
   0.0927294
   0.0623206
   0.0313112
   -0.196982
   -0.392068
    -0.58338
   -0.769074
   -0.947363
    -1.11653
    -1.27494
    -1.42108
    -1.55353
    -1.67102
    -1.77241
    -1.85674
    -1.92318
    -1.97111
    -2.00004
    -2.00972
    -2.00004
     -1.9711
    -1.92318
    -1.85673
    -1.77241
    -1.67101
    -1.55352
    -1.42107
    -1.27494
    -1.11653
   -0.947363
   -0.769077
   -0.583385
   -0.392074
   -0.196988
   0.0299618
   0.0596315
   0.0887213
    0.116954
    0.144057
    0.169771
    0.193847
    0.216055
    0.236182
    0.254034
    0.269441
    0.282253
    0.292346
    0.299625
    0.304018
    0.305484
     0.30401
    0.299608
    0.292322
    0.282221
    0.269404
    0.253992
    0.236136
    0.216005
    0.193794
    0.169717
    0.144004
    0.116905
   0.0886791
   0.0595988
   0.0299437
   -0.185963
   -0.370137
   -0.550749
   -0.726058
   -0.894376
    -1.05408
    -1.20364
     -1.3416
    -1.46664
    -1.57756
    -1.67329
     -1.7529
    -1.81563
    -1.86088
     -1.8882
    -1.89734
    -1.88821
    -1.86088
    -1.81564
    -1.75291
     -1.6733
    -1.57757
    -1.46666
    -1.34161
    -1.20365
     -1.0541
   -0.894395
   -0.726079
    -0.55077
   -0.370156
   -0.185976
   0.0286199
   0.0569611
   0.0847485
    0.111717
    0.137607
    0.162169
    0.185168
    0.206382
    0.225609
    0.242662
    0.257379
    0.269618
     0.27926
    0.286214
    0.290412
    0.291815
    0.290408
    0.286205
    0.279246
    0.269599
    0.257357
    0.242636
    0.225579
    0.206349
    0.185132
    0.162132
    0.137569
    0.111681
    0.084717
   0.0569362
   0.0286061
   -0.175249
   -0.348812
    -0.51902
    -0.68423
   -0.842852
   -0.993359
     -1.1343
    -1.26432
    -1.38216
     -1.4867
    -1.57691
    -1.65194
    -1.71106
     -1.7537
    -1.77945
    -1.78807
    -1.77946
    -1.75371
    -1.71108
    -1.65197
    -1.57694
    -1.48673
    -1.38221
    -1.26437
    -1.13436
   -0.993415
   -0.842909
   -0.684283
   -0.519068
   -0.348851
   -0.175272
   0.0273046
   0.0543439
   0.0808553
    0.106586
    0.131288
    0.154724
    0.176669
    0.196912
    0.215258
    0.231531
    0.245575
    0.257255
    0.266458
    0.273096
    0.277105
    0.278446
    0.277107
    0.273099
    0.266462
    0.257259
    0.245579
    0.231534
    0.215258
     0.19691
    0.176664
    0.154717
    0.131278
    0.106575
   0.0808436
   0.0543332
   0.0272984
    -0.16484
   -0.328095
   -0.488192
   -0.643591
   -0.792793
   -0.934364
    -1.06694
    -1.18924
    -1.30008
    -1.39841
    -1.48327
    -1.55385
    -1.60947
    -1.64958
     -1.6738
    -1.68191
    -1.67382
     -1.6496
     -1.6095
    -1.55391
    -1.48334
     -1.3985
    -1.30018
    -1.18934
    -1.06704
   -0.934468
   -0.792894
   -0.643683
   -0.488271
   -0.328154
   -0.164874
   0.0260171
   0.0517825
   0.0770457
    0.101566
    0.125107
    0.147443
    0.168358
    0.187652
    0.205139
     0.22065
    0.234038
    0.245173
    0.253948
    0.260278
    0.264102
    0.265384
     0.26411
    0.260293
     0.25397
    0.245201
     0.23407
    0.220684
    0.205173
    0.187686
     0.16839
    0.147471
    0.125131
    0.101585
   0.0770592
   0.0517901
   0.0260209
   -0.154734
   -0.307981
   -0.458266
   -0.604141
   -0.744199
   -0.877093
    -1.00154
    -1.11635
    -1.22041
    -1.31271
    -1.39238
    -1.45863
    -1.51084
     -1.5485
    -1.57125
    -1.57887
    -1.57128
    -1.54856
    -1.51092
    -1.45874
     -1.3925
    -1.31285
    -1.22056
    -1.11651
    -1.00171
   -0.877254
   -0.744351
   -0.604276
    -0.45838
   -0.308065
   -0.154781
   0.0247583
   0.0492782
   0.0733214
   0.0966589
    0.119066
    0.140326
    0.160236
    0.178604
    0.195252
    0.210022
    0.222769
    0.233373
    0.241729
    0.247759
    0.251403
    0.252626
    0.251417
    0.247786
     0.24177
    0.233424
     0.22283
    0.210089
    0.195324
    0.178677
    0.160309
    0.140395
    0.119128
   0.0967124
   0.0733636
   0.0493068
   0.0247734
   -0.144933
   -0.288474
   -0.429242
    -0.56588
   -0.697071
   -0.821551
   -0.938123
    -1.04566
    -1.14314
     -1.2296
    -1.30423
     -1.3663
    -1.41521
    -1.45049
     -1.4718
    -1.47894
    -1.47184
    -1.45057
    -1.41532
    -1.36644
     -1.3044
     -1.2298
    -1.14335
    -1.04588
   -0.938343
   -0.821764
   -0.697269
   -0.566055
   -0.429388
   -0.288581
   -0.144992
   0.0235293
   0.0468336
   0.0696871
    0.091871
    0.113172
    0.133384
    0.152313
    0.169776
    0.185606
     0.19965
    0.211773
    0.221857
    0.229805
    0.235541
    0.239009
    0.240176
    0.239029
     0.23558
    0.229863
    0.221931
     0.21186
    0.199749
    0.185713
    0.169886
    0.152423
     0.13349
     0.11327
   0.0919569
   0.0697567
   0.0468829
   0.0235557
   -0.135437
   -0.269574
   -0.401119
   -0.528807
   -0.651406
   -0.767735
   -0.876676
   -0.977178
    -1.06827
    -1.14908
    -1.21882
    -1.27683
    -1.32255
    -1.35553
    -1.37545
    -1.38213
     -1.3755
    -1.35562
    -1.32269
    -1.27701
    -1.21903
    -1.14932
    -1.06853
   -0.977445
   -0.876946
   -0.767997
   -0.651649
   -0.529021
   -0.401296
   -0.269702
   -0.135506
   0.0223307
   0.0444497
   0.0661431
   0.0872023
    0.107424
    0.126614
    0.144587
    0.161169
      0.1762
    0.189537
     0.20105
    0.210627
    0.218177
    0.223626
    0.226922
    0.228033
    0.226948
    0.223676
     0.21825
    0.210722
    0.201162
    0.189665
    0.176339
    0.161313
    0.144732
    0.126755
    0.107556
   0.0873189
   0.0662389
   0.0445189
   0.0223681
   -0.126246
   -0.251281
   -0.373901
   -0.492926
   -0.607209
   -0.715649
   -0.817203
    -0.91089
   -0.995809
    -1.07114
    -1.13616
    -1.19024
    -1.23286
    -1.26361
    -1.28219
    -1.28842
    -1.28224
    -1.26371
    -1.23302
    -1.19044
     -1.1364
    -1.07141
   -0.996099
   -0.911193
   -0.817507
   -0.715945
   -0.607484
   -0.493168
   -0.374099
   -0.251424
   -0.126322
   0.0211653
    0.042131
   0.0626946
    0.082658
    0.101829
    0.120022
    0.137062
    0.152784
    0.167038
    0.179684
    0.190602
    0.199685
    0.206846
    0.212016
    0.215144
      0.2162
    0.215174
    0.212074
    0.206932
    0.199796
    0.190735
    0.179835
    0.167201
    0.152955
    0.137235
    0.120191
    0.101987
    0.082799
    0.062811
   0.0422156
    0.021211
   -0.117358
   -0.233592
   -0.347583
   -0.458234
   -0.564478
   -0.665291
   -0.759703
   -0.846803
   -0.925752
   -0.995788
    -1.05624
    -1.10652
    -1.14614
    -1.17473
    -1.19201
     -1.1978
    -1.19206
    -1.17484
    -1.14631
    -1.10673
    -1.05649
   -0.996071
   -0.926059
   -0.847124
   -0.760026
   -0.665605
   -0.564771
   -0.458493
   -0.347796
   -0.233746
    -0.11744
   0.0200318
   0.0398754
   0.0593396
   0.0782365
   0.0963839
    0.113607
    0.129738
    0.144624
    0.158119
    0.170093
    0.180431
    0.189032
    0.195814
    0.200711
    0.203675
    0.204678
    0.203709
    0.200777
    0.195911
    0.189156
    0.180579
    0.170261
    0.158302
    0.144816
    0.129934
    0.113798
   0.0965638
   0.0783971
   0.0594727
   0.0399725
   0.0200842
   -0.108775
    -0.21651
   -0.322168
   -0.424731
    -0.52321
   -0.616657
    -0.70417
   -0.784907
   -0.858089
    -0.92301
   -0.979045
    -1.02565
    -1.06238
    -1.08889
     -1.1049
    -1.11028
    -1.10496
      -1.089
    -1.06255
    -1.02586
   -0.979295
   -0.923293
   -0.858396
   -0.785229
   -0.704495
   -0.616974
   -0.523507
   -0.424994
   -0.322385
   -0.216667
   -0.108859
   0.0189305
   0.0376838
    0.056079
   0.0739386
   0.0910904
    0.107369
    0.122617
    0.136687
    0.149443
    0.160762
    0.170535
    0.178667
     0.18508
    0.189711
    0.192516
    0.193466
    0.192553
    0.189785
    0.185189
    0.178808
    0.170703
    0.160953
    0.149651
    0.136905
    0.122838
    0.107586
   0.0912946
   0.0741206
    0.056229
   0.0377928
   0.0189889
   -0.100498
   -0.200036
   -0.297657
   -0.392419
   -0.483408
   -0.569748
   -0.650607
   -0.725205
   -0.792823
   -0.852808
   -0.904583
   -0.947647
   -0.981587
    -1.00607
    -1.02087
    -1.02584
    -1.02092
    -1.00618
   -0.981736
    -0.94784
   -0.904812
   -0.853069
   -0.793106
   -0.725504
    -0.65091
   -0.570045
   -0.483686
   -0.392666
   -0.297862
   -0.200186
   -0.100579
   0.0178611
   0.0355553
    0.052912
   0.0697638
   0.0859481
    0.101309
    0.115697
    0.128974
    0.141013
    0.151695
    0.160919
    0.168594
    0.174647
     0.17902
    0.181669
    0.182569
    0.181711
    0.179103
    0.174769
    0.168752
    0.161108
     0.15191
    0.141247
    0.129221
    0.115947
    0.101553
   0.0861773
   0.0699674
   0.0530789
   0.0356758
   0.0179251
  -0.0925247
   -0.184167
   -0.274045
    -0.36129
   -0.445064
   -0.524557
   -0.599003
   -0.667685
   -0.729941
   -0.785169
   -0.832838
   -0.872488
   -0.903735
   -0.926279
   -0.939903
   -0.944475
   -0.939949
   -0.926369
   -0.903867
   -0.872658
   -0.833042
   -0.785402
   -0.730195
   -0.667953
   -0.599276
   -0.524826
   -0.445317
   -0.361517
   -0.274233
   -0.184305
  -0.0925998
   0.0168221
   0.0334874
   0.0498354
   0.0657083
   0.0809529
   0.0954222
    0.108976
    0.121485
    0.132826
    0.142892
    0.151583
    0.158817
    0.164523
    0.168647
    0.171147
       0.172
    0.171196
    0.168744
    0.164666
       0.159
    0.151802
    0.143139
    0.133095
    0.121766
     0.10926
    0.095698
   0.0812093
   0.0659343
   0.0500196
   0.0336197
    0.016892
  -0.0848569
   -0.168904
   -0.251333
   -0.331348
   -0.408179
   -0.481083
   -0.549359
   -0.612347
   -0.669442
   -0.720091
   -0.763807
   -0.800168
   -0.828823
   -0.849497
   -0.861989
   -0.866179
   -0.862027
   -0.849572
   -0.828933
   -0.800311
   -0.763979
   -0.720288
   -0.669658
   -0.612577
   -0.549594
   -0.481316
   -0.408399
   -0.331547
   -0.251499
   -0.169026
  -0.0849231
   0.0158144
   0.0314819
   0.0468515
    0.061775
   0.0761085
   0.0897136
    0.102459
    0.114222
    0.124889
    0.134356
    0.142533
    0.149339
     0.15471
    0.158593
     0.16095
    0.161757
    0.161007
    0.158706
    0.154876
    0.149552
    0.142785
    0.134641
    0.125196
    0.114542
    0.102779
   0.0900225
   0.0763934
   0.0620243
   0.0470535
    0.031626
   0.0158903
  -0.0774904
   -0.154241
   -0.229514
   -0.302582
   -0.372741
   -0.439315
   -0.501662
    -0.55918
   -0.611315
   -0.657565
   -0.697482
   -0.730684
   -0.756848
   -0.775725
    -0.78713
   -0.790955
   -0.787162
   -0.775787
    -0.75694
   -0.730803
   -0.697626
    -0.65773
   -0.611497
   -0.559374
   -0.501861
   -0.439513
   -0.372929
   -0.302752
   -0.229656
   -0.154346
  -0.0775472
   0.0148382
   0.0295395
   0.0439627
   0.0579682
   0.0714208
   0.0841908
    0.096155
    0.107198
    0.117213
    0.126102
    0.133781
    0.140174
     0.14522
    0.148869
    0.151086
    0.151848
    0.151147
     0.14899
    0.145396
      0.1404
    0.134049
    0.126404
    0.117538
    0.107536
   0.0964937
   0.0845176
   0.0717225
   0.0582324
   0.0441771
   0.0296929
   0.0149191
  -0.0704257
   -0.140178
   -0.208587
   -0.274991
    -0.33875
    -0.39925
   -0.455908
   -0.508177
   -0.555554
   -0.597583
   -0.633857
   -0.664028
   -0.687804
   -0.704957
   -0.715322
   -0.718798
   -0.715351
   -0.705015
   -0.687887
   -0.664134
   -0.633983
   -0.597726
    -0.55571
    -0.50834
   -0.456073
   -0.399413
   -0.338903
   -0.275128
   -0.208701
   -0.140263
  -0.0704712
   0.0138949
   0.0276627
   0.0411717
   0.0542903
   0.0668922
   0.0788556
   0.0900654
    0.100413
    0.109798
     0.11813
    0.125327
    0.131321
    0.136052
    0.139474
    0.141554
     0.14227
    0.141615
    0.139595
    0.136229
    0.131548
    0.125598
    0.118434
    0.110127
    0.100755
    0.090409
   0.0791881
   0.0672002
   0.0545609
    0.041392
   0.0278212
   0.0139788
  -0.0636611
   -0.126713
   -0.188549
   -0.248572
   -0.306203
   -0.360888
   -0.412099
   -0.459343
   -0.502165
   -0.540152
   -0.572937
   -0.600206
   -0.621695
   -0.637198
   -0.646566
   -0.649707
   -0.646591
   -0.637247
   -0.621765
   -0.600294
    -0.57304
   -0.540267
   -0.502289
   -0.459473
   -0.412229
   -0.361014
   -0.306322
   -0.248677
   -0.188636
   -0.126778
  -0.0636957
   0.0129893
   0.0258599
   0.0384889
   0.0507532
    0.062535
   0.0737201
   0.0842007
   0.0938752
     0.10265
     0.11044
     0.11717
    0.122773
    0.127197
    0.130396
    0.132341
    0.133011
    0.132399
    0.130511
    0.127364
    0.122988
    0.117425
    0.110728
    0.102962
   0.0941995
   0.0845262
    0.074035
   0.0628268
   0.0510099
   0.0386981
   0.0260104
   0.0130692
  -0.0571951
   -0.113842
   -0.169396
    -0.22332
   -0.275096
   -0.324225
   -0.370232
   -0.412676
   -0.451145
   -0.485271
   -0.514723
   -0.539219
   -0.558522
   -0.572447
   -0.580859
   -0.583678
   -0.580876
   -0.572479
   -0.558568
   -0.539278
   -0.514794
   -0.485351
   -0.451233
   -0.412769
   -0.370328
    -0.32432
   -0.275186
   -0.223401
   -0.169463
   -0.113891
  -0.0572212
   0.0121191
   0.0241273
     0.03591
   0.0473522
   0.0583442
   0.0687791
   0.0785563
   0.0875812
   0.0957659
    0.103032
    0.109307
    0.114533
    0.118657
     0.12164
    0.123452
    0.124075
    0.123503
     0.12174
    0.118804
    0.114722
    0.109534
    0.103287
   0.0960422
   0.0878688
   0.0788449
   0.0690582
   0.0586029
     0.04758
   0.0360958
   0.0242613
   0.0121905
  -0.0510296
    -0.10157
   -0.151133
   -0.199242
   -0.245434
   -0.289263
   -0.330308
   -0.368172
   -0.402491
   -0.432934
   -0.459208
   -0.481059
   -0.498278
   -0.510698
   -0.518201
   -0.520712
    -0.51821
   -0.510717
   -0.498305
   -0.481095
   -0.459251
   -0.432984
   -0.402548
   -0.368234
   -0.330373
   -0.289329
   -0.245497
   -0.199299
    -0.15118
   -0.101603
  -0.0510475
   0.0112823
   0.0224602
   0.0334264
   0.0440751
   0.0543039
   0.0640141
   0.0731119
   0.0815094
   0.0891255
   0.0958863
    0.101726
    0.106588
    0.110426
    0.113201
    0.114885
    0.115464
    0.114929
    0.113287
    0.110553
    0.106753
    0.101922
   0.0961081
   0.0893656
   0.0817594
   0.0733624
   0.0642557
   0.0545271
   0.0442705
   0.0335849
   0.0225734
   0.0113427
  -0.0451661
  -0.0898975
   -0.133762
   -0.176339
   -0.217218
   -0.256004
   -0.292325
   -0.325831
   -0.356199
   -0.383138
   -0.406387
   -0.425722
   -0.440959
   -0.451949
   -0.458588
    -0.46081
   -0.458594
   -0.451962
   -0.440978
   -0.425747
   -0.406415
    -0.38317
   -0.356234
   -0.325868
   -0.292363
   -0.256042
   -0.217254
   -0.176372
   -0.133789
  -0.0899159
  -0.0451754
   0.0104777
   0.0208568
   0.0310373
   0.0409221
   0.0504159
    0.059428
   0.0678715
   0.0756649
   0.0827334
   0.0890081
   0.0944287
   0.0989416
    0.102503
    0.105078
     0.10664
    0.107174
    0.106676
    0.105149
    0.102608
   0.0990782
   0.0945922
   0.0891936
   0.0829344
   0.0758741
   0.0680806
   0.0596289
   0.0506003
    0.041082
   0.0311657
   0.0209472
   0.0105258
  -0.0396011
  -0.0788198
   -0.117277
   -0.154605
   -0.190442
   -0.224444
   -0.256284
   -0.285656
   -0.312277
   -0.335891
   -0.356271
   -0.373221
   -0.386578
   -0.396212
   -0.402031
   -0.403979
   -0.402036
   -0.396222
   -0.386592
   -0.373238
    -0.35629
   -0.335912
   -0.312298
   -0.285676
   -0.256304
   -0.224463
   -0.190459
    -0.15462
    -0.11729
  -0.0788279
  -0.0396045
  0.00970109
   0.0193112
   0.0287383
   0.0378912
   0.0466819
   0.0550256
    0.062842
   0.0700558
   0.0765975
   0.0824037
   0.0874184
   0.0915928
    0.094886
    0.097266
    0.098709
   0.0992013
   0.0987377
   0.0973223
   0.0949686
    0.091699
   0.0875447
   0.0825459
   0.0767504
   0.0702141
   0.0629994
   0.0551763
   0.0468204
   0.0380122
    0.028837
   0.0193822
  0.00973974
  -0.0343306
  -0.0683297
   -0.101669
   -0.134028
   -0.165097
   -0.194575
    -0.22218
   -0.247645
   -0.270725
   -0.291198
   -0.308867
   -0.323562
   -0.335141
   -0.343493
   -0.348537
   -0.350225
   -0.348541
     -0.3435
   -0.335151
   -0.323574
   -0.308882
   -0.291214
   -0.270742
   -0.247662
   -0.222198
   -0.194593
   -0.165113
   -0.134043
    -0.10168
  -0.0683369
  -0.0343341
  0.00895544
   0.0178274
   0.0265321
   0.0349833
   0.0430997
   0.0508027
   0.0580177
   0.0646755
   0.0707112
   0.0760673
   0.0806916
   0.0845401
   0.0875751
   0.0897675
   0.0910958
   0.0915469
   0.0911166
   0.0898082
   0.0876339
   0.0846146
   0.0807789
   0.0761637
   0.0708132
   0.0647794
     0.05812
   0.0509002
   0.0431901
   0.0350636
   0.0266001
   0.0178788
  0.00898462
   -0.029362
  -0.0584406
  -0.0869544
   -0.114631
   -0.141204
   -0.166418
   -0.190029
   -0.211811
   -0.231553
   -0.249065
   -0.264179
   -0.276748
   -0.286653
   -0.293797
   -0.298111
   -0.299555
   -0.298114
   -0.293803
   -0.286662
   -0.276761
   -0.264195
   -0.249084
   -0.231573
   -0.211833
   -0.190051
    -0.16644
   -0.141225
   -0.114649
  -0.0869685
  -0.0584496
  -0.0293669
  0.00824391
     0.01641
   0.0244205
    0.032197
   0.0396648
   0.0467515
   0.0533888
   0.0595127
   0.0650641
   0.0699896
   0.0742415
   0.0777792
   0.0805681
   0.0825816
   0.0837999
   0.0842113
   0.0838116
   0.0826046
   0.0806017
   0.0778222
   0.0742929
   0.0700474
   0.0651266
   0.0595775
   0.0534533
   0.0468138
   0.0397231
   0.0322493
   0.0244651
   0.0164438
  0.00826326
  -0.0246956
  -0.0491532
  -0.0731364
  -0.0964158
   -0.118767
   -0.139975
   -0.159835
   -0.178157
   -0.194763
   -0.209494
   -0.222208
   -0.232782
   -0.241115
   -0.247126
   -0.250757
   -0.251973
   -0.250761
   -0.247135
   -0.241129
   -0.232801
    -0.22223
    -0.20952
   -0.194791
   -0.178186
   -0.159866
   -0.140006
   -0.118797
  -0.0964426
  -0.0731586
  -0.0491688
  -0.0247041
   0.0075628
    0.015053
   0.0223986
   0.0295288
   0.0363752
   0.0428716
   0.0489557
   0.0545687
   0.0596569
   0.0641709
   0.0680672
   0.0713082
   0.0738624
   0.0757053
   0.0768189
   0.0771927
   0.0768226
   0.0757131
   0.0738746
   0.0713253
   0.0680901
   0.0641992
   0.0596906
   0.0546063
   0.0489949
   0.0429107
   0.0364124
   0.0295624
   0.0224268
   0.0150739
  0.00757458
  -0.0203308
  -0.0404664
  -0.0602122
  -0.0793787
  -0.0977812
   -0.115243
   -0.131595
    -0.14668
   -0.160353
   -0.172483
   -0.182952
    -0.19166
   -0.198523
   -0.203474
   -0.206465
   -0.207468
   -0.206473
   -0.203488
   -0.198544
   -0.191688
   -0.182984
   -0.172519
   -0.160392
   -0.146721
   -0.131638
   -0.115286
   -0.097823
  -0.0794167
   -0.060244
  -0.0404897
  -0.0203435
  0.00690809
   0.0137499
   0.0204599
   0.0269729
   0.0332263
   0.0391598
   0.0447159
   0.0498415
   0.0544871
    0.058608
   0.0621646
   0.0651227
   0.0674537
   0.0691353
   0.0701516
   0.0704925
    0.070155
   0.0691423
   0.0674642
   0.0651369
   0.0621831
   0.0586304
   0.0545131
     0.04987
   0.0447455
   0.0391892
   0.0332546
   0.0269988
   0.0204819
   0.0137666
  0.00691752
  -0.0162682
  -0.0323808
  -0.0481822
  -0.0635206
  -0.0782484
  -0.0922232
   -0.105311
   -0.117384
   -0.128328
   -0.138035
   -0.146414
   -0.153383
   -0.158875
   -0.162838
   -0.165232
   -0.166036
    -0.16524
   -0.162854
     -0.1589
   -0.153415
   -0.146453
   -0.138081
   -0.128378
   -0.117438
   -0.105367
  -0.0922804
  -0.0783034
  -0.0635707
  -0.0482238
  -0.0324111
  -0.0162844
  0.00628193
   0.0125041
    0.018607
   0.0245308
   0.0302187
   0.0356152
   0.0406685
   0.0453298
    0.049554
   0.0533011
   0.0565349
   0.0592245
   0.0613442
   0.0628739
   0.0637995
   0.0641113
   0.0638066
   0.0628879
   0.0613642
   0.0592494
   0.0565641
   0.0533334
   0.0495883
   0.0453648
   0.0407031
   0.0356488
   0.0302502
   0.0245594
   0.0186313
   0.0125226
  0.00629223
  -0.0125073
  -0.0248954
   -0.037045
   -0.048839
  -0.0601643
  -0.0709108
  -0.0809755
  -0.0902605
  -0.0986761
   -0.106142
   -0.112585
   -0.117944
   -0.122168
   -0.125215
   -0.127057
   -0.127675
   -0.127065
   -0.125232
   -0.122194
   -0.117979
   -0.112629
   -0.106193
  -0.0987338
  -0.0903229
  -0.0810408
  -0.0709768
  -0.0602275
  -0.0488964
  -0.0370923
  -0.0249296
  -0.0125252
  0.00568587
   0.0113181
   0.0168429
    0.022206
   0.0273559
   0.0322423
   0.0368183
     0.04104
   0.0448672
   0.0482626
   0.0511938
   0.0536323
   0.0555547
   0.0569427
   0.0577829
   0.0580671
   0.0577925
   0.0569614
    0.055582
   0.0536671
   0.0512351
    0.048309
   0.0449166
   0.0410907
   0.0368677
   0.0322889
   0.0273983
   0.0222432
   0.0168734
   0.0113405
  0.00569819
 -0.00905046
  -0.0180142
  -0.0268045
  -0.0353373
  -0.0435306
  -0.0513053
  -0.0585864
  -0.0653038
  -0.0713924
  -0.0767942
  -0.0814568
  -0.0853357
  -0.0883934
  -0.0906003
  -0.0919348
  -0.0923845
  -0.0919448
  -0.0906201
  -0.0884233
  -0.0853751
  -0.0815049
  -0.0768496
  -0.0714539
   -0.065369
  -0.0586531
  -0.0513708
  -0.0435916
   -0.035391
  -0.0268471
  -0.0180438
 -0.00906507
  0.00512016
   0.0101928
   0.0151693
   0.0200009
    0.024641
   0.0290446
   0.0331692
   0.0369756
   0.0404281
   0.0434921
   0.0461385
   0.0483407
   0.0500776
   0.0513322
   0.0520921
   0.0523502
   0.0521037
   0.0513552
   0.0501117
   0.0483853
   0.0461925
   0.0435541
   0.0404952
   0.0370453
   0.0332372
   0.0291084
   0.0246983
   0.0200501
   0.0152089
   0.0102212
  0.00513566
 -0.00589449
  -0.0117319
  -0.0174553
  -0.0230107
  -0.0283447
  -0.0334059
  -0.0381456
  -0.0425183
  -0.0464818
  -0.0499983
   -0.053034
  -0.0555597
  -0.0575512
  -0.0589887
  -0.0598583
  -0.0601516
  -0.0598657
  -0.0590035
  -0.0575732
  -0.0555887
  -0.0530691
  -0.0500385
   -0.046526
  -0.0425647
  -0.0381925
  -0.0334513
  -0.0283859
  -0.0230461
   -0.017482
  -0.0117494
 -0.00590224
  0.00458848
  0.00913498
   0.0135966
   0.0179288
   0.0220901
   0.0260399
   0.0297399
    0.033155
   0.0362524
   0.0390015
   0.0413759
    0.043352
   0.0449105
   0.0460361
   0.0467176
   0.0469486
   0.0467266
   0.0460541
   0.0449373
   0.0433873
   0.0414189
   0.0390511
   0.0363067
   0.0332122
   0.0297972
   0.0260949
   0.0221411
   0.0179739
    0.013634
  0.00916282
  0.00460388
 -0.00303726
 -0.00604507
  -0.0089936
  -0.0118555
   -0.014603
  -0.0172098
  -0.0196508
  -0.0219026
  -0.0239434
  -0.0257538
  -0.0273163
  -0.0286159
  -0.0296403
  -0.0303792
  -0.0308256
  -0.0309752
  -0.0308266
   -0.030381
  -0.0296426
  -0.0286186
  -0.0273189
  -0.0257563
  -0.0239457
  -0.0219044
  -0.0196517
  -0.0172099
  -0.0146018
  -0.0118533
 -0.00899057
 -0.00604183
 -0.00303512
  0.00408999
   0.0081431
   0.0121217
   0.0159852
   0.0196968
   0.0232198
   0.0265203
   0.0295664
   0.0323286
   0.0347799
   0.0368966
   0.0386579
   0.0400463
   0.0410485
   0.0416542
    0.041858
   0.0416575
   0.0410551
   0.0400565
   0.0386716
   0.0369139
   0.0348007
   0.0323525
   0.0295931
   0.0265492
   0.0232497
   0.0197268
   0.0160141
   0.0121476
  0.00816407
  0.00410213
-0.000480581
-0.000956201
 -0.00142133
  -0.0018723
 -0.00230427
 -0.00271356
 -0.00309612
 -0.00344838
 -0.00376697
 -0.00404884
 -0.00429126
 -0.00449197
 -0.00464913
 -0.00476135
 -0.00482769
 -0.00484751
 -0.00482091
 -0.00474767
 -0.00462817
 -0.00446422
 -0.00425698
 -0.00400927
 -0.00372336
 -0.00340232
 -0.00304864
 -0.00266671
 -0.00225976
 -0.00183233
 -0.00138853
-0.000932343
-0.000468607
  0.00362771
  0.00722143
   0.0107473
   0.0141704
   0.0174578
   0.0205779
   0.0235003
    0.026197
   0.0286418
    0.030811
   0.0326833
   0.0342406
   0.0354675
   0.0363522
   0.0368858
   0.0370636
   0.0368835
   0.0363478
   0.0354616
   0.0342339
   0.0326765
   0.0308047
   0.0286366
   0.0261932
   0.0234979
   0.0205769
   0.0174585
   0.0141724
   0.0107504
  0.00722496
  0.00363031
  0.00177455
  0.00353316
  0.00526001
   0.0069375
  0.00855007
   0.0100815
   0.0115174
   0.0128434
   0.0140471
   0.0151164
    0.016041
   0.0168119
   0.0174216
   0.0178641
   0.0181353
   0.0182322
   0.0181536
   0.0179001
   0.0174742
   0.0168793
   0.0161214
   0.0152068
   0.0141443
   0.0129438
   0.0116165
   0.0101758
  0.00863567
  0.00701141
   0.0053187
  0.00357446
  0.00179524
  0.00319625
  0.00636086
   0.0094632
    0.012474
   0.0153637
   0.0181056
   0.0206729
   0.0230412
   0.0251874
    0.027091
   0.0287331
   0.0300982
   0.0311728
   0.0319469
   0.0324127
    0.032566
   0.0324053
   0.0319327
    0.031153
   0.0300736
   0.0287052
   0.0270606
   0.0251558
    0.023009
   0.0206408
   0.0180744
    0.015335
   0.0124483
  0.00944239
  0.00634575
   0.0031886
  0.00373164
   0.0074293
   0.0110586
   0.0145835
   0.0179706
   0.0211865
   0.0242005
   0.0269829
   0.0295072
   0.0317485
   0.0336851
    0.035298
   0.0365716
   0.0374937
   0.0380559
   0.0382517
   0.0380795
   0.0375401
   0.0366386
   0.0353833
   0.0337863
   0.0318623
   0.0296297
   0.0271094
   0.0243246
   0.0213041
   0.0180766
   0.0146745
   0.0111304
  0.00747952
   0.0037568
  0.00278819
  0.00554807
  0.00825225
    0.010876
   0.0133935
   0.0157815
   0.0180167
   0.0200782
   0.0219457
   0.0236016
   0.0250297
   0.0262167
   0.0271509
   0.0278234
   0.0282277
   0.0283599
   0.0282187
   0.0278058
   0.0271253
   0.0261838
   0.0249906
    0.023557
   0.0218967
   0.0200261
   0.0179633
   0.0157284
   0.0133434
   0.0108307
  0.00821529
  0.00552098
  0.00277468
  0.00539067
   0.0107325
   0.0159758
   0.0210679
   0.0259605
   0.0306053
   0.0349578
   0.0389754
   0.0426196
   0.0458543
   0.0486483
   0.0509741
   0.0528095
   0.0541364
   0.0549423
   0.0552184
   0.0549622
   0.0541755
   0.0528657
   0.0510458
   0.0487336
   0.0459511
   0.0427253
   0.0390868
     0.03507
   0.0307144
   0.0260615
    0.021157
   0.0160476
   0.0107841
  0.00541666
  0.00240577
  0.00478663
  0.00711826
  0.00938019
   0.0115501
   0.0136081
   0.0155339
   0.0173097
   0.0189181
   0.0203441
   0.0215741
   0.0225964
   0.0234013
   0.0239807
    0.024329
   0.0244427
   0.0243204
   0.0239636
   0.0233756
   0.0225624
   0.0215318
    0.020294
   0.0188609
   0.0172469
   0.0154682
   0.0135418
   0.0114869
  0.00932276
  0.00707135
  0.00475215
  0.00238893
  0.00675269
   0.0134441
    0.020012
   0.0263898
   0.0325169
   0.0383326
   0.0437815
   0.0488098
   0.0533698
   0.0574162
     0.06091
   0.0638173
   0.0661102
   0.0677661
   0.0687694
   0.0691095
    0.068783
   0.0677928
   0.0661476
    0.063865
   0.0609668
   0.0574813
   0.0534423
   0.0488883
   0.0438633
    0.038415
   0.0325957
   0.0264618
   0.0200715
   0.0134885
  0.00677499
  0.00204829
  0.00407558
  0.00606074
  0.00798658
   0.0098339
   0.0115858
   0.0132251
   0.0147364
   0.0161049
   0.0173178
   0.0183632
   0.0192316
   0.0199143
   0.0204053
   0.0206997
   0.0207946
    0.020689
   0.0203839
   0.0198826
   0.0191896
   0.0183122
   0.0172586
   0.0160394
   0.0146665
   0.0131536
   0.0115154
  0.00976843
  0.00792856
  0.00601455
  0.00404257
  0.00203273
  0.00782192
   0.0155716
   0.0231764
   0.0305597
   0.0376511
   0.0443803
   0.0506828
   0.0564971
   0.0617672
    0.066442
   0.0704765
   0.0738319
   0.0764762
   0.0783838
   0.0795368
   0.0799236
   0.0795405
   0.0783911
   0.0764859
    0.073844
   0.0704908
    0.066459
   0.0617873
   0.0565206
   0.0507096
   0.0444099
   0.0376818
   0.0305904
   0.0232029
   0.0155928
  0.00783202
  0.00171704
  0.00341699
  0.00508166
   0.0066969
  0.00824629
  0.00971574
   0.0110906
    0.012358
   0.0135052
   0.0145214
   0.0153959
   0.0161216
   0.0166908
   0.0170993
   0.0173433
   0.0174203
   0.0173298
   0.0170726
   0.0166517
   0.0160706
   0.0153356
   0.0144532
   0.0134328
   0.0122837
   0.0110174
   0.0096461
  0.00818394
  0.00664371
  0.00504105
  0.00338917
  0.00170482
  0.00859106
   0.0171017
   0.0254518
   0.0335576
   0.0413417
    0.048727
   0.0556422
   0.0620204
   0.0677996
   0.0729248
   0.0773464
   0.0810223
   0.0839172
   0.0860038
   0.0872623
   0.0876806
    0.087255
   0.0859894
    0.083896
   0.0809951
   0.0773143
   0.0728896
   0.0677634
   0.0619852
   0.0556105
   0.0487007
   0.0413216
   0.0335447
   0.0254435
   0.0170986
  0.00858834
  0.00141076
   0.0028077
  0.00417484
   0.0055016
  0.00677388
  0.00798082
  0.00911015
   0.0101516
   0.0110949
   0.0119308
    0.012651
    0.013249
   0.0137191
    0.014057
     0.01426
   0.0143257
   0.0142539
    0.014045
   0.0137016
   0.0132265
   0.0126246
   0.0119013
    0.011064
   0.0101203
  0.00907997
  0.00795245
  0.00674908
   0.0054806
  0.00415956
  0.00279726
  0.00140736
  0.00906139
   0.0180364
     0.02684
    0.035385
   0.0435897
   0.0513733
    0.058661
    0.065382
   0.0714718
   0.0768712
   0.0815283
   0.0853986
   0.0884449
   0.0906387
   0.0919591
   0.0923938
   0.0919389
    0.090599
   0.0883872
   0.0853251
   0.0814421
   0.0767762
    0.071372
    0.065282
   0.0585646
   0.0512846
   0.0435116
   0.0353209
   0.0267904
   0.0180034
  0.00904362
  0.00113012
   0.0022493
  0.00334354
  0.00440568
  0.00542381
  0.00639017
  0.00729477
  0.00812988
  0.00888768
  0.00956032
   0.0101415
   0.0106254
    0.011008
   0.0112848
   0.0114537
   0.0115123
   0.0114607
   0.0112987
   0.0110285
   0.0106519
   0.0101731
  0.00959578
  0.00892573
  0.00816923
    0.007334
  0.00642725
  0.00545767
  0.00443426
  0.00336676
  0.00226499
  0.00113984
  0.00923454
   0.0183796
   0.0273477
   0.0360511
   0.0444066
   0.0523324
   0.0597524
   0.0665947
   0.0727941
   0.0782898
   0.0830289
   0.0869665
   0.0900644
    0.092294
   0.0936338
   0.0940718
   0.0936037
   0.0922349
   0.0899787
   0.0868572
   0.0829006
   0.0781475
   0.0726435
    0.066442
   0.0596026
   0.0521913
   0.0442793
   0.0359428
   0.0272618
   0.0183201
   0.0092034
 0.000865385
  0.00172599
  0.00257147
   0.0033947
  0.00418698
  0.00494093
   0.0056493
  0.00630475
  0.00690122
  0.00743198
  0.00789175
  0.00827624
  0.00858202
  0.00880557
  0.00894504
  0.00899843
  0.00896553
  0.00884607
  0.00864162
  0.00835334
  0.00798429
  0.00753731
  0.00701681
  0.00642742
  0.00577498
  0.00506507
  0.00430441
  0.00349999
  0.00265942
  0.00179047
 0.000901447
   0.0091137
   0.0181369
   0.0269826
   0.0355653
   0.0438024
   0.0516143
    0.058926
   0.0656674
   0.0717739
   0.0771866
   0.0818535
   0.0857305
   0.0887803
   0.0909743
   0.0922917
   0.0927203
   0.0922563
   0.0909047
   0.0886786
   0.0856001
   0.0816988
   0.0770128
   0.0715872
   0.0654745
   0.0587336
   0.0514295
   0.0436325
   0.0354175
   0.0268636
   0.0180528
  0.00906953
 0.000625994
  0.00125365
   0.0018764
  0.00248692
  0.00307944
  0.00364654
  0.00418324
   0.0046821
  0.00513844
  0.00554625
  0.00590097
  0.00619967
  0.00643948
  0.00661763
  0.00673256
  0.00678256
  0.00676729
  0.00668626
   0.0065405
  0.00633062
  0.00605873
  0.00572683
  0.00533825
  0.00489611
   0.0044046
  0.00386792
  0.00329106
  0.00267925
  0.00203821
  0.00137384
 0.000692145
  0.00869543
   0.0173026
   0.0257378
   0.0339206
   0.0417718
   0.0492168
   0.0561838
   0.0626066
   0.0684234
    0.073579
   0.0780239
   0.0817161
   0.0846201
   0.0867087
   0.0879619
   0.0883682
   0.0879238
   0.0866336
   0.0845101
   0.0815743
   0.0778545
    0.073387
    0.068215
   0.0623886
   0.0559639
   0.0490031
   0.0415731
   0.0337455
   0.0255955
   0.0172007
  0.00864186
 0.000424567
 0.000855052
  0.00128806
   0.0017166
   0.0021369
  0.00254251
  0.00292975
  0.00329253
   0.0036272
  0.00392896
  0.00419444
  0.00442075
  0.00460566
  0.00474668
  0.00484243
  0.00489132
  0.00489289
  0.00484643
  0.00475236
  0.00461087
  0.00442322
  0.00419062
  0.00391522
  0.00359904
  0.00324484
  0.00285556
  0.00243448
  0.00198562
  0.00151264
  0.00102092
 0.000514399
  0.00797818
   0.0158741
   0.0236102
   0.0311141
   0.0383129
   0.0451388
   0.0515259
    0.057414
   0.0627463
   0.0674724
   0.0715468
   0.0749311
   0.0775927
   0.0795066
   0.0806544
   0.0810256
   0.0806167
   0.0794321
   0.0774834
   0.0747896
   0.0713771
    0.067279
    0.062535
   0.0571913
   0.0512993
   0.0449164
   0.0381041
   0.0309282
   0.0234583
   0.0157644
  0.00792105
 0.000257311
 0.000524022
 0.000799478
  0.00107668
  0.00135361
  0.00162464
  0.00188726
  0.00213669
   0.0023702
  0.00258417
  0.00277627
  0.00294352
  0.00308415
  0.00319579
  0.00327715
  0.00332667
  0.00334374
  0.00332738
  0.00327747
  0.00319381
  0.00307688
  0.00292724
  0.00274597
   0.0025342
  0.00229342
  0.00202557
  0.00173249
  0.00141728
   0.0010819
 0.000731553
  0.00036849
  0.00696741
   0.0138616
   0.0206143
   0.0271636
   0.0334456
    0.039402
   0.0449752
   0.0501129
   0.0547656
   0.0588894
   0.0624445
   0.0653974
   0.0677196
   0.0693892
   0.0703901
   0.0707132
   0.0703552
   0.0693201
   0.0676178
   0.0652654
   0.0622855
   0.0587074
   0.0545657
   0.0499009
   0.0447579
   0.0391869
    0.033242
   0.0269805
    0.020464
   0.0137521
  0.00691082
 0.000127549
 0.000266562
 0.000418266
 0.000576461
 0.000740547
  0.00090578
  0.00107079
  0.00123154
   0.0013862
  0.00153169
  0.00166629
  0.00178737
  0.00189335
  0.00198215
  0.00205247
  0.00210281
  0.00213227
  0.00213977
  0.00212473
  0.00208655
  0.00202502
  0.00194008
  0.00183178
   0.0017009
  0.00154789
  0.00137418
  0.00118054
 0.000969549
 0.000742186
 0.000503025
 0.000253345
  0.00566113
   0.0112621
   0.0167472
   0.0220669
   0.0271691
    0.032007
   0.0365337
   0.0407068
   0.0444862
   0.0478361
   0.0507243
   0.0531233
   0.0550099
   0.0563663
   0.0571793
   0.0574414
   0.0571499
   0.0563081
   0.0549238
   0.0530112
   0.0505888
   0.0476809
    0.044316
   0.0405266
   0.0363496
   0.0318252
   0.0269978
   0.0219129
   0.0166212
   0.0111701
  0.00561398
 3.35339e-05
  7.9968e-05
 0.000142023
 0.000213994
 0.000296404
 0.000385142
 0.000479737
 0.000576638
  0.00067466
 0.000771103
 0.000864645
 0.000952911
   0.0010344
  0.00110731
  0.00117025
  0.00122177
  0.00126071
  0.00128591
  0.00129641
  0.00129128
  0.00126978
  0.00123136
  0.00117528
   0.0011022
  0.00101181
 0.000905318
 0.000782755
 0.000646432
 0.000496656
 0.000337613
 0.000169845
   0.0040642
  0.00808447
   0.0120203
   0.0158375
   0.0194984
   0.0229698
   0.0262181
   0.0292131
   0.0319256
   0.0343303
   0.0364038
   0.0381263
   0.0394811
   0.0404554
   0.0410396
   0.0412281
    0.041019
   0.0404145
   0.0394202
   0.0380465
   0.0363065
   0.0342183
   0.0318029
   0.0290828
   0.0260853
   0.0228384
   0.0193747
    0.015726
    0.011929
  0.00801717
  0.00403007
-7.35879e-06
-5.28346e-06
  8.2613e-06
 3.11996e-05
 6.39239e-05
 0.000104572
 0.000152686
 0.000206302
 0.000264373
 0.000325133
 0.000387327
 0.000449227
 0.000509418
 0.000566392
 0.000618771
  0.00066522
  0.00070448
 0.000735384
 0.000756843
 0.000767861
 0.000767573
 0.000755289
  0.00073033
   0.0006928
 0.000642469
 0.000579934
 0.000505384
 0.000420193
 0.000324925
 0.000222081
 0.000112488
  0.00217333
  0.00432376
  0.00642991
  0.00847307
   0.0104331
   0.0122922
   0.0140322
   0.0156369
   0.0170907
   0.0183799
   0.0194918
   0.0204161
   0.0211435
   0.0216673
   0.0219821
   0.0220852
   0.0219753
   0.0216536
    0.021123
   0.0203889
   0.0194585
   0.0183411
   0.0170479
   0.0155911
   0.0139851
   0.0122451
   0.0103884
  0.00843219
  0.00639616
  0.00429858
   0.0021607
 1.18565e-06
 2.36352e-06
 3.15155e-06
  3.9183e-06
 4.42353e-06
 4.89885e-06
 5.19215e-06
 5.45232e-06
 5.57538e-06
  5.6665e-06
 5.64298e-06
 5.59134e-06
 5.44156e-06
 5.26868e-06
 5.01275e-06
 4.73921e-06
 4.39937e-06
 4.04759e-06
 3.65234e-06
 3.25092e-06
 2.83696e-06
 2.42236e-06
  2.0271e-06
 1.63583e-06
 1.29129e-06
  9.5374e-07
 6.92691e-07
 4.39344e-07
 2.82851e-07
 1.32208e-07
  6.5032e-08
-4.71916e-07
-9.43831e-07
-8.80485e-07
-8.17139e-07
-7.32502e-07
-6.47865e-07
-5.65709e-07
-4.83553e-07
-4.04069e-07
-3.24584e-07
-2.44218e-07
-1.63853e-07
-7.89326e-08
 5.98765e-09
 9.87191e-08
  1.9145e-07
  3.0843e-07
 4.25409e-07
 5.82382e-07
 7.39354e-07
 8.73844e-07
 1.00833e-06
 1.04368e-06
 1.07903e-06
 1.04598e-06
 1.01293e-06
 8.64455e-07
 7.15986e-07
 3.54585e-07
-6.81494e-09
-3.40747e-09
