   0.0980201
     0.19509
     0.29028
     0.38268
      0.4714
    0.555571
    0.634391
    0.707111
    0.773011
    0.831471
    0.881921
    0.923881
    0.956941
    0.980791
    0.995181
           1
    0.995181
    0.980791
    0.956941
    0.923881
    0.881921
    0.831471
    0.773011
    0.707111
    0.634391
    0.555571
      0.4714
     0.38268
     0.29028
     0.19509
   0.0980199
   -0.773059
    -1.53867
    -2.28947
    -3.01822
    -3.71791
    -4.38179
    -5.00347
    -5.57697
    -6.09676
    -6.55783
    -6.95575
    -7.28668
    -7.54743
     -7.7355
    -7.84907
    -7.88705
    -7.84908
    -7.73551
    -7.54744
    -7.28669
    -6.95576
    -6.55785
    -6.09678
    -5.57699
     -5.0035
    -4.38182
    -3.71794
    -3.01825
     -2.2895
    -1.53869
   -0.773069
   0.0956222
    0.190323
    0.283192
    0.373333
    0.459879
    0.541997
    0.618894
    0.689832
    0.754125
    0.811157
    0.860376
    0.901309
    0.933563
    0.956825
    0.970873
    0.975571
    0.970873
    0.956826
    0.933563
     0.90131
    0.860377
    0.811158
    0.754127
    0.689833
    0.618895
    0.541998
    0.459881
    0.373335
    0.283193
    0.190324
   0.0956228
   -0.751464
    -1.49569
    -2.22552
    -2.93391
    -3.61405
    -4.25938
     -4.8637
    -5.42117
    -5.92644
    -6.37464
    -6.76144
    -7.08313
     -7.3366
    -7.51941
    -7.62981
    -7.66673
    -7.62981
    -7.51942
    -7.33661
    -7.08314
    -6.76145
    -6.37465
    -5.92646
     -5.4212
    -4.86372
    -4.25941
    -3.61408
    -2.93393
    -2.22554
    -1.49571
   -0.751474
   0.0932532
    0.185608
    0.276176
    0.364084
    0.448486
    0.528569
    0.603562
    0.672742
    0.735444
    0.791062
    0.839062
    0.878982
    0.910436
    0.933123
    0.946823
    0.951404
    0.946823
    0.933123
    0.910437
    0.878983
    0.839064
    0.791064
    0.735446
    0.672744
    0.603564
    0.528572
    0.448489
    0.364087
    0.276178
     0.18561
   0.0932541
   -0.730172
    -1.45331
    -2.16246
    -2.85078
    -3.51165
    -4.13869
    -4.72589
    -5.26757
    -5.75852
    -6.19402
    -6.56986
    -6.88243
    -7.12872
    -7.30635
    -7.41362
     -7.4495
    -7.41363
    -7.30636
    -7.12873
    -6.88244
    -6.56987
    -6.19403
    -5.75854
    -5.26759
    -4.72591
    -4.13872
    -3.51167
     -2.8508
    -2.16248
    -1.45333
   -0.730181
   0.0909107
    0.180946
    0.269239
    0.354939
    0.437221
    0.515292
    0.588401
    0.655844
     0.71697
    0.771192
    0.817986
    0.856903
    0.887567
    0.909684
     0.92304
    0.927506
     0.92304
    0.909684
    0.887568
    0.856904
    0.817987
    0.771193
    0.716972
    0.655846
    0.588404
    0.515295
    0.437224
    0.354942
    0.269241
    0.180948
   0.0909118
   -0.709184
    -1.41154
     -2.1003
    -2.76884
    -3.41071
    -4.01973
    -4.59004
    -5.11616
    -5.59299
    -6.01597
    -6.38101
    -6.68459
     -6.9238
    -7.09633
    -7.20052
    -7.23536
    -7.20052
    -7.09634
    -6.92381
     -6.6846
    -6.38102
    -6.01598
    -5.59301
    -5.11617
    -4.59006
    -4.01975
    -3.41073
    -2.76886
    -2.10032
    -1.41155
   -0.709192
   0.0885951
    0.176337
    0.262381
    0.345898
    0.426084
    0.502167
    0.573414
    0.639139
    0.698708
    0.751549
    0.797152
    0.835077
    0.864961
    0.886514
     0.89953
    0.903882
     0.89953
    0.886515
    0.864962
    0.835078
    0.797153
    0.751551
     0.69871
    0.639141
    0.573417
     0.50217
    0.426088
    0.345901
    0.262384
    0.176339
   0.0885963
   -0.688499
    -1.37037
    -2.03904
    -2.68808
    -3.31123
    -3.90249
    -4.45616
    -4.96693
    -5.42986
     -5.8405
    -6.19489
    -6.48962
    -6.72185
    -6.88934
    -6.99049
    -7.02432
    -6.99049
    -6.88935
    -6.72185
    -6.48961
    -6.19489
     -5.8405
    -5.42986
    -4.96694
    -4.45618
     -3.9025
    -3.31124
    -2.68809
    -2.03905
    -1.37038
   -0.688505
   0.0863069
    0.171783
    0.255604
    0.336964
     0.41508
    0.489197
    0.558604
    0.622631
    0.680662
    0.732138
    0.776563
    0.813509
     0.84262
    0.863617
    0.876296
    0.880537
    0.876297
    0.863618
    0.842621
     0.81351
    0.776564
     0.73214
    0.680664
    0.622634
    0.558607
    0.489201
    0.415083
    0.336967
    0.255607
    0.171784
   0.0863079
   -0.668118
     -1.3298
    -1.97868
     -2.6085
     -3.2132
    -3.78696
    -4.32424
    -4.81989
    -5.26911
     -5.6676
     -6.0115
     -6.2975
    -6.52286
    -6.68539
    -6.78354
    -6.81636
    -6.78354
    -6.68539
    -6.52286
     -6.2975
    -6.01149
     -5.6676
    -5.26912
     -4.8199
    -4.32426
    -3.78697
    -3.21322
    -2.60851
    -1.97869
    -1.32981
   -0.668123
   0.0840464
    0.167283
     0.24891
    0.328139
    0.404208
    0.476384
    0.543972
    0.606323
    0.662834
    0.712961
    0.756222
    0.792201
     0.82055
    0.840997
    0.853344
    0.857473
    0.853344
    0.840997
    0.820551
    0.792202
    0.756224
    0.712963
    0.662835
    0.606324
    0.543974
    0.476386
    0.404209
     0.32814
    0.248911
    0.167285
   0.0840472
    -0.64804
    -1.28984
    -1.91922
    -2.53011
    -3.11664
    -3.67315
    -4.19429
    -4.67504
    -5.11076
    -5.49727
    -5.83083
    -6.10824
    -6.32682
    -6.48447
    -6.57968
    -6.61151
    -6.57967
    -6.48447
    -6.32682
    -6.10824
    -5.83083
    -5.49727
    -5.11077
    -4.67505
     -4.1943
    -3.67317
    -3.11665
    -2.53012
    -1.91923
    -1.28985
   -0.648044
   0.0818138
     0.16284
    0.242298
    0.319422
     0.39347
    0.463729
    0.529522
    0.590216
    0.645226
    0.694022
    0.736134
    0.771157
    0.798753
    0.818657
    0.830676
    0.834695
    0.830676
    0.818657
    0.798754
    0.771158
    0.736135
    0.694023
    0.645227
    0.590217
    0.529523
     0.46373
    0.393471
    0.319423
    0.242299
    0.162841
   0.0818144
   -0.628265
    -1.25048
    -1.86065
     -2.4529
    -3.02153
    -3.56106
     -4.0663
    -4.53238
     -4.9548
    -5.32951
     -5.6529
    -5.92184
    -6.13376
     -6.2866
    -6.37889
    -6.40975
    -6.37889
     -6.2866
    -6.13376
    -5.92185
     -5.6529
    -5.32952
    -4.95482
    -4.53239
    -4.06632
    -3.56108
    -3.02155
    -2.45292
    -1.86066
    -1.25049
   -0.628269
   0.0796095
    0.158452
     0.23577
    0.310816
    0.382869
    0.451235
    0.515256
    0.574314
    0.627842
    0.675323
      0.7163
    0.750379
    0.777232
    0.796599
    0.808294
    0.812204
    0.808293
    0.796597
    0.777229
    0.750376
    0.716298
    0.675321
    0.627841
    0.574314
    0.515256
    0.451235
    0.382869
    0.310816
     0.23577
    0.158453
     0.07961
   -0.608795
    -1.21173
    -1.80299
    -2.37689
    -2.92789
     -3.4507
    -3.94028
     -4.3919
    -4.80124
    -5.16434
    -5.47769
     -5.7383
    -5.94365
    -6.09175
    -6.18119
     -6.2111
     -6.1812
    -6.09176
    -5.94366
    -5.73832
    -5.47771
    -5.16435
    -4.80126
    -4.39192
    -3.94028
     -3.4507
    -2.92789
    -2.37688
    -1.80298
    -1.21172
   -0.608793
   0.0774332
    0.154121
    0.229325
     0.30232
    0.372403
    0.438901
    0.501172
    0.558616
     0.61068
    0.656862
    0.696719
    0.729866
    0.755983
     0.77482
    0.786196
    0.789999
    0.786195
    0.774819
    0.755981
    0.729863
    0.696716
    0.656859
    0.610676
    0.558613
     0.50117
      0.4389
    0.372403
     0.30232
    0.229325
    0.154121
   0.0774338
   -0.589625
    -1.17357
    -1.74622
    -2.30204
     -2.8357
    -3.34205
    -3.81621
    -4.25362
    -4.65007
    -5.00173
    -5.30522
    -5.55762
    -5.75649
    -5.89993
    -5.98654
    -6.01551
    -5.98654
    -5.89991
    -5.75647
    -5.55759
    -5.30519
     -5.0017
    -4.65003
    -4.25359
    -3.81617
    -3.34202
    -2.83567
    -2.30202
    -1.74619
    -1.17356
   -0.589617
   0.0752852
    0.149846
    0.222963
    0.293934
    0.362073
    0.426726
     0.48727
     0.54312
     0.59374
    0.638642
    0.677394
    0.709621
    0.735015
     0.75333
     0.76439
    0.768089
     0.76439
     0.75333
    0.735014
     0.70962
    0.677393
    0.638641
    0.593739
     0.54312
     0.48727
    0.426727
    0.362075
    0.293935
    0.222965
    0.149847
   0.0752863
   -0.570758
    -1.13602
    -1.69034
    -2.22838
    -2.74495
    -3.23509
    -3.69408
    -4.11749
    -4.50124
    -4.84164
    -5.13542
    -5.37973
    -5.57224
    -5.71109
    -5.79493
    -5.82296
    -5.79492
    -5.71107
    -5.57222
    -5.37971
    -5.13538
     -4.8416
    -4.50119
    -4.11744
    -3.69403
    -3.23504
    -2.74491
    -2.22833
     -1.6903
    -1.13599
   -0.570744
    0.073166
    0.145628
    0.216687
     0.28566
    0.351882
    0.414715
    0.473554
    0.527833
    0.577028
    0.620667
    0.658328
     0.68965
    0.714329
    0.732129
    0.742877
    0.746472
    0.742877
    0.732129
     0.71433
    0.689651
     0.65833
    0.620669
    0.577031
    0.527836
    0.473558
    0.414719
    0.351886
    0.285664
    0.216691
    0.145631
   0.0731679
    -0.55219
    -1.09906
    -1.63535
    -2.15588
    -2.65565
    -3.12985
     -3.5739
    -3.98353
    -4.35479
    -4.68412
    -4.96834
    -5.20471
    -5.39095
    -5.52528
    -5.60639
    -5.63351
    -5.60638
    -5.52526
    -5.39093
    -5.20467
     -4.9683
    -4.68408
    -4.35475
    -3.98348
    -3.57384
    -3.12979
    -2.65559
    -2.15583
     -1.6353
    -1.09903
   -0.552173
   0.0710755
    0.141467
    0.210497
    0.277499
    0.341829
    0.402868
    0.460026
    0.512755
    0.560546
    0.602938
    0.639523
    0.669949
    0.693923
    0.711215
    0.721657
    0.725149
    0.721657
    0.711216
    0.693926
    0.669952
    0.639528
    0.602944
    0.560553
    0.512763
    0.460035
    0.402876
    0.341838
    0.277507
    0.210504
    0.141472
   0.0710786
   -0.533925
    -1.06271
    -1.58125
    -2.08457
    -2.56781
    -3.02632
    -3.45568
    -3.85175
    -4.21073
    -4.52917
    -4.80398
    -5.03253
    -5.21262
     -5.3425
    -5.42093
    -5.44716
    -5.42093
    -5.34248
    -5.21259
    -5.03249
    -4.80393
    -4.52911
    -4.21067
    -3.85169
     -3.4556
    -3.02624
    -2.56774
     -2.0845
     -1.5812
    -1.06267
   -0.533903
   0.0690141
    0.137364
    0.204392
    0.269451
    0.331917
    0.391185
    0.446687
    0.497887
    0.544292
    0.585455
     0.62098
    0.650525
    0.673805
    0.690596
    0.700736
    0.704127
    0.700737
    0.690599
     0.67381
    0.650533
     0.62099
    0.585467
    0.544305
    0.497901
    0.446701
    0.391199
     0.33193
    0.269464
    0.204403
    0.137372
   0.0690185
   -0.515962
    -1.02695
    -1.52805
    -2.01443
    -2.48142
     -2.9245
    -3.33941
    -3.72216
    -4.06906
    -4.37678
    -4.64235
    -4.86322
    -5.03725
    -5.16276
    -5.23854
    -5.26388
    -5.23852
    -5.16272
    -5.03719
    -4.86316
    -4.64229
    -4.37671
    -4.06898
    -3.72206
    -3.33931
     -2.9244
    -2.48132
    -2.01435
    -1.52798
     -1.0269
   -0.515935
   0.0669819
     0.13332
    0.198374
    0.261519
    0.322145
    0.379669
    0.433538
    0.483231
     0.52827
    0.568223
    0.602703
    0.631379
    0.653974
    0.670271
    0.680113
    0.683405
    0.680116
    0.670277
    0.653983
     0.63139
    0.602718
     0.56824
    0.528289
    0.483251
    0.433558
    0.379689
    0.322164
    0.261536
    0.198389
     0.13333
   0.0669878
   -0.498301
     -0.9918
    -1.47574
    -1.94548
    -2.39647
    -2.82438
    -3.22509
    -3.59474
    -3.92977
    -4.22695
    -4.48342
    -4.69671
    -4.86477
    -4.98598
    -5.05917
    -5.08363
    -5.05914
    -4.98593
    -4.86471
    -4.69663
    -4.48332
    -4.22684
    -3.92965
    -3.59461
    -3.22496
    -2.82425
    -2.39635
    -1.94537
    -1.47566
   -0.991735
   -0.498266
   0.0649799
    0.129335
    0.192445
    0.253702
    0.312517
    0.368322
    0.420581
    0.468789
    0.512483
    0.551242
    0.584692
    0.612512
    0.634432
    0.650243
    0.659791
    0.662985
    0.659795
    0.650249
    0.634442
    0.612525
    0.584709
    0.551262
    0.512506
    0.468813
    0.420605
    0.368346
     0.31254
    0.253723
    0.192462
    0.129347
   0.0649867
   -0.480938
   -0.957241
    -1.42432
    -1.87769
    -2.31297
    -2.72597
    -3.11271
    -3.46948
    -3.79283
    -4.07965
    -4.32718
    -4.53303
    -4.69523
    -4.81222
    -4.88285
    -4.90647
    -4.88283
    -4.81217
    -4.69516
    -4.53294
    -4.32707
    -4.07952
    -3.79269
    -3.46933
    -3.11256
    -2.72582
    -2.31282
    -1.87756
    -1.42422
   -0.957167
   -0.480898
   0.0630079
     0.12541
    0.186604
    0.246003
    0.303032
    0.357145
    0.407817
    0.454563
    0.496932
    0.534514
     0.56695
    0.593925
    0.615181
    0.630512
    0.639771
    0.642869
    0.639775
    0.630519
    0.615192
     0.59394
    0.566968
    0.534536
    0.496956
    0.454589
    0.407844
    0.357171
    0.303058
    0.246025
    0.186623
    0.125423
   0.0630152
   -0.463877
   -0.923284
     -1.3738
    -1.81108
    -2.23091
    -2.62926
    -3.00228
    -3.34639
    -3.65827
    -3.93491
    -4.17366
    -4.37221
    -4.52865
    -4.64148
    -4.70961
    -4.73239
    -4.70959
    -4.64142
    -4.52857
     -4.3721
    -4.17353
    -3.93477
     -3.6581
    -3.34621
    -3.00211
    -2.62909
    -2.23075
    -1.81093
    -1.37368
   -0.923198
   -0.463831
   0.0610656
    0.121544
    0.180852
    0.238419
    0.293691
    0.346135
    0.395246
    0.440551
    0.481614
    0.518039
    0.549474
    0.575618
    0.596218
    0.611077
    0.620051
    0.623055
    0.620057
    0.611088
    0.596234
    0.575637
    0.549497
    0.518065
    0.481643
    0.440582
    0.395277
    0.346166
     0.29372
    0.238445
    0.180873
    0.121559
   0.0610736
   -0.447117
   -0.889925
    -1.32416
    -1.74564
     -2.1503
    -2.53426
     -2.8938
    -3.22548
    -3.52608
    -3.79273
    -4.02285
    -4.21424
    -4.36503
    -4.47378
    -4.53945
    -4.56139
    -4.53941
     -4.4737
    -4.36491
    -4.21409
    -4.02268
    -3.79255
    -3.52588
    -3.22527
    -2.89359
    -2.53406
    -2.15012
    -1.74547
    -1.32403
   -0.889829
   -0.447066
   0.0591533
    0.117738
    0.175189
    0.230953
    0.284494
    0.335296
    0.382869
    0.426755
    0.466532
    0.501816
    0.532267
    0.557593
    0.577549
    0.591943
    0.600636
    0.603546
    0.600644
    0.591957
    0.577568
    0.557617
    0.532297
    0.501849
    0.466567
    0.426792
    0.382906
    0.335331
    0.284527
    0.230982
    0.175212
    0.117754
    0.059162
   -0.430657
   -0.857162
    -1.27541
    -1.68137
    -2.07114
    -2.44095
    -2.78726
    -3.10672
    -3.39625
    -3.65308
    -3.87473
    -4.05906
     -4.2043
    -4.30905
    -4.37229
    -4.39342
    -4.37225
    -4.30896
    -4.20418
     -4.0589
    -3.87455
    -3.65289
    -3.39604
     -3.1065
    -2.78704
    -2.44074
    -2.07094
     -1.6812
    -1.27527
   -0.857061
   -0.430603
   0.0572715
    0.113992
    0.169615
    0.223605
    0.275442
    0.324627
    0.370687
    0.413177
    0.451688
     0.48585
    0.515334
    0.539854
    0.559176
    0.573114
    0.581531
    0.584348
    0.581538
    0.573127
    0.559197
    0.539883
    0.515367
    0.485887
    0.451728
    0.413218
    0.370728
    0.324667
    0.275478
    0.223636
     0.16964
    0.114009
   0.0572805
   -0.414497
   -0.824998
    -1.22755
    -1.61828
    -1.99341
    -2.34935
    -2.68265
    -2.99012
    -3.26879
    -3.51598
    -3.72931
    -3.90672
    -4.04651
    -4.14732
    -4.20819
    -4.22854
    -4.20815
    -4.14724
    -4.04639
    -3.90657
    -3.72914
    -3.51579
    -3.26859
    -2.98991
    -2.68244
    -2.34914
    -1.99322
     -1.6181
    -1.22741
   -0.824896
   -0.414443
   0.0554201
    0.110307
    0.164131
    0.216375
    0.266537
    0.314132
    0.358702
    0.399819
    0.437086
    0.470144
    0.498674
    0.522402
      0.5411
    0.554587
    0.562733
     0.56546
    0.562743
    0.554604
    0.541123
    0.522432
    0.498709
    0.470183
    0.437128
    0.399863
    0.358746
    0.314173
    0.266575
    0.216408
    0.164157
    0.110324
    0.055429
   -0.398637
   -0.793431
    -1.18058
    -1.55635
    -1.91713
    -2.25945
       -2.58
     -2.8757
    -3.14371
    -3.38144
     -3.5866
    -3.75722
    -3.89166
    -3.98862
    -4.04716
    -4.06673
    -4.04712
    -3.98854
    -3.89155
    -3.75709
    -3.58645
    -3.38126
    -3.14352
    -2.87551
     -2.5798
    -2.25925
    -1.91695
    -1.55619
    -1.18045
   -0.793334
   -0.398585
   0.0535991
    0.106682
    0.158738
    0.209266
    0.257779
    0.303811
    0.346917
    0.386683
    0.422726
    0.454697
    0.482291
     0.50524
    0.523324
    0.536367
    0.544245
    0.546882
    0.544252
    0.536381
    0.523344
    0.505267
    0.482323
    0.454734
    0.422765
    0.386724
    0.346958
    0.303849
    0.257815
    0.209297
    0.158763
    0.106699
   0.0536077
   -0.383077
    -0.76246
     -1.1345
     -1.4956
     -1.8423
    -2.17125
     -2.4793
    -2.76346
      -3.021
    -3.24945
    -3.44661
    -3.61057
    -3.73976
    -3.83293
    -3.88919
    -3.90799
    -3.88916
    -3.83287
    -3.73968
    -3.61046
    -3.44648
    -3.24931
    -3.02084
    -2.76329
    -2.47912
    -2.17109
    -1.84214
    -1.49546
    -1.13438
   -0.762374
   -0.383031
    0.051809
     0.10312
    0.153438
    0.202278
    0.249171
    0.293665
    0.335331
    0.373768
    0.408606
     0.43951
    0.466181
    0.488363
    0.505842
     0.51845
    0.526065
    0.528614
    0.526073
    0.518464
    0.505862
    0.488387
    0.466209
    0.439541
     0.40864
    0.373803
    0.335365
    0.293697
      0.2492
    0.202303
    0.153457
    0.103134
   0.0518164
   -0.367817
   -0.732088
     -1.0893
    -1.43603
    -1.76892
    -2.08477
    -2.38055
    -2.65339
    -2.90069
    -3.12004
    -3.30934
    -3.46677
    -3.59082
    -3.68028
     -3.7343
    -3.75236
    -3.73428
    -3.68024
    -3.59075
    -3.46668
    -3.30923
    -3.11991
    -2.90055
    -2.65325
     -2.3804
    -2.08463
    -1.76879
    -1.43591
    -1.08921
   -0.732017
   -0.367778
   0.0500505
   0.0996191
    0.148229
    0.195411
    0.240711
    0.283694
    0.323944
    0.361076
    0.394729
    0.424583
    0.450348
    0.471776
    0.488661
     0.50084
    0.508195
    0.510656
    0.508199
    0.500848
    0.488673
    0.471792
    0.450367
    0.424605
    0.394754
    0.361101
    0.323969
    0.283717
    0.240733
    0.195429
    0.148243
   0.0996295
   0.0500557
    -0.35286
   -0.702318
    -1.04501
    -1.37764
      -1.697
    -2.00001
    -2.28376
    -2.54551
    -2.78275
    -2.99319
     -3.1748
    -3.32583
    -3.44484
    -3.53067
    -3.58249
    -3.59982
    -3.58247
    -3.53063
    -3.44478
    -3.32575
    -3.17471
    -2.99308
    -2.78264
    -2.54539
    -2.28363
    -1.99989
    -1.69688
    -1.37754
    -1.04493
   -0.702258
   -0.352827
   0.0483227
   0.0961797
     0.14311
    0.188663
    0.232398
    0.273895
    0.312755
    0.348603
    0.381093
    0.409914
    0.434787
    0.455474
    0.471774
    0.483531
    0.490631
    0.493006
    0.490633
    0.483535
    0.471781
    0.455483
    0.434798
    0.409927
    0.381107
    0.348617
     0.31277
     0.27391
    0.232412
    0.188675
     0.14312
   0.0961864
   0.0483257
   -0.338205
   -0.673151
    -1.00161
    -1.32043
    -1.62653
    -1.91696
    -2.18893
    -2.43982
     -2.6672
     -2.8689
    -3.04297
    -3.18774
     -3.3018
    -3.38407
    -3.43375
    -3.45035
    -3.43373
    -3.38404
    -3.30175
    -3.18767
    -3.04289
    -2.86881
     -2.6671
    -2.43971
    -2.18882
    -1.91685
    -1.62643
    -1.32034
    -1.00154
   -0.673099
   -0.338177
   0.0466247
   0.0927999
    0.138081
    0.182032
    0.224229
    0.264267
    0.301759
    0.336346
    0.367694
    0.395501
    0.419498
    0.439456
    0.455183
    0.466525
    0.473375
    0.475666
    0.473377
    0.466529
    0.455189
    0.439466
     0.41951
    0.395514
    0.367709
    0.336362
    0.301776
    0.264283
    0.224244
    0.182044
     0.13809
   0.0928054
   0.0466267
   -0.323855
    -0.64459
   -0.959117
    -1.26441
    -1.55752
    -1.83563
    -2.09606
    -2.33631
    -2.55405
    -2.74719
    -2.91388
     -3.0525
    -3.16173
     -3.2405
    -3.28807
    -3.30397
    -3.28805
    -3.24047
    -3.16167
    -3.05243
    -2.91379
    -2.74709
    -2.55394
    -2.33619
    -2.09594
    -1.83552
    -1.55742
    -1.26432
   -0.959045
   -0.644539
   -0.323828
   0.0449566
   0.0894795
     0.13314
    0.175518
    0.216205
    0.254809
    0.290959
    0.324307
    0.354532
    0.381343
    0.404481
    0.423724
    0.438887
    0.449823
    0.456428
    0.458638
    0.456432
     0.44983
    0.438897
    0.423739
    0.404499
    0.381363
    0.354555
    0.324332
    0.290984
    0.254833
    0.216226
    0.175535
    0.133153
   0.0894868
   0.0449591
   -0.309807
    -0.61663
   -0.917516
    -1.20957
    -1.48996
    -1.75601
    -2.00515
    -2.23497
    -2.44327
    -2.62804
     -2.7875
     -2.9201
    -3.02459
    -3.09995
    -3.14546
    -3.16067
    -3.14544
    -3.09992
    -3.02454
    -2.92003
     -2.7874
    -2.62793
    -2.44316
    -2.23485
    -2.00503
     -1.7559
    -1.48986
    -1.20947
   -0.917444
   -0.616581
   -0.309782
   0.0433179
   0.0862178
    0.128287
     0.16912
    0.208323
    0.245521
    0.280353
    0.312486
    0.341609
    0.367442
    0.389738
    0.408281
    0.422892
    0.433432
    0.439798
    0.441929
    0.439805
    0.433446
    0.422913
    0.408308
     0.38977
    0.367479
    0.341647
    0.312525
    0.280392
    0.245557
    0.208355
    0.169146
    0.128306
   0.0862291
   0.0433222
   -0.296063
   -0.589274
   -0.876811
     -1.1559
    -1.42386
    -1.67811
    -1.91619
    -2.13582
    -2.33488
    -2.51145
    -2.66383
    -2.79055
     -2.8904
    -2.96242
     -3.0059
    -3.02043
    -3.00588
    -2.96237
    -2.89034
    -2.79047
    -2.66373
    -2.51133
    -2.33475
    -2.13569
    -1.91607
    -1.67799
    -1.42376
    -1.15581
   -0.876739
   -0.589225
   -0.296037
   0.0417088
   0.0830154
    0.123522
    0.162838
    0.200586
    0.236402
    0.269942
    0.300882
    0.328925
    0.353801
     0.37527
    0.393126
    0.407198
    0.417349
    0.423482
    0.425537
    0.423494
    0.417374
    0.407234
    0.393171
    0.375322
    0.353858
    0.328984
    0.300942
    0.269999
    0.236456
    0.200633
    0.162876
     0.12355
   0.0830326
   0.0417161
    -0.28262
   -0.562518
   -0.836999
    -1.10342
    -1.35921
    -1.60191
    -1.82918
    -2.03884
    -2.22886
    -2.39741
    -2.54287
    -2.66384
    -2.75916
     -2.8279
     -2.8694
    -2.88327
    -2.86938
    -2.82785
    -2.75909
    -2.66375
    -2.54277
     -2.3973
    -2.22874
    -2.03872
    -1.82906
     -1.6018
    -1.35911
    -1.10333
    -0.83693
   -0.562471
   -0.282596
   0.0401301
   0.0798735
    0.118847
    0.156677
    0.192998
     0.22746
    0.259732
    0.289504
    0.316489
    0.340427
    0.361087
    0.378271
    0.391813
    0.401582
    0.407485
    0.409464
      0.4075
    0.401611
    0.391855
    0.378325
    0.361151
    0.340497
    0.316564
     0.28958
    0.259805
    0.227527
    0.193057
    0.156725
    0.118883
   0.0798963
   0.0401403
    -0.26948
   -0.536363
   -0.798082
    -1.05211
    -1.29601
    -1.52743
    -1.74413
    -1.94403
    -2.12521
    -2.28593
    -2.42462
    -2.53997
    -2.63085
     -2.6964
    -2.73597
     -2.7492
    -2.73595
    -2.69635
    -2.63079
    -2.53989
    -2.42453
    -2.28583
    -2.12511
    -1.94392
    -1.74402
    -1.52732
    -1.29592
    -1.05203
   -0.798018
    -0.53632
   -0.269457
   0.0385819
   0.0767926
    0.114264
    0.150636
    0.185558
    0.218694
    0.249725
    0.278352
      0.3043
    0.327318
    0.347185
     0.36371
    0.376732
    0.386127
    0.391804
    0.393708
     0.39182
    0.386159
    0.376779
     0.36377
    0.347256
    0.327398
    0.304385
    0.278439
     0.24981
    0.218773
    0.185628
    0.150693
    0.114307
   0.0768207
   0.0385951
   -0.256641
    -0.51081
   -0.760057
    -1.00198
    -1.23426
    -1.45465
    -1.66102
     -1.8514
    -2.02395
      -2.177
    -2.30909
    -2.41894
    -2.50549
    -2.56792
    -2.60561
    -2.61821
     -2.6056
    -2.56789
    -2.50545
    -2.41888
    -2.30902
    -2.17692
    -2.02386
    -1.85131
    -1.66093
    -1.45456
    -1.23418
    -1.00192
   -0.760004
   -0.510772
   -0.256621
   0.0370674
   0.0737784
    0.109779
    0.144724
    0.178276
    0.210112
    0.239926
     0.26743
     0.29236
    0.314476
    0.333563
     0.34944
    0.361951
    0.370977
    0.376431
     0.37826
    0.376445
    0.371005
    0.361992
    0.349491
    0.333625
    0.314544
    0.292433
    0.267505
    0.239999
    0.210181
    0.178337
    0.144775
    0.109818
   0.0738038
   0.0370796
   -0.244103
   -0.485853
   -0.722924
   -0.953029
    -1.17396
    -1.38358
    -1.57987
    -1.76095
    -1.92507
    -2.07065
    -2.19629
    -2.30077
     -2.3831
    -2.44247
    -2.47833
    -2.49031
    -2.47831
    -2.44245
    -2.38306
    -2.30073
    -2.19624
    -2.07059
    -1.92501
    -1.76089
    -1.57981
    -1.38352
     -1.1739
    -0.95298
   -0.722883
   -0.485825
   -0.244088
   0.0355852
   0.0708284
     0.10539
    0.138938
    0.171148
    0.201711
    0.230332
    0.256735
    0.280667
    0.301896
    0.320219
    0.335458
    0.347468
    0.356132
    0.361366
    0.363119
    0.361375
    0.356151
    0.347496
    0.335494
    0.320259
     0.30194
    0.280712
    0.256781
    0.230377
    0.201753
    0.171186
    0.138969
    0.105414
   0.0708445
   0.0355932
   -0.231867
     -0.4615
   -0.686687
    -0.90526
    -1.11511
    -1.31423
    -1.50069
    -1.67269
    -1.82858
    -1.96687
    -2.08621
    -2.18547
    -2.26367
    -2.32007
    -2.35413
    -2.36551
    -2.35412
    -2.32005
    -2.26364
    -2.18543
    -2.08617
    -1.96683
    -1.82854
    -1.67265
    -1.50064
    -1.31419
    -1.11508
   -0.905227
   -0.686661
   -0.461481
   -0.231857
   0.0341357
   0.0679418
    0.101093
    0.133271
    0.164165
    0.193479
    0.220929
    0.246253
    0.269205
    0.289565
    0.307137
    0.321751
    0.333267
    0.341574
    0.346591
     0.34827
    0.346595
    0.341581
    0.333278
    0.321764
    0.307152
    0.289581
    0.269221
    0.246268
    0.220944
    0.193492
    0.164176
    0.133279
    0.101098
   0.0679442
   0.0341363
   -0.219934
    -0.43775
    -0.65135
   -0.858677
    -1.05773
     -1.2466
    -1.42347
    -1.58662
     -1.7345
    -1.86567
    -1.97887
    -2.07302
     -2.1472
     -2.2007
    -2.23301
    -2.24381
    -2.23301
    -2.20069
    -2.14719
      -2.073
    -1.97885
    -1.86564
    -1.73447
     -1.5866
    -1.42344
    -1.24658
    -1.05771
   -0.858657
   -0.651335
    -0.43774
    -0.21993
   0.0327166
   0.0651157
   0.0968855
    0.127721
    0.157326
    0.185415
    0.211719
    0.235984
    0.257976
    0.277483
    0.294318
    0.308319
     0.31935
    0.327305
    0.332108
    0.333713
    0.332104
    0.327298
    0.319339
    0.308306
    0.294303
    0.277465
    0.257956
    0.235963
    0.211698
    0.185395
    0.157306
    0.127702
   0.0968688
   0.0651023
   0.0327087
   -0.208306
   -0.414606
   -0.616914
   -0.813282
    -1.00182
     -1.1807
    -1.34822
    -1.50275
    -1.64281
    -1.76705
    -1.87428
    -1.96345
    -2.03371
    -2.08438
    -2.11498
    -2.12521
    -2.11498
    -2.08437
     -2.0337
    -1.96343
    -1.87426
    -1.76704
     -1.6428
    -1.50274
    -1.34821
    -1.18069
    -1.00181
   -0.813275
    -0.61691
   -0.414606
   -0.208307
   0.0313236
   0.0623425
   0.0927579
    0.122278
    0.150619
    0.177508
    0.202687
    0.225913
    0.246963
    0.265635
    0.281749
    0.295149
    0.305706
     0.31332
    0.317916
     0.31945
    0.317909
    0.313306
    0.305687
    0.295124
     0.28172
    0.265603
    0.246928
    0.225876
    0.202649
     0.17747
    0.150582
    0.122244
   0.0927287
     0.06232
   0.0313109
   -0.196983
   -0.392069
   -0.583381
   -0.769075
   -0.947365
    -1.11653
    -1.27494
    -1.42108
    -1.55353
    -1.67102
    -1.77241
    -1.85674
    -1.92318
    -1.97111
    -2.00004
    -2.00972
    -2.00004
     -1.9711
    -1.92318
    -1.85674
    -1.77241
    -1.67101
    -1.55352
    -1.42108
    -1.27494
    -1.11653
   -0.947369
   -0.769083
    -0.58339
   -0.392079
    -0.19699
    0.029958
   0.0596239
   0.0887118
    0.116943
    0.144045
    0.169758
    0.193835
    0.216044
    0.236172
    0.254025
    0.269432
    0.282245
    0.292339
    0.299619
    0.304013
     0.30548
    0.304006
    0.299605
     0.29232
     0.28222
    0.269403
    0.253992
    0.236135
    0.216004
    0.193793
    0.169716
    0.144003
    0.116904
   0.0886782
    0.059598
   0.0299433
   -0.185964
   -0.370138
    -0.55075
   -0.726059
   -0.894377
    -1.05408
    -1.20364
     -1.3416
    -1.46665
    -1.57756
    -1.67329
     -1.7529
    -1.81563
    -1.86088
     -1.8882
    -1.89734
    -1.88821
    -1.86089
    -1.81564
    -1.75291
     -1.6733
    -1.57758
    -1.46666
    -1.34162
    -1.20366
    -1.05411
   -0.894404
   -0.726087
   -0.550778
   -0.370162
    -0.18598
   0.0286166
   0.0569546
   0.0847405
    0.111708
    0.137597
     0.16216
    0.185159
    0.206374
    0.225601
    0.242655
    0.257373
    0.269612
    0.279256
    0.286211
    0.290409
    0.291812
    0.290406
    0.286203
    0.279245
    0.269598
    0.257356
    0.242635
    0.225578
    0.206348
    0.185131
    0.162131
    0.137568
     0.11168
   0.0847162
   0.0569355
   0.0286058
   -0.175249
   -0.348813
    -0.51902
   -0.684231
   -0.842853
    -0.99336
     -1.1343
    -1.26432
    -1.38216
     -1.4867
    -1.57691
    -1.65194
    -1.71106
     -1.7537
    -1.77945
    -1.78807
    -1.77946
    -1.75372
    -1.71108
    -1.65197
    -1.57695
    -1.48674
    -1.38221
    -1.26438
    -1.13436
   -0.993424
   -0.842918
   -0.684292
   -0.519075
   -0.348857
   -0.175276
   0.0273019
   0.0543385
   0.0808489
    0.106579
    0.131281
    0.154717
    0.176662
    0.196906
    0.215253
    0.231527
    0.245572
    0.257252
    0.266456
    0.273094
    0.277104
    0.278445
    0.277106
    0.273099
    0.266462
    0.257259
    0.245578
    0.231533
    0.215258
    0.196909
    0.176663
    0.154716
    0.131277
    0.106574
   0.0808429
   0.0543326
   0.0272982
    -0.16484
   -0.328095
   -0.488193
   -0.643591
   -0.792794
   -0.934365
    -1.06694
    -1.18924
    -1.30009
    -1.39841
    -1.48327
    -1.55385
    -1.60947
    -1.64958
    -1.67381
    -1.68191
    -1.67382
    -1.64961
    -1.60951
    -1.55391
    -1.48335
    -1.39851
    -1.30019
    -1.18935
    -1.06705
   -0.934478
   -0.792904
   -0.643692
   -0.488279
    -0.32816
   -0.164877
    0.026015
   0.0517782
    0.077041
    0.101561
    0.125102
    0.147438
    0.168353
    0.187648
    0.205136
    0.220648
    0.234037
    0.245172
    0.253947
    0.260277
    0.264101
    0.265383
     0.26411
    0.260293
    0.253969
      0.2452
    0.234069
    0.220684
    0.205173
    0.187685
    0.168389
     0.14747
     0.12513
    0.101584
   0.0770586
   0.0517896
   0.0260206
   -0.154734
   -0.307981
   -0.458267
   -0.604141
     -0.7442
   -0.877094
    -1.00154
    -1.11635
    -1.22041
    -1.31271
    -1.39238
    -1.45864
    -1.51085
    -1.54851
    -1.57126
    -1.57888
    -1.57129
    -1.54856
    -1.51093
    -1.45875
    -1.39251
    -1.31286
    -1.22057
    -1.11652
    -1.00172
   -0.877264
    -0.74436
   -0.604284
   -0.458386
   -0.308071
   -0.154784
   0.0247567
    0.049275
   0.0733183
   0.0966558
    0.119063
    0.140324
    0.160234
    0.178602
    0.195251
    0.210021
    0.222769
    0.233372
    0.241729
    0.247759
    0.251403
    0.252626
    0.251417
    0.247786
    0.241769
    0.233423
    0.222829
    0.210088
    0.195324
    0.178677
    0.160308
    0.140395
    0.119128
   0.0967118
   0.0733631
   0.0493063
   0.0247731
   -0.144933
   -0.288475
   -0.429242
    -0.56588
   -0.697072
   -0.821552
   -0.938124
    -1.04567
    -1.14314
     -1.2296
    -1.30423
     -1.3663
    -1.41521
     -1.4505
    -1.47181
    -1.47895
    -1.47185
    -1.45057
    -1.41533
    -1.36645
    -1.30441
    -1.22981
    -1.14335
    -1.04589
   -0.938352
   -0.821773
   -0.697277
   -0.566063
   -0.429394
   -0.288586
   -0.144994
   0.0235284
   0.0468318
   0.0696853
   0.0918694
     0.11317
    0.133382
    0.152312
    0.169776
    0.185606
     0.19965
    0.211773
    0.221857
    0.229805
    0.235541
    0.239009
    0.240175
    0.239029
     0.23558
    0.229862
     0.22193
     0.21186
    0.199748
    0.185712
    0.169886
    0.152422
    0.133489
    0.113269
   0.0919564
   0.0697563
   0.0468825
   0.0235555
   -0.135437
   -0.269574
    -0.40112
   -0.528808
   -0.651408
   -0.767738
   -0.876679
   -0.977181
    -1.06828
    -1.14908
    -1.21883
    -1.27684
    -1.32256
    -1.35554
    -1.37546
    -1.38214
    -1.37551
    -1.35563
     -1.3227
    -1.27702
    -1.21904
    -1.14933
    -1.06854
   -0.977453
   -0.876953
   -0.768004
   -0.651655
   -0.529027
     -0.4013
   -0.269705
   -0.135507
   0.0223305
   0.0444492
   0.0661428
    0.087202
    0.107424
    0.126614
    0.144586
    0.161169
      0.1762
    0.189537
    0.201049
    0.210627
    0.218177
    0.223626
    0.226922
    0.228033
    0.226947
    0.223676
     0.21825
    0.210721
    0.201162
    0.189664
    0.176338
    0.161312
    0.144731
    0.126755
    0.107556
   0.0873186
   0.0662386
   0.0445187
   0.0223681
   -0.126246
   -0.251282
   -0.373903
   -0.492928
   -0.607212
   -0.715653
   -0.817207
   -0.910896
   -0.995816
    -1.07115
    -1.13617
    -1.19025
    -1.23287
    -1.26362
     -1.2822
    -1.28843
    -1.28225
    -1.26372
    -1.23302
    -1.19045
    -1.13641
    -1.07142
   -0.996107
     -0.9112
   -0.817514
    -0.71595
   -0.607489
   -0.493172
   -0.374102
   -0.251426
   -0.126323
   0.0211653
   0.0421309
   0.0626945
    0.082658
    0.101829
    0.120022
    0.137062
    0.152784
    0.167038
    0.179684
    0.190602
    0.199685
    0.206846
    0.212015
    0.215143
    0.216199
    0.215173
    0.212074
    0.206932
    0.199796
    0.190734
    0.179834
    0.167201
    0.152955
    0.137235
    0.120191
    0.101987
   0.0827989
   0.0628108
   0.0422153
   0.0212109
   -0.117359
   -0.233594
   -0.347586
   -0.458238
   -0.564482
   -0.665297
   -0.759709
   -0.846809
   -0.925759
   -0.995796
    -1.05625
    -1.10653
    -1.14615
    -1.17474
    -1.19202
    -1.19781
    -1.19207
    -1.17485
    -1.14631
    -1.10673
    -1.05649
   -0.996077
   -0.926064
   -0.847128
    -0.76003
   -0.665609
   -0.564773
   -0.458495
   -0.347798
   -0.233746
   -0.117441
   0.0200319
   0.0398756
   0.0593398
   0.0782367
   0.0963841
    0.113607
    0.129738
    0.144624
    0.158119
    0.170093
     0.18043
    0.189032
    0.195814
    0.200711
    0.203675
    0.204677
    0.203708
    0.200777
     0.19591
    0.189156
    0.180579
    0.170261
    0.158302
    0.144817
    0.129934
    0.113798
   0.0965642
   0.0783973
   0.0594726
   0.0399722
    0.020084
   -0.108777
   -0.216513
   -0.322173
   -0.424736
   -0.523217
   -0.616664
   -0.704178
   -0.784915
   -0.858097
   -0.923019
   -0.979053
    -1.02566
    -1.06239
    -1.08889
    -1.10491
    -1.11028
    -1.10497
      -1.089
    -1.06255
    -1.02587
   -0.979299
   -0.923297
   -0.858399
   -0.785231
   -0.704497
   -0.616975
   -0.523507
   -0.424994
   -0.322384
   -0.216667
   -0.108859
   0.0189306
   0.0376839
    0.056079
   0.0739387
   0.0910904
    0.107369
    0.122617
    0.136687
    0.149443
    0.160762
    0.170535
    0.178668
     0.18508
    0.189711
    0.192516
    0.193466
    0.192553
    0.189786
    0.185189
    0.178808
    0.170704
    0.160953
    0.149651
    0.136905
    0.122838
    0.107585
   0.0912935
   0.0741192
   0.0562275
   0.0377913
   0.0189881
     -0.1005
    -0.20004
   -0.297662
   -0.392425
   -0.483415
   -0.569756
   -0.650615
   -0.725213
    -0.79283
   -0.852815
    -0.90459
   -0.947654
   -0.981593
    -1.00608
    -1.02088
    -1.02584
    -1.02093
    -1.00618
    -0.98174
   -0.947843
   -0.904815
   -0.853071
   -0.793108
   -0.725504
    -0.65091
   -0.570045
   -0.483686
   -0.392666
   -0.297861
   -0.200185
   -0.100578
   0.0178611
   0.0355553
   0.0529119
   0.0697637
   0.0859479
    0.101308
    0.115697
    0.128974
    0.141012
    0.151695
    0.160919
    0.168595
    0.174648
    0.179021
     0.18167
     0.18257
    0.181713
    0.179104
    0.174771
    0.168753
    0.161108
     0.15191
    0.141247
     0.12922
    0.115946
    0.101551
   0.0861746
   0.0699643
    0.053076
   0.0356732
   0.0179237
  -0.0925271
   -0.184171
    -0.27405
   -0.361297
   -0.445071
   -0.524565
   -0.599011
   -0.667693
   -0.729948
   -0.785176
   -0.832844
   -0.872493
    -0.90374
   -0.926284
   -0.939907
   -0.944477
   -0.939951
   -0.926371
   -0.903868
   -0.872658
   -0.833042
   -0.785401
   -0.730195
   -0.667953
   -0.599275
   -0.524825
   -0.445317
   -0.361517
   -0.274233
   -0.184305
  -0.0925996
   0.0168222
   0.0334877
   0.0498358
   0.0657088
   0.0809535
   0.0954229
    0.108977
    0.121486
    0.132827
    0.142893
    0.151584
    0.158818
    0.164525
    0.168648
    0.171148
    0.172001
    0.171197
    0.168744
    0.164666
       0.159
    0.151801
    0.143138
    0.133093
    0.121763
    0.109257
    0.095694
   0.0812053
   0.0659303
   0.0500161
   0.0336167
   0.0168905
  -0.0848589
   -0.168908
   -0.251338
   -0.331354
   -0.408185
   -0.481089
   -0.549365
   -0.612353
   -0.669447
   -0.720096
   -0.763811
   -0.800171
   -0.828826
   -0.849499
    -0.86199
    -0.86618
   -0.862027
   -0.849572
   -0.828933
    -0.80031
   -0.763978
   -0.720287
   -0.669657
   -0.612576
   -0.549593
   -0.481314
   -0.408398
   -0.331545
   -0.251498
   -0.169025
  -0.0849225
   0.0158147
   0.0314825
   0.0468523
   0.0617761
   0.0761098
   0.0897152
    0.102461
    0.114224
    0.124891
    0.134358
    0.142535
    0.149342
    0.154712
    0.158595
    0.160951
    0.161758
    0.161007
    0.158706
    0.154874
     0.14955
    0.142783
    0.134637
    0.125192
    0.114537
    0.102774
   0.0900168
    0.076388
   0.0620193
   0.0470493
   0.0316227
   0.0158886
   -0.077492
   -0.154244
   -0.229518
   -0.302586
   -0.372746
   -0.439319
   -0.501665
   -0.559183
   -0.611318
   -0.657566
   -0.697483
   -0.730684
   -0.756848
   -0.775724
    -0.78713
   -0.790954
   -0.787161
   -0.775786
   -0.756939
   -0.730802
   -0.697625
   -0.657728
   -0.611495
   -0.559372
   -0.501859
   -0.439511
   -0.372927
   -0.302749
   -0.229654
   -0.154344
  -0.0775462
   0.0148389
    0.029541
   0.0439645
   0.0579702
    0.071423
   0.0841931
   0.0961574
      0.1072
    0.117215
    0.126104
    0.133783
    0.140176
    0.145221
    0.148869
    0.151085
    0.151846
    0.151145
    0.148987
    0.145393
    0.140397
    0.134046
      0.1264
    0.117534
    0.107532
   0.0964892
   0.0845129
   0.0717181
   0.0582282
   0.0441736
   0.0296901
   0.0149177
  -0.0704267
    -0.14018
   -0.208589
   -0.274993
   -0.338752
   -0.399252
    -0.45591
   -0.508178
   -0.555555
   -0.597583
   -0.633857
   -0.664027
   -0.687804
   -0.704957
   -0.715321
   -0.718796
   -0.715349
   -0.705012
   -0.687885
   -0.664131
    -0.63398
   -0.597722
   -0.555706
   -0.508337
    -0.45607
   -0.399409
     -0.3389
   -0.275125
   -0.208699
   -0.140261
  -0.0704702
   0.0138961
   0.0276651
   0.0411745
   0.0542933
   0.0668953
   0.0788588
   0.0900683
    0.100415
      0.1098
    0.118131
    0.125328
    0.131321
    0.136051
    0.139472
    0.141551
    0.142267
    0.141611
    0.139591
    0.136224
    0.131544
    0.125593
     0.11843
    0.110123
    0.100751
   0.0904052
   0.0791844
   0.0671966
   0.0545575
   0.0413892
   0.0278188
   0.0139776
  -0.0636615
   -0.126714
   -0.188549
   -0.248572
   -0.306203
   -0.360888
   -0.412099
   -0.459343
   -0.502164
   -0.540151
   -0.572936
   -0.600205
   -0.621694
   -0.637197
   -0.646564
   -0.649705
   -0.646588
   -0.637243
   -0.621761
    -0.60029
   -0.573036
   -0.540262
   -0.502285
   -0.459468
   -0.412225
   -0.361011
   -0.306318
   -0.248674
   -0.188634
   -0.126775
  -0.0636947
   0.0129902
   0.0258618
   0.0384908
   0.0507551
   0.0625366
   0.0737214
   0.0842016
   0.0938756
     0.10265
    0.110439
    0.117168
    0.122772
    0.127195
    0.130394
    0.132338
    0.133008
    0.132395
    0.130507
     0.12736
    0.122984
    0.117421
    0.110725
    0.102958
    0.094196
   0.0845229
   0.0740319
    0.062824
   0.0510075
   0.0386961
   0.0260089
   0.0130684
  -0.0571951
   -0.113842
   -0.169396
    -0.22332
   -0.275096
   -0.324224
   -0.370231
   -0.412674
   -0.451143
   -0.485268
    -0.51472
   -0.539216
   -0.558519
   -0.572444
   -0.580856
   -0.583674
   -0.580872
   -0.572475
   -0.558564
   -0.539274
   -0.514789
   -0.485347
   -0.451229
   -0.412765
   -0.370324
   -0.324315
   -0.275182
   -0.223397
    -0.16946
   -0.113889
    -0.05722
   0.0121198
   0.0241286
    0.035911
    0.047353
   0.0583443
   0.0687787
   0.0785552
   0.0875794
   0.0957636
    0.103029
    0.109304
     0.11453
    0.118654
    0.121637
    0.123449
    0.124072
      0.1235
    0.121738
    0.118802
     0.11472
    0.109531
    0.103284
   0.0960393
   0.0878658
   0.0788421
   0.0690558
   0.0586009
   0.0475784
   0.0360948
   0.0242606
   0.0121902
  -0.0510292
   -0.101569
   -0.151132
   -0.199241
   -0.245432
   -0.289261
   -0.330305
   -0.368169
   -0.402487
    -0.43293
   -0.459203
   -0.481054
   -0.498273
   -0.510693
   -0.518195
   -0.520707
   -0.518205
   -0.510712
     -0.4983
    -0.48109
   -0.459247
    -0.43298
   -0.402544
    -0.36823
   -0.330368
   -0.289324
   -0.245492
   -0.199294
   -0.151176
   -0.101601
  -0.0510462
   0.0112825
   0.0224604
   0.0334266
   0.0440752
   0.0543039
   0.0640139
   0.0731116
   0.0815089
   0.0891248
   0.0958853
    0.101725
    0.106587
    0.110424
    0.113198
    0.114883
    0.115461
    0.114927
    0.113285
    0.110551
    0.106751
    0.101921
   0.0961066
   0.0893641
    0.081758
   0.0733611
   0.0642547
   0.0545264
   0.0442702
    0.033585
   0.0225739
    0.011343
  -0.0451648
  -0.0898949
   -0.133759
   -0.176335
   -0.217213
      -0.256
    -0.29232
   -0.325826
   -0.356194
   -0.383133
   -0.406382
   -0.425717
   -0.440954
   -0.451945
   -0.458583
   -0.460805
    -0.45859
   -0.451958
   -0.440973
   -0.425742
   -0.406411
   -0.383166
    -0.35623
   -0.325864
   -0.292359
   -0.256038
   -0.217249
   -0.176367
   -0.133785
  -0.0899126
  -0.0451737
   0.0104773
   0.0208561
   0.0310366
   0.0409215
   0.0504158
   0.0594282
    0.067872
   0.0756658
   0.0827342
   0.0890089
    0.094429
   0.0989414
    0.102502
    0.105076
    0.106637
    0.107172
    0.106674
    0.105147
    0.102607
   0.0990769
   0.0945914
   0.0891933
   0.0829343
   0.0758742
   0.0680809
   0.0596293
    0.050601
   0.0410829
   0.0311669
   0.0209488
   0.0105266
  -0.0395989
  -0.0788154
   -0.117272
   -0.154598
   -0.190435
   -0.224437
   -0.256277
   -0.285649
   -0.312271
   -0.335885
   -0.356266
   -0.373216
   -0.386573
   -0.396208
   -0.402027
   -0.403975
   -0.402032
   -0.396217
   -0.386587
   -0.373234
   -0.356286
   -0.335908
   -0.312294
   -0.285673
     -0.2563
   -0.224459
   -0.190455
   -0.154616
   -0.117285
   -0.078824
  -0.0396025
  0.00970152
    0.019312
   0.0287391
   0.0378919
   0.0466824
    0.055026
   0.0628423
    0.070056
   0.0765976
   0.0824037
   0.0874183
   0.0915924
   0.0948854
   0.0972651
   0.0987081
   0.0992003
   0.0987367
   0.0973215
   0.0949679
   0.0916986
   0.0875447
   0.0825462
   0.0767512
   0.0702152
   0.0630011
   0.0551787
   0.0468233
   0.0380155
   0.0288401
   0.0193851
  0.00974123
  -0.0343287
  -0.0683259
   -0.101664
   -0.134023
   -0.165091
    -0.19457
   -0.222174
   -0.247639
   -0.270719
   -0.291193
   -0.308862
   -0.323557
   -0.335137
   -0.343489
   -0.348533
   -0.350222
   -0.348537
   -0.343496
   -0.335147
   -0.323571
   -0.308878
   -0.291211
   -0.270739
   -0.247659
   -0.222195
    -0.19459
    -0.16511
    -0.13404
   -0.101677
  -0.0683347
  -0.0343329
  0.00895669
   0.0178299
   0.0265343
   0.0349851
    0.043101
   0.0508033
   0.0580178
    0.064675
   0.0707106
   0.0760665
    0.080691
   0.0845395
   0.0875748
   0.0897675
    0.091096
   0.0915473
    0.091117
   0.0898086
   0.0876344
   0.0846151
   0.0807796
   0.0761647
   0.0708147
   0.0647815
   0.0581232
   0.0509044
    0.043195
   0.0350692
   0.0266051
   0.0178832
   0.0089868
  -0.0293604
  -0.0584374
   -0.086951
   -0.114628
   -0.141201
   -0.166414
   -0.190026
   -0.211807
   -0.231549
   -0.249061
   -0.264175
   -0.276745
   -0.286649
   -0.293793
   -0.298108
   -0.299552
   -0.298111
     -0.2938
    -0.28666
   -0.276758
   -0.264192
   -0.249081
    -0.23157
    -0.21183
   -0.190049
   -0.166437
   -0.141223
   -0.114647
  -0.0869674
   -0.058449
  -0.0293666
  0.00824463
   0.0164114
   0.0244218
   0.0321983
   0.0396658
   0.0467522
   0.0533893
   0.0595131
   0.0650644
   0.0699898
   0.0742417
   0.0777794
   0.0805686
   0.0825822
   0.0838008
   0.0842124
   0.0838131
   0.0826065
   0.0806041
   0.0778251
    0.074296
   0.0700507
     0.06513
   0.0595809
   0.0534571
   0.0468178
   0.0397273
   0.0322537
   0.0244688
    0.016447
  0.00826485
  -0.0246944
  -0.0491508
  -0.0731338
  -0.0964129
   -0.118764
   -0.139972
   -0.159832
   -0.178154
    -0.19476
   -0.209491
   -0.222205
    -0.23278
   -0.241112
   -0.247123
   -0.250754
   -0.251969
   -0.250758
   -0.247132
   -0.241126
   -0.232797
   -0.222227
   -0.209516
   -0.194788
   -0.178183
   -0.159864
   -0.140004
   -0.118795
  -0.0964411
  -0.0731574
   -0.049168
  -0.0247037
  0.00756298
   0.0150534
   0.0223991
   0.0295295
    0.036376
   0.0428725
   0.0489567
   0.0545699
   0.0596581
    0.064172
   0.0680683
   0.0713093
   0.0738636
   0.0757066
   0.0768205
   0.0771946
   0.0768253
   0.0757165
   0.0738789
   0.0713305
   0.0680956
   0.0642049
   0.0596959
   0.0546109
   0.0489991
   0.0429146
   0.0364158
   0.0295655
   0.0224293
   0.0150759
  0.00757559
  -0.0203301
  -0.0404649
  -0.0602104
  -0.0793767
  -0.0977791
   -0.115241
   -0.131593
   -0.146678
   -0.160351
   -0.172481
    -0.18295
   -0.191658
   -0.198521
   -0.203471
   -0.206462
   -0.207464
   -0.206468
   -0.203484
   -0.198539
   -0.191683
    -0.18298
   -0.172516
    -0.16039
   -0.146719
   -0.131636
   -0.115284
  -0.0978216
  -0.0794154
  -0.0602428
  -0.0404886
   -0.020343
  0.00690865
   0.0137511
   0.0204613
   0.0269745
   0.0332279
   0.0391614
   0.0447177
   0.0498434
   0.0544891
   0.0586103
   0.0621671
   0.0651255
   0.0674569
   0.0691389
   0.0701555
   0.0704967
   0.0701595
    0.069147
   0.0674692
   0.0651421
   0.0621881
   0.0586351
   0.0545172
   0.0498736
   0.0447487
   0.0391921
   0.0332572
    0.027001
   0.0204837
    0.013768
  0.00691821
  -0.0162678
  -0.0323799
  -0.0481812
  -0.0635194
  -0.0782469
  -0.0922215
   -0.105309
   -0.117382
   -0.128325
   -0.138032
   -0.146411
    -0.15338
   -0.158872
   -0.162834
   -0.165228
   -0.166031
   -0.165236
    -0.16285
   -0.158895
   -0.153411
    -0.14645
   -0.138077
   -0.128375
   -0.117435
   -0.105364
  -0.0922776
  -0.0783007
  -0.0635681
  -0.0482216
  -0.0324093
  -0.0162835
  0.00628287
   0.0125059
   0.0186091
   0.0245332
    0.030221
   0.0356176
    0.040671
   0.0453323
    0.049557
   0.0533045
   0.0565388
    0.059229
   0.0613494
   0.0628799
   0.0638057
   0.0641177
   0.0638129
   0.0628941
   0.0613698
   0.0592546
   0.0565686
   0.0533372
   0.0495914
   0.0453673
   0.0407054
   0.0356507
   0.0302518
   0.0245608
   0.0186323
   0.0125233
  0.00629261
  -0.0125072
  -0.0248952
  -0.0370447
  -0.0488387
  -0.0601634
  -0.0709095
  -0.0809733
  -0.0902574
  -0.0986724
   -0.106137
    -0.11258
   -0.117939
   -0.122163
    -0.12521
   -0.127052
   -0.127671
   -0.127061
   -0.125228
    -0.12219
   -0.117976
   -0.112625
   -0.106189
  -0.0987299
  -0.0903188
  -0.0810367
  -0.0709726
  -0.0602234
  -0.0488925
  -0.0370891
   -0.024927
  -0.0125239
   0.0056869
   0.0113202
   0.0168454
    0.022209
    0.027359
   0.0322457
    0.036822
   0.0410442
   0.0448715
   0.0482671
   0.0511982
   0.0536367
   0.0555591
   0.0569471
   0.0577871
   0.0580711
   0.0577962
   0.0569648
    0.055585
   0.0536697
   0.0512372
   0.0483105
   0.0449176
   0.0410913
   0.0368682
   0.0322893
   0.0273987
   0.0222437
   0.0168739
   0.0113412
   0.0056985
 -0.00904983
   -0.018013
   -0.026803
  -0.0353356
  -0.0435285
  -0.0513027
  -0.0585834
  -0.0653002
  -0.0713886
    -0.07679
  -0.0814525
  -0.0853312
  -0.0883887
  -0.0905954
    -0.09193
  -0.0923797
  -0.0919401
  -0.0906155
  -0.0884186
  -0.0853704
     -0.0815
  -0.0768446
  -0.0714484
  -0.0653632
   -0.058647
  -0.0513644
  -0.0435854
  -0.0353849
   -0.026842
  -0.0180396
 -0.00906299
   0.0051213
    0.010195
   0.0151722
   0.0200044
   0.0246449
   0.0290489
   0.0331742
   0.0369814
   0.0404339
   0.0434978
   0.0461434
    0.048345
   0.0500812
    0.051335
   0.0520943
   0.0523517
   0.0521048
   0.0513558
   0.0501121
   0.0483853
   0.0461921
   0.0435533
   0.0404941
   0.0370439
   0.0332359
   0.0291071
   0.0246975
   0.0200498
   0.0152089
   0.0102217
  0.00513591
  -0.0058933
  -0.0117296
  -0.0174525
  -0.0230076
  -0.0283412
  -0.0334021
  -0.0381416
  -0.0425142
  -0.0464777
  -0.0499943
    -0.05303
  -0.0555557
  -0.0575468
  -0.0589841
  -0.0598534
  -0.0601465
  -0.0598605
  -0.0589981
  -0.0575676
  -0.0555828
  -0.0530629
   -0.050032
  -0.0465191
  -0.0425572
  -0.0381845
  -0.0334428
  -0.0283776
  -0.0230378
   -0.017475
  -0.0117436
 -0.00589934
  0.00458972
  0.00913745
   0.0135994
   0.0179319
   0.0220931
   0.0260428
   0.0297429
    0.033158
   0.0362551
   0.0390039
   0.0413777
   0.0433531
   0.0449109
   0.0460359
    0.046717
   0.0469476
   0.0467255
   0.0460529
   0.0449362
   0.0433863
    0.041418
   0.0390503
   0.0363061
   0.0332117
   0.0297969
   0.0260948
   0.0221412
   0.0179744
   0.0136346
   0.0091636
  0.00460427
   -0.003036
 -0.00604255
 -0.00899054
  -0.0118519
   -0.014599
  -0.0172055
  -0.0196463
  -0.0218978
  -0.0239385
  -0.0257488
  -0.0273111
  -0.0286106
  -0.0296346
  -0.0303732
  -0.0308193
  -0.0309686
  -0.0308197
  -0.0303737
   -0.029635
  -0.0286108
   -0.027311
  -0.0257483
  -0.0239377
  -0.0218963
  -0.0196439
  -0.0172023
   -0.014595
  -0.0118474
 -0.00898588
 -0.00603843
 -0.00303342
  0.00409133
  0.00814577
   0.0121243
   0.0159878
   0.0196988
   0.0232213
   0.0265212
   0.0295667
   0.0323283
    0.034779
   0.0368951
   0.0386557
   0.0400437
   0.0410454
   0.0416509
   0.0418546
   0.0416543
   0.0410521
   0.0400539
   0.0386695
   0.0369125
      0.0348
   0.0323524
   0.0295935
   0.0265499
   0.0232508
    0.019728
   0.0160154
   0.0121488
  0.00816514
  0.00410266
-0.000479245
-0.000953529
 -0.00141797
 -0.00186824
 -0.00229985
 -0.00270878
 -0.00309106
 -0.00344302
 -0.00376127
 -0.00404279
  -0.0042849
 -0.00448531
 -0.00464218
  -0.0047541
 -0.00482007
 -0.00483953
 -0.00481228
 -0.00473838
  -0.0046186
 -0.00445437
 -0.00424735
 -0.00399987
 -0.00371435
  -0.0033937
 -0.00304105
 -0.00266014
 -0.00225463
 -0.00182863
 -0.00138618
-0.000931341
-0.000468106
  0.00362774
  0.00722147
   0.0107468
   0.0141694
   0.0174564
    0.020576
   0.0234981
   0.0261944
   0.0286389
   0.0308078
   0.0326798
   0.0342369
   0.0354637
   0.0363483
   0.0368822
   0.0370601
   0.0368805
   0.0363452
   0.0354597
   0.0342325
   0.0326757
   0.0308044
   0.0286368
   0.0261938
   0.0234989
   0.0205783
     0.01746
    0.014174
   0.0107519
  0.00722631
  0.00363099
  0.00177635
  0.00353676
  0.00526465
  0.00694318
  0.00855633
   0.0100884
   0.0115246
   0.0128511
   0.0140551
   0.0151247
   0.0160496
   0.0168207
   0.0174306
   0.0178733
   0.0181445
   0.0182413
   0.0181626
   0.0179089
   0.0174826
   0.0168872
   0.0161284
   0.0152129
   0.0141494
   0.0129477
   0.0116196
    0.010178
  0.00863719
  0.00701216
  0.00531887
  0.00357405
  0.00179504
  0.00319496
  0.00635827
  0.00945965
   0.0124695
   0.0153589
   0.0181003
   0.0206675
   0.0230356
   0.0251818
   0.0270853
   0.0287276
   0.0300929
   0.0311679
   0.0319423
   0.0324086
   0.0325624
   0.0324025
   0.0319307
   0.0311516
   0.0300729
   0.0287049
   0.0270608
   0.0251563
   0.0230098
    0.020642
   0.0180761
   0.0153368
   0.0124502
  0.00944418
  0.00634739
  0.00318942
   0.0037339
  0.00743382
   0.0110645
   0.0145908
   0.0179788
   0.0211955
   0.0242099
    0.026993
   0.0295176
   0.0317592
   0.0336959
   0.0353089
   0.0365827
   0.0375049
   0.0380666
   0.0382619
   0.0380888
   0.0375484
   0.0366458
   0.0353892
   0.0337907
   0.0318651
   0.0296307
   0.0271087
   0.0243232
   0.0213021
   0.0180745
   0.0146723
   0.0111284
  0.00747769
  0.00375589
  0.00278657
  0.00554482
  0.00824818
   0.0108711
   0.0133883
   0.0157761
   0.0180113
   0.0200727
   0.0219404
   0.0235966
   0.0250251
   0.0262125
   0.0271471
     0.02782
   0.0282247
   0.0283574
   0.0282168
   0.0278046
   0.0271248
    0.026184
   0.0249914
   0.0235585
   0.0218989
   0.0200291
    0.017967
   0.0157328
    0.013348
   0.0108356
   0.0082197
  0.00552489
  0.00277663
  0.00539363
   0.0107384
   0.0159832
   0.0210767
     0.02597
   0.0306155
   0.0349683
   0.0389861
     0.04263
   0.0458644
    0.048658
   0.0509834
   0.0528182
   0.0541445
   0.0549493
   0.0552244
   0.0549669
    0.054179
   0.0528682
   0.0510474
   0.0487343
   0.0459509
   0.0427239
   0.0390843
   0.0350669
   0.0307106
   0.0260574
   0.0211526
   0.0160437
   0.0107806
  0.00541489
  0.00240382
  0.00478273
  0.00711368
  0.00937493
   0.0115447
   0.0136025
   0.0155285
   0.0173044
   0.0189132
   0.0203398
   0.0215703
   0.0225932
   0.0233986
   0.0239784
   0.0243271
   0.0244412
   0.0243195
   0.0239632
    0.023376
   0.0225635
   0.0215338
   0.0202969
   0.0188649
   0.0172521
   0.0154744
   0.0135489
   0.0114944
  0.00933065
  0.00707839
  0.00475834
  0.00239202
  0.00675634
   0.0134514
   0.0200209
   0.0264002
   0.0325278
   0.0383441
   0.0437928
   0.0488211
   0.0533802
   0.0574257
   0.0609186
   0.0638249
   0.0661165
   0.0677712
   0.0687728
   0.0691113
   0.0687831
   0.0677914
   0.0661456
   0.0638624
   0.0609638
    0.057478
   0.0534385
    0.048884
   0.0438583
   0.0384094
   0.0325897
   0.0264553
   0.0200656
   0.0134832
  0.00677237
   0.0020463
  0.00407161
  0.00605609
  0.00798126
  0.00982847
   0.0115803
   0.0132197
   0.0147312
   0.0161002
   0.0173136
   0.0183599
   0.0192291
    0.019913
   0.0204051
   0.0207006
   0.0207966
    0.020692
   0.0203881
   0.0198877
   0.0191958
   0.0183192
   0.0172664
   0.0160479
   0.0146757
   0.0131633
   0.0115256
  0.00977837
  0.00793829
  0.00602288
  0.00404951
   0.0020362
  0.00782497
   0.0155777
   0.0231834
   0.0305677
    0.037659
   0.0443882
   0.0506902
   0.0565039
   0.0617733
   0.0664473
    0.070481
   0.0738357
   0.0764791
   0.0783859
   0.0795377
   0.0799233
   0.0795389
   0.0783881
   0.0764821
   0.0738394
   0.0704856
   0.0664531
   0.0617808
   0.0565136
   0.0507019
   0.0444017
   0.0376734
   0.0305817
   0.0231952
   0.0155862
  0.00782868
  0.00171501
  0.00341294
  0.00507694
  0.00669151
  0.00824085
  0.00971026
   0.0110854
    0.012353
   0.0135007
   0.0145173
    0.015393
   0.0161199
    0.016691
   0.0171013
    0.017347
   0.0174258
    0.017337
   0.0170813
   0.0166616
   0.0160817
   0.0153475
    0.014466
   0.0134459
    0.012297
   0.0110307
  0.00965936
  0.00819635
  0.00665528
  0.00505068
  0.00339686
  0.00170867
  0.00859351
   0.0171066
   0.0254571
   0.0335633
   0.0413467
   0.0487313
   0.0556457
   0.0620229
   0.0678014
   0.0729259
   0.0773469
   0.0810222
   0.0839167
   0.0860028
   0.0872606
   0.0876781
   0.0872516
   0.0859849
   0.0838904
   0.0809884
   0.0773068
   0.0728811
   0.0677542
   0.0619754
   0.0556002
   0.0486898
   0.0413107
   0.0335338
    0.025434
   0.0170904
  0.00858428
  0.00140865
  0.00280347
   0.0041704
  0.00549694
  0.00677001
  0.00797774
  0.00910832
    0.010151
   0.0110955
   0.0119326
   0.0126543
   0.0132538
   0.0137254
   0.0140649
   0.0142691
   0.0143361
   0.0142653
   0.0140574
   0.0137145
   0.0132398
   0.0126381
   0.0119148
   0.0110772
   0.0101333
  0.00909233
  0.00796418
  0.00675973
  0.00549017
  0.00416744
  0.00280345
  0.00141046
  0.00906305
   0.0180398
   0.0268436
   0.0353887
   0.0435927
   0.0513756
   0.0586623
   0.0653823
   0.0714709
   0.0768692
   0.0815255
   0.0853949
   0.0884406
   0.0906338
   0.0919536
   0.0923877
   0.0919323
   0.0905919
   0.0883796
    0.085317
   0.0814338
   0.0767675
   0.0713632
   0.0652732
   0.0585558
   0.0512759
   0.0435034
    0.035313
   0.0267837
    0.017998
  0.00904087
  0.00112792
  0.00224489
  0.00333937
  0.00440175
   0.0054215
  0.00638949
  0.00729634
  0.00813371
  0.00889346
  0.00956804
    0.010151
   0.0106367
   0.0110205
   0.0112986
   0.0114682
   0.0115276
   0.0114763
   0.0113146
   0.0110443
   0.0106675
    0.010188
     0.00961
  0.00893918
  0.00818192
  0.00734544
  0.00643745
  0.00546656
  0.00444183
  0.00337289
  0.00226968
  0.00114219
  0.00923542
   0.0183813
   0.0273495
   0.0360529
   0.0444077
   0.0523326
   0.0597516
   0.0665929
   0.0727906
   0.0782848
   0.0830227
    0.086959
   0.0900563
   0.0922851
   0.0936245
   0.0940621
    0.093594
   0.0922251
    0.089969
   0.0868477
   0.0828915
   0.0781387
   0.0726352
   0.0664342
   0.0595954
   0.0521848
   0.0442736
   0.0359379
   0.0272579
   0.0183173
  0.00920197
 0.000865784
  0.00172678
  0.00257369
  0.00339833
  0.00419234
  0.00494803
  0.00565789
  0.00631484
  0.00691233
   0.0074441
  0.00790497
  0.00829057
  0.00859713
  0.00882144
  0.00896129
  0.00901506
  0.00898218
  0.00886274
  0.00865782
  0.00836908
   0.0079992
  0.00755138
  0.00702986
  0.00643945
  0.00578567
  0.00507443
  0.00431237
  0.00350654
   0.0026645
  0.00179406
 0.000903242
  0.00911315
   0.0181358
   0.0269808
   0.0355627
   0.0437989
     0.05161
   0.0589208
   0.0656613
   0.0717669
   0.0771787
   0.0818449
   0.0857213
   0.0887708
   0.0909646
   0.0922819
   0.0927105
   0.0922467
   0.0908954
   0.0886697
   0.0855916
   0.0816909
   0.0770054
   0.0715805
   0.0654685
   0.0587283
    0.051425
   0.0436288
   0.0354147
   0.0268615
   0.0180514
  0.00906882
 0.000628996
  0.00125966
  0.00188501
  0.00249812
  0.00309247
   0.0036614
  0.00419884
  0.00469846
  0.00515488
  0.00556277
  0.00591795
   0.0062171
  0.00645718
  0.00663561
  0.00675053
  0.00680052
  0.00678494
  0.00670361
  0.00655712
  0.00634651
  0.00607363
  0.00574075
  0.00535089
  0.00490748
  0.00441455
  0.00387644
   0.0032981
   0.0026848
  0.00204222
  0.00137633
 0.000693388
  0.00869344
   0.0172986
   0.0257323
   0.0339136
   0.0417639
   0.0492079
   0.0561742
   0.0625963
   0.0684128
   0.0735681
    0.078013
   0.0817051
   0.0846093
   0.0866981
   0.0879516
   0.0883582
   0.0879144
   0.0866247
   0.0845019
   0.0815668
   0.0778478
   0.0733811
     0.06821
   0.0623844
   0.0559606
   0.0490006
   0.0415715
   0.0337446
    0.025595
   0.0172007
  0.00864188
  0.00042855
 0.000863018
  0.00129864
  0.00172979
  0.00215162
  0.00255876
  0.00294653
  0.00330986
  0.00364451
  0.00394626
  0.00421175
  0.00443807
  0.00462271
  0.00476346
  0.00485869
  0.00490705
  0.00490783
  0.00486057
  0.00476542
  0.00462287
  0.00443398
  0.00420014
  0.00392329
  0.00360568
     0.00325
  0.00285925
  0.00243685
  0.00198666
  0.00151289
  0.00102037
 0.000514126
  0.00797542
   0.0158686
   0.0236031
   0.0311055
   0.0383034
   0.0451285
   0.0515153
   0.0574031
   0.0627354
   0.0674615
   0.0715361
   0.0749207
   0.0775827
    0.079497
   0.0806455
   0.0810173
   0.0806091
   0.0794253
   0.0774774
   0.0747845
   0.0713729
   0.0672759
   0.0625329
   0.0571902
   0.0512994
   0.0449176
   0.0381065
   0.0309316
   0.0234617
   0.0157678
  0.00792275
 0.000262275
 0.000533951
 0.000812034
  0.00109186
  0.00137002
  0.00164228
  0.00190523
  0.00215498
  0.00238839
  0.00260226
  0.00279392
  0.00296073
  0.00310054
  0.00321137
   0.0032917
  0.00334019
  0.00335596
  0.00333831
  0.00328698
  0.00320192
  0.00308349
  0.00293235
  0.00274949
  0.00253612
   0.0022938
  0.00202443
  0.00173019
  0.00141382
  0.00107838
 0.000727974
   0.0003667
  0.00696388
   0.0138545
   0.0206055
   0.0271531
   0.0334345
   0.0393903
   0.0449636
   0.0501013
   0.0547543
   0.0588784
   0.0624341
   0.0653876
   0.0677105
   0.0693808
   0.0703826
   0.0707064
   0.0703494
   0.0693152
    0.067614
   0.0652626
   0.0622839
   0.0587069
   0.0545666
    0.049903
   0.0447615
   0.0391919
   0.0332484
   0.0269881
   0.0204712
   0.0137588
  0.00691421
 0.000132753
  0.00027697
 0.000431184
 0.000591889
 0.000756948
 0.000923155
  0.00108812
  0.00124882
  0.00140291
  0.00154785
  0.00168151
  0.00180165
  0.00190643
  0.00199403
  0.00206301
    0.002112
  0.00213997
  0.00214597
  0.00212935
   0.0020896
  0.00202646
   0.0019399
  0.00183017
  0.00169784
  0.00154367
  0.00136879
  0.00117456
 0.000962963
 0.000736219
 0.000497678
 0.000250672
  0.00565769
   0.0112553
   0.0167388
    0.022057
   0.0271589
   0.0319964
   0.0365233
   0.0406967
   0.0444766
   0.0478271
   0.0507159
   0.0531156
    0.055003
   0.0563603
   0.0571743
   0.0574373
   0.0571469
   0.0563061
   0.0549231
   0.0530119
   0.0505912
   0.0476849
   0.0443215
   0.0405335
   0.0363576
   0.0318344
   0.0270075
   0.0219233
   0.0166304
   0.0111783
  0.00561805
 3.89776e-05
 9.08554e-05
 0.000155303
 0.000229668
 0.000312798
 0.000402255
 0.000496424
 0.000592899
 0.000689904
  0.00078533
 0.000877432
 0.000964258
  0.00104417
  0.00111549
  0.00117677
  0.00122663
  0.00126388
  0.00128738
  0.00129614
  0.00128927
  0.00126604
  0.00122589
  0.00116853
  0.00109416
  0.00100297
 0.000895684
 0.000773083
 0.000636723
 0.000488243
 0.000330497
 0.000166287
  0.00406084
  0.00807776
   0.0120123
   0.0158282
   0.0194889
   0.0229603
    0.026209
   0.0292044
   0.0319177
   0.0343231
   0.0363974
   0.0381207
   0.0394765
   0.0404518
    0.041037
   0.0412266
   0.0410187
   0.0404155
   0.0394228
   0.0380507
   0.0363129
   0.0342268
   0.0318129
   0.0290944
   0.0260977
   0.0228517
   0.0193878
    0.015739
   0.0119402
  0.00802667
  0.00403482
-5.08446e-06
-7.34806e-07
 1.37464e-05
 3.76211e-05
 7.05628e-05
 0.000111429
 0.000159262
 0.000212597
 0.000270144
  0.00033038
  0.00039188
 0.000453088
 0.000512549
 0.000568795
 0.000620438
 0.000666152
 0.000704683
 0.000734858
 0.000755586
 0.000765873
 0.000764861
 0.000751852
 0.000726385
 0.000688345
 0.000637728
 0.000574907
 0.000500417
 0.000415284
 0.000320699
 0.000218535
 0.000110715
  0.00217179
  0.00432068
  0.00642617
  0.00846867
   0.0104286
   0.0122876
   0.0140278
   0.0156327
   0.0170869
   0.0183763
   0.0194887
   0.0204133
   0.0211412
   0.0216654
   0.0219808
   0.0220844
    0.021975
   0.0216539
   0.0211241
   0.0203908
   0.0194614
    0.018345
   0.0170526
   0.0155965
    0.013991
   0.0122514
   0.0103947
   0.0084385
  0.00640169
  0.00430333
  0.00216308
 2.90614e-07
 5.73446e-07
  8.4119e-07
 1.08765e-06
 1.30782e-06
 1.49807e-06
 1.65616e-06
 1.78113e-06
 1.87312e-06
 1.93319e-06
   1.963e-06
 1.96471e-06
 1.94072e-06
 1.89365e-06
 1.82618e-06
 1.74111e-06
 1.64123e-06
 1.52942e-06
 1.40855e-06
 1.28152e-06
 1.15114e-06
 1.02011e-06
 8.90915e-07
 7.65717e-07
  6.4627e-07
 5.33819e-07
 4.29045e-07
 3.31972e-07
 2.42005e-07
 1.57888e-07
 7.78719e-08
-1.95877e-07
-3.91755e-07
-3.65514e-07
-3.39274e-07
 -3.0412e-07
-2.68965e-07
-2.35059e-07
-2.01152e-07
-1.68181e-07
-1.35211e-07
-1.01879e-07
 -6.8548e-08
-3.36726e-08
 1.20268e-09
 3.95148e-08
  7.7827e-08
 1.25797e-07
 1.73767e-07
  2.3819e-07
 3.02613e-07
  3.5763e-07
 4.12647e-07
 4.26998e-07
 4.41349e-07
  4.2805e-07
 4.14752e-07
 3.54248e-07
 2.93745e-07
 1.45402e-07
-2.94062e-09
-1.47031e-09
