0.0980201
0.09562230000000001
0.0932532
0.0909107
0.0885951
0.08630689999999999
0.0840464
0.0818138
0.0796095
0.07743330000000001
0.07528530000000001
0.07316610000000001
0.07107569999999999
0.0690143
0.0669822
0.0649802
0.0630083
0.06106609999999999
0.05915369999999999
0.057272
0.055420800000000006
0.0535996
0.05180930000000001
0.050050800000000006
0.048323000000000005
0.046625
0.0449569
0.0433181
0.0417091
0.04013030000000001
0.0385822
0.0370679
0.035585900000000004
0.034137
0.0327185
0.0313258
0.0299605
0.028619
0.0273041
0.026017099999999998
0.0247587
0.0235303
0.022332400000000002
0.0211673
0.020033900000000004
0.0189328
0.0178634
0.016824400000000003
0.0158168
0.0148408
0.0138977
0.012991899999999999
0.0121214
0.011284
0.0104787
0.00970214
0.00895661
0.00824456
0.00756298
0.00690837
0.00628239
0.00568647
0.00512094
0.00458931
0.00409083
0.00362785
0.00319574
0.00278762
0.00240522
0.00204803
0.00171713
0.00141112
0.0011307
0.000867606
0.0006298219999999999
0.000429067
0.00026241400000000004
0.000132797
3.8856399999999996e-05
-3.91452e-06
5.447379999999999e-07
