0.0980201
0.09562230000000001
0.0932532
0.0909107
0.0885951
0.08630689999999999
0.0840464
0.0818138
0.0796095
0.0774332
0.0752852
0.073166
0.0710754
0.06901399999999999
0.0669818
0.0649799
0.06300800000000001
0.061065699999999994
0.0591535
0.05727190000000001
0.055420699999999996
0.0535995
0.051809100000000004
0.050050800000000006
0.0483232
0.0466252
0.0449571
0.0433184
0.041709300000000005
0.040130400000000004
0.038582
0.037067800000000005
0.035585900000000004
0.0341375
0.032719599999999995
0.0313271
0.0299618
0.0286199
0.0273046
0.026017099999999998
0.0247583
0.0235293
0.022330700000000002
0.021165299999999998
0.0200318
0.0189305
0.017861099999999998
0.016822099999999996
0.0158144
0.014838200000000001
0.013894899999999998
0.0129893
0.0121191
0.011282299999999999
0.0104777
0.00970109
0.00895544
0.00824391
0.0075628
0.00690809
0.00628193
0.00568587
0.00512016
0.00458848
0.00408999
0.00362771
0.00319625
0.00278819
0.00240577
0.00204829
0.00171704
0.00141076
0.00113012
0.000865385
0.000625994
0.000424567
0.000257311
0.000127549
3.35339e-05
-7.358789999999999e-06
1.18565e-06
