0.0980201
0.0956222
0.0932532
0.0909107
0.0885951
0.08630689999999999
0.0840464
0.0818138
0.0796095
0.0774332
0.0752852
0.073166
0.0710755
0.06901410000000001
0.0669819
0.0649799
0.0630079
0.0610656
0.0591533
0.0572715
0.0554201
0.0535991
0.051809
0.0500505
0.048322699999999996
0.0466247
0.0449566
0.043317900000000006
0.041708800000000004
0.0401301
0.0385819
0.0370674
0.0355852
0.0341357
0.0327166
0.0313236
0.029958
0.0286166
0.0273019
0.026014999999999996
0.0247567
0.0235284
0.0223305
0.021165299999999998
0.020031900000000002
0.0189306
0.017861099999999998
0.016822200000000002
0.0158147
0.0148389
0.013896100000000002
0.012990200000000002
0.0121198
0.0112825
0.0104773
0.00970152
0.00895669
0.00824463
0.00756298
0.00690865
0.00628287
0.0056869
0.0051213000000000005
0.00458972
0.00409133
0.00362774
0.00319496
0.00278657
0.00240382
0.0020463
0.00171501
0.00140865
0.00112792
0.000865784
0.0006289959999999999
0.00042855
0.000262275
0.000132753
3.8977600000000004e-05
-5.08446e-06
2.90614e-07
