-0.773047
-0.751456
-0.730163
-0.7091729999999999
-0.688487
-0.668104
-0.648025
-0.6282479999999999
-0.608775
-0.589605
-0.5707369999999999
-0.5521739999999999
-0.533916
-0.5159600000000001
-0.498302
-0.480947
-0.463894
-0.447141
-0.430688
-0.41453900000000005
-0.398688
-0.38313800000000003
-0.367886
-0.352934
-0.338283
-0.323934
-0.30988699999999997
-0.296142
-0.2827
-0.269563
-0.256727
-0.24419200000000002
-0.23196
-0.220029
-0.208402
-0.197079
-0.186059
-0.175343
-0.164929
-0.154819
-0.145012
-0.135508
-0.126307
-0.117408
-0.10881400000000001
-0.10052699999999999
-0.0925433
-0.08486389999999999
-0.0774865
-0.0704122
-0.0636394
-0.057166800000000004
-0.0509966
-0.045126
-0.0395577
-0.0342921
-0.029327999999999996
-0.0246659
-0.0203044
-0.016244
-0.0124838
-0.00902516
-0.00586676
-0.00300589
-0.00044635599999999997
0.00181104
0.00376831
0.00542572
0.00678475
0.00784581
0.00860932
0.0090777
0.00924921
0.00912861
0.00870997
0.0079925
0.00698091
0.0056729
0.00407338
0.00217705
-3.4980800000000003e-07
