-0.773047
-0.751456
-0.730163
-0.7091729999999999
-0.688487
-0.668104
-0.648025
-0.6282479999999999
-0.608775
-0.589605
-0.5707369999999999
-0.5521739999999999
-0.533916
-0.5159600000000001
-0.498303
-0.48094799999999993
-0.463894
-0.447142
-0.43068900000000004
-0.41453999999999996
-0.39868899999999996
-0.383139
-0.36788699999999996
-0.352935
-0.33828400000000003
-0.323935
-0.309888
-0.296143
-0.28270100000000004
-0.269563
-0.256727
-0.244193
-0.231961
-0.22003000000000003
-0.208402
-0.197079
-0.186059
-0.175343
-0.164929
-0.154819
-0.145012
-0.135507
-0.126307
-0.117407
-0.10881300000000001
-0.100526
-0.0925415
-0.08486210000000001
-0.0774848
-0.07041080000000001
-0.06363819999999999
-0.0571658
-0.0509957
-0.0451249
-0.0395565
-0.0342909
-0.0293267
-0.0246647
-0.0203033
-0.016243
-0.0124829
-0.00902458
-0.00586646
-0.00300549
-0.000445861
0.00181151
0.00376874
0.0054261000000000005
0.00678506
0.007845999999999999
0.00860939
0.00907789
0.00924951
0.00912953
0.00871149
0.00799446
0.00698329
0.00567523
0.00407565
0.0021781
-4.7436399999999997e-07
