-0.773046
-0.751455
-0.730163
-0.7091729999999999
-0.688487
-0.668104
-0.648025
-0.6282479999999999
-0.608775
-0.589605
-0.5707369999999999
-0.5521739999999999
-0.533916
-0.5159600000000001
-0.498303
-0.48094799999999993
-0.463894
-0.447142
-0.43068900000000004
-0.41453999999999996
-0.39868899999999996
-0.383139
-0.36788699999999996
-0.352935
-0.338285
-0.323936
-0.30988899999999997
-0.296144
-0.282702
-0.26956399999999997
-0.256728
-0.244193
-0.231961
-0.22003000000000003
-0.20840300000000003
-0.19708
-0.18606
-0.175343
-0.164929
-0.154819
-0.145012
-0.135507
-0.126307
-0.117408
-0.10881500000000001
-0.10052699999999999
-0.0925434
-0.08486389999999999
-0.0774865
-0.070412
-0.0636389
-0.05716619999999999
-0.0509958
-0.04512530000000001
-0.039557199999999994
-0.0342918
-0.0293278
-0.0246659
-0.0203045
-0.0162441
-0.0124838
-0.00902497
-0.0058663000000000005
-0.00300543
-0.000445901
0.00181154
0.00376886
0.00542635
0.00678545
0.00784663
0.00861026
0.00907855
0.00924997
0.00912887
0.0087097
0.00799171
0.006979600000000001
0.00567143
0.00407174
0.00217625
-2.63684e-07
