   0.0980201
     0.19509
     0.29028
     0.38268
      0.4714
    0.555571
    0.634391
    0.707111
    0.773011
    0.831471
    0.881921
    0.923881
    0.956941
    0.980791
    0.995181
           1
    0.995181
    0.980791
    0.956941
    0.923881
    0.881921
    0.831471
    0.773011
    0.707111
    0.634391
    0.555571
      0.4714
     0.38268
     0.29028
     0.19509
   0.0980199
   -0.773047
    -1.53865
    -2.28944
    -3.01818
    -3.71786
    -4.38173
    -5.00341
     -5.5769
    -6.09668
    -6.55774
    -6.95566
    -7.28658
    -7.54734
    -7.73541
    -7.84898
    -7.88697
      -7.849
    -7.73543
    -7.54737
    -7.28662
    -6.95569
    -6.55778
    -6.09672
    -5.57694
    -5.00345
    -4.38177
     -3.7179
    -3.01822
    -2.28947
    -1.53868
   -0.773062
    0.095622
    0.190323
    0.283191
    0.373332
    0.459879
    0.541996
    0.618893
    0.689831
    0.754124
    0.811156
    0.860375
    0.901308
    0.933562
    0.956824
    0.970872
    0.975569
    0.970872
    0.956825
    0.933562
    0.901309
    0.860376
    0.811157
    0.754126
    0.689832
    0.618894
    0.541997
     0.45988
    0.373334
    0.283193
    0.190324
   0.0956227
   -0.751456
    -1.49567
    -2.22549
    -2.93388
    -3.61401
    -4.25933
    -4.86364
    -5.42111
    -5.92638
    -6.37456
    -6.76136
    -7.08305
    -7.33651
    -7.51933
    -7.62972
    -7.66664
    -7.62973
    -7.51933
    -7.33652
    -7.08306
    -6.76138
    -6.37458
     -5.9264
    -5.42114
    -4.86367
    -4.25936
    -3.61404
     -2.9339
    -2.22551
    -1.49569
   -0.751465
   0.0932529
    0.185608
    0.276175
    0.364083
    0.448485
    0.528568
     0.60356
     0.67274
    0.735442
     0.79106
     0.83906
     0.87898
    0.910434
     0.93312
     0.94682
    0.951402
    0.946821
    0.933121
    0.910435
    0.878981
    0.839061
    0.791062
    0.735444
    0.672743
    0.603563
     0.52857
    0.448488
    0.364086
    0.276178
     0.18561
   0.0932539
   -0.730163
    -1.45329
    -2.16243
    -2.85074
     -3.5116
    -4.13864
    -4.72583
     -5.2675
    -5.75845
    -6.19394
    -6.56977
    -6.88234
    -7.12863
    -7.30626
    -7.41353
     -7.4494
    -7.41353
    -7.30627
    -7.12864
    -6.88235
    -6.56979
    -6.19395
    -5.75847
    -5.26752
    -4.72585
    -4.13867
    -3.51163
    -2.85077
    -2.16245
    -1.45331
   -0.730172
   0.0909103
    0.180945
    0.269238
    0.354937
    0.437219
     0.51529
    0.588399
    0.655841
    0.716967
    0.771188
    0.817983
      0.8569
    0.887564
     0.90968
    0.923036
    0.927503
    0.923037
    0.909681
    0.887565
    0.856901
    0.817985
     0.77119
    0.716969
    0.655843
    0.588402
    0.515293
    0.437222
     0.35494
     0.26924
    0.180947
   0.0909115
   -0.709173
    -1.41152
    -2.10027
    -2.76879
    -3.41066
    -4.01967
    -4.58998
    -5.11608
    -5.59291
    -6.01588
    -6.38091
     -6.6845
     -6.9237
    -7.09623
    -7.20041
    -7.23525
    -7.20041
    -7.09623
    -6.92371
     -6.6845
    -6.38092
    -6.01589
    -5.59292
     -5.1161
       -4.59
    -4.01969
    -3.41068
    -2.76882
    -2.10029
    -1.41153
   -0.709181
   0.0885946
    0.176336
     0.26238
    0.345896
    0.426082
    0.502164
    0.573411
    0.639135
    0.698704
    0.751545
    0.797147
    0.835073
    0.864956
     0.88651
    0.899525
    0.903878
    0.899526
     0.88651
    0.864957
    0.835074
    0.797149
    0.751547
    0.698707
    0.639138
    0.573414
    0.502168
    0.426086
      0.3459
    0.262382
    0.176338
   0.0885958
   -0.688487
    -1.37034
      -2.039
    -2.68803
    -3.31117
    -3.90242
    -4.45609
    -4.96684
    -5.42977
     -5.8404
    -6.19478
    -6.48951
    -6.72174
    -6.88923
    -6.99038
     -7.0242
    -6.99038
    -6.88923
    -6.72174
    -6.48951
    -6.19479
     -5.8404
    -5.42978
    -4.96686
    -4.45611
    -3.90244
    -3.31119
    -2.68805
    -2.03902
    -1.37036
   -0.688494
   0.0863063
    0.171781
    0.255602
    0.336962
    0.415077
    0.489194
      0.5586
    0.622627
    0.680657
    0.732133
    0.776557
    0.813503
    0.842615
    0.863611
    0.876291
    0.880531
    0.876291
    0.863612
    0.842616
    0.813505
    0.776559
    0.732135
     0.68066
     0.62263
    0.558604
    0.489198
     0.41508
    0.336965
    0.255605
    0.171783
   0.0863074
   -0.668104
    -1.32978
    -1.97864
    -2.60845
    -3.21314
    -3.78688
    -4.32416
    -4.81979
    -5.26901
    -5.66749
    -6.01138
    -6.29738
    -6.52273
    -6.68527
    -6.78342
    -6.81623
    -6.78341
    -6.68526
    -6.52273
    -6.29738
    -6.01138
    -5.66749
    -5.26902
    -4.81981
    -4.32418
    -3.78691
    -3.21316
    -2.60847
    -1.97866
    -1.32979
   -0.668111
   0.0840457
    0.167282
    0.248908
    0.328136
    0.404204
     0.47638
    0.543968
    0.606318
    0.662828
    0.712956
    0.756217
    0.792195
    0.820544
     0.84099
    0.853338
    0.857467
    0.853338
    0.840991
    0.820545
    0.792196
    0.756218
    0.712958
    0.662831
     0.60632
    0.543971
    0.476383
    0.404207
    0.328139
    0.248909
    0.167283
   0.0840466
   -0.648025
    -1.28981
    -1.91917
    -2.53005
    -3.11657
    -3.67307
    -4.19419
    -4.67493
    -5.11065
    -5.49715
    -5.83071
    -6.10811
    -6.32669
    -6.48433
    -6.57953
    -6.61137
    -6.57953
    -6.48433
    -6.32668
    -6.10811
    -5.83071
    -5.49715
    -5.11066
    -4.67495
    -4.19422
    -3.67309
    -3.11659
    -2.53007
    -1.91919
    -1.28982
   -0.648031
   0.0818124
    0.162837
    0.242294
    0.319418
    0.393465
    0.463724
    0.529516
    0.590209
    0.645218
    0.694014
    0.736125
    0.771146
    0.798741
    0.818644
    0.830664
    0.834683
    0.830664
    0.818645
    0.798742
    0.771147
    0.736125
    0.694015
     0.64522
    0.590212
    0.529519
    0.463726
    0.393468
     0.31942
    0.242297
    0.162839
   0.0818138
   -0.628248
    -1.25045
     -1.8606
    -2.45284
    -3.02145
    -3.56097
    -4.06619
    -4.53225
    -4.95467
    -5.32938
    -5.65275
    -5.92169
     -6.1336
    -6.28643
    -6.37873
     -6.4096
    -6.37873
    -6.28644
    -6.13361
     -5.9217
    -5.65277
    -5.32939
    -4.95469
    -4.53228
    -4.06622
      -3.561
    -3.02148
    -2.45286
    -1.86062
    -1.25046
   -0.628254
   0.0796071
    0.158448
    0.235763
    0.310808
     0.38286
    0.451225
    0.515244
    0.574301
    0.627827
    0.675306
    0.716283
    0.750361
    0.777213
    0.796579
    0.808275
    0.812186
    0.808275
     0.79658
    0.777214
    0.750363
    0.716285
    0.675309
     0.62783
    0.574304
    0.515248
    0.451229
    0.382864
    0.310812
    0.235767
    0.158451
   0.0796091
   -0.608775
    -1.21169
    -1.80293
    -2.37681
     -2.9278
     -3.4506
    -3.94016
    -4.39177
    -4.80109
    -5.16418
    -5.47753
    -5.73814
    -5.94348
    -6.09158
    -6.18102
    -6.21093
    -6.18102
    -6.09159
    -5.94349
    -5.73815
    -5.47756
    -5.16421
    -4.80112
     -4.3918
    -3.94018
    -3.45062
    -2.92782
    -2.37683
    -1.80295
     -1.2117
   -0.608781
   0.0774303
    0.154115
    0.229316
    0.302309
    0.372391
    0.438886
    0.501154
    0.558597
     0.61066
    0.656842
    0.696699
    0.729845
    0.755963
    0.774801
    0.786177
    0.789981
    0.786177
    0.774802
    0.755965
    0.729848
    0.696702
    0.656846
    0.610665
    0.558603
    0.501161
    0.438893
    0.372397
    0.302315
    0.229322
    0.154119
   0.0774328
   -0.589605
    -1.17353
    -1.74616
    -2.30196
    -2.83561
    -3.34194
    -3.81608
    -4.25347
    -4.64991
    -5.00156
    -5.30505
    -5.55745
    -5.75632
    -5.89976
    -5.98638
    -6.01535
    -5.98639
    -5.89977
    -5.75634
    -5.55747
    -5.30508
    -5.00159
    -4.64994
    -4.25351
    -3.81611
    -3.34196
    -2.83563
    -2.30199
    -1.74617
    -1.17354
   -0.589611
   0.0752819
    0.149839
    0.222954
    0.293922
    0.362059
     0.42671
    0.487251
    0.543101
     0.59372
    0.638621
    0.677372
    0.709599
    0.734992
    0.753307
    0.764367
    0.768066
    0.764369
     0.75331
    0.734996
    0.709604
    0.677378
    0.638628
    0.593727
    0.543109
    0.487261
    0.426719
    0.362068
     0.29393
    0.222961
    0.149845
   0.0752851
   -0.570737
    -1.13598
    -1.69028
     -2.2283
    -2.74487
      -3.235
    -3.69397
    -4.11737
    -4.50112
    -4.84153
     -5.1353
    -5.37962
    -5.57214
    -5.71098
    -5.79483
    -5.82288
    -5.79484
      -5.711
    -5.57215
    -5.37964
    -5.13533
    -4.84156
    -4.50116
    -4.11741
    -3.69401
    -3.23503
     -2.7449
    -2.22833
     -1.6903
    -1.13599
   -0.570744
   0.0731619
     0.14562
    0.216676
    0.285646
    0.351865
    0.414696
    0.473533
     0.52781
    0.577004
    0.620642
    0.658302
    0.689622
    0.714301
    0.732101
     0.74285
    0.746446
    0.742852
    0.732105
    0.714307
     0.68963
    0.658311
    0.620653
    0.577018
    0.527825
    0.473548
     0.41471
    0.351879
    0.285659
    0.216687
    0.145628
   0.0731664
   -0.552174
    -1.09903
    -1.63531
    -2.15583
     -2.6556
    -3.12979
    -3.57383
    -3.98346
    -4.35473
    -4.68406
    -4.96828
    -5.20466
    -5.39091
    -5.52524
    -5.60636
    -5.63349
    -5.60637
    -5.52525
    -5.39093
    -5.20468
     -4.9683
    -4.68408
    -4.35475
    -3.98348
    -3.57384
    -3.12979
     -2.6556
    -2.15584
    -1.63531
    -1.09904
   -0.552176
    0.071071
    0.141458
    0.210484
    0.277483
     0.34181
    0.402846
    0.460002
    0.512728
    0.560518
    0.602909
    0.639494
     0.66992
    0.693895
    0.711186
    0.721629
    0.725122
    0.721632
    0.711192
    0.693903
     0.66993
    0.639506
    0.602924
    0.560535
    0.512748
    0.460022
    0.402865
    0.341829
      0.2775
    0.210498
    0.141469
   0.0710769
   -0.533916
    -1.06269
    -1.58123
    -2.08455
    -2.56778
    -3.02629
    -3.45566
    -3.85174
    -4.21073
    -4.52917
    -4.80399
    -5.03254
    -5.21262
     -5.3425
    -5.42094
    -5.44716
    -5.42093
    -5.34249
     -5.2126
    -5.03251
    -4.80396
    -4.52914
     -4.2107
    -3.85171
    -3.45562
    -3.02626
    -2.56776
    -2.08452
    -1.58121
    -1.06268
    -0.53391
   0.0690091
    0.137354
    0.204378
    0.269433
    0.331895
    0.391161
     0.44666
    0.497857
    0.544261
    0.585423
    0.620947
    0.650491
    0.673771
    0.690561
    0.700702
    0.704094
    0.700706
    0.690569
    0.673783
    0.650507
    0.620966
    0.585444
    0.544284
    0.497883
    0.446686
    0.391187
    0.331919
    0.269455
    0.204396
    0.137368
   0.0690167
    -0.51596
    -1.02695
    -1.52805
    -2.01443
    -2.48141
    -2.92449
    -3.33941
    -3.72217
    -4.06908
     -4.3768
    -4.64236
    -4.86322
    -5.03725
    -5.16276
    -5.23856
     -5.2639
    -5.23855
    -5.16275
    -5.03723
     -4.8632
    -4.64233
    -4.37676
    -4.06904
    -3.72213
    -3.33937
    -2.92445
    -2.48137
    -2.01439
    -1.52801
    -1.02692
   -0.515946
   0.0669763
    0.133309
    0.198358
    0.261498
     0.32212
    0.379641
    0.433507
    0.483197
    0.528234
    0.568185
    0.602665
     0.63134
    0.653935
    0.670232
    0.680075
    0.683368
    0.680079
    0.670242
    0.653949
    0.631359
    0.602689
    0.568214
    0.528265
     0.48323
     0.43354
    0.379674
    0.322152
    0.261526
    0.198382
    0.133326
   0.0669858
   -0.498302
   -0.991804
    -1.47575
    -1.94549
    -2.39649
     -2.8244
    -3.22512
    -3.59478
    -3.92981
    -4.22699
    -4.48347
    -4.69677
    -4.86484
    -4.98605
    -5.05925
    -5.08373
    -5.05925
    -4.98604
    -4.86481
    -4.69674
    -4.48343
    -4.22695
    -3.92976
    -3.59472
    -3.22506
    -2.82435
    -2.39643
    -1.94544
    -1.47571
   -0.991771
   -0.498284
   0.0649732
    0.129322
    0.192426
    0.253678
    0.312488
    0.368289
    0.420544
     0.46875
    0.512442
    0.551199
    0.584647
    0.612466
    0.634386
    0.650196
    0.659746
    0.662941
    0.659753
    0.650211
    0.634405
     0.61249
    0.584677
    0.551233
     0.51248
     0.46879
    0.420585
    0.368329
    0.312526
    0.253712
    0.192454
    0.129343
   0.0649844
   -0.480947
   -0.957261
    -1.42435
    -1.87773
    -2.31302
    -2.72603
    -3.11279
    -3.46956
    -3.79292
    -4.07976
     -4.3273
    -4.53317
    -4.69539
    -4.81238
    -4.88303
    -4.90666
    -4.88303
    -4.81237
    -4.69536
    -4.53313
    -4.32725
     -4.0797
    -3.79285
    -3.46948
     -3.1127
    -2.72595
    -2.31294
    -1.87766
    -1.42429
   -0.957218
   -0.480924
       0.063
    0.125395
    0.186582
    0.245974
    0.302998
    0.357105
    0.407775
    0.454517
    0.496882
    0.534463
    0.566897
    0.593872
    0.615127
    0.630459
    0.639719
    0.642818
    0.639726
    0.630474
    0.615151
    0.593901
    0.566932
    0.534504
    0.496927
    0.454564
    0.407822
    0.357152
    0.303042
    0.246013
    0.186614
    0.125418
   0.0630126
   -0.463894
   -0.923318
    -1.37385
    -1.81115
      -2.231
    -2.62936
    -3.00241
    -3.34653
    -3.65843
    -3.93509
    -4.17386
    -4.37243
    -4.52889
    -4.64173
    -4.70986
    -4.73264
    -4.70984
    -4.64169
    -4.52883
    -4.37235
    -4.17377
    -3.93499
    -3.65832
    -3.34642
    -3.00229
    -2.62925
    -2.23089
    -1.81105
    -1.37377
   -0.923262
   -0.463863
   0.0610565
    0.121526
    0.180827
    0.238387
    0.293653
    0.346091
    0.395198
    0.440499
    0.481559
    0.517981
    0.549416
     0.57556
     0.59616
     0.61102
    0.619995
    0.622999
    0.620004
    0.611038
    0.596187
    0.575594
    0.549457
    0.518029
    0.481611
    0.440554
    0.395253
    0.346145
    0.293703
    0.238432
    0.180864
    0.121553
   0.0610707
   -0.447141
   -0.889973
    -1.32423
    -1.74574
    -2.15043
     -2.5344
    -2.89397
    -3.22567
     -3.5263
    -3.79296
     -4.0231
    -4.21449
    -4.36529
    -4.47405
    -4.53972
    -4.56168
     -4.5397
    -4.47401
    -4.36522
     -4.2144
    -4.02299
    -3.79284
    -3.52616
    -3.22553
    -2.89383
    -2.53426
     -2.1503
    -1.74562
    -1.32414
   -0.889905
   -0.447104
   0.0591429
    0.117718
     0.17516
    0.230917
    0.284451
    0.335247
    0.382815
    0.426697
    0.466471
    0.501753
    0.532203
    0.557528
    0.577484
    0.591879
    0.600575
    0.603487
    0.600586
    0.591901
    0.577516
     0.55757
    0.532253
    0.501809
    0.466532
    0.426761
    0.382879
    0.335309
    0.284509
    0.230968
    0.175202
    0.117748
   0.0591589
   -0.430688
   -0.857226
    -1.27551
     -1.6815
     -2.0713
    -2.44115
    -2.78749
    -3.10697
    -3.39654
    -3.65339
    -3.87505
    -4.05939
    -4.20464
     -4.3094
    -4.37266
     -4.3938
    -4.37263
    -4.30935
    -4.20457
     -4.0593
    -3.87493
    -3.65325
    -3.39638
    -3.10681
    -2.78732
    -2.44099
    -2.07115
    -1.68137
     -1.2754
   -0.857147
   -0.430646
   0.0572597
    0.113969
    0.169583
    0.223565
    0.275394
    0.324573
    0.370627
    0.413113
    0.451622
    0.485781
    0.515263
    0.539782
    0.559104
    0.573042
    0.581462
    0.584282
    0.581474
    0.573066
     0.55914
    0.539829
    0.515317
    0.485843
    0.451689
    0.413183
    0.370698
    0.324641
    0.275457
     0.22362
    0.169629
    0.114002
    0.057277
   -0.414539
   -0.825083
    -1.22768
    -1.61845
    -1.99362
     -2.3496
    -2.68294
    -2.99045
    -3.26915
    -3.51637
    -3.72972
    -3.90715
    -4.04695
    -4.14779
    -4.20867
    -4.22901
    -4.20863
    -4.14771
    -4.04685
    -3.90702
    -3.72956
    -3.51619
    -3.26896
    -2.99025
    -2.68274
     -2.3494
    -1.99344
    -1.61828
    -1.22754
   -0.824986
   -0.414488
   0.0554069
    0.110282
    0.164096
    0.216331
    0.266484
    0.314072
    0.358636
    0.399748
    0.437011
    0.470067
    0.498595
    0.522323
     0.54102
    0.554508
    0.562656
    0.565384
    0.562668
    0.554533
    0.541058
    0.522371
    0.498653
    0.470132
    0.437082
    0.399822
     0.35871
    0.314144
     0.26655
    0.216389
    0.164143
    0.110316
   0.0554249
   -0.398688
   -0.793532
    -1.18073
    -1.55656
    -1.91739
    -2.25975
    -2.58035
    -2.87609
    -3.14413
    -3.38189
    -3.58707
    -3.75771
    -3.89216
    -3.98913
    -4.04768
    -4.06725
    -4.04764
    -3.98905
    -3.89205
    -3.75757
     -3.5869
    -3.38169
    -3.14391
    -2.87586
    -2.58012
    -2.25953
    -1.91718
    -1.55638
    -1.18059
   -0.793427
   -0.398632
   0.0535845
    0.106654
    0.158699
    0.209216
     0.25772
    0.303743
    0.346842
    0.386602
     0.42264
    0.454609
    0.482199
    0.505147
     0.52323
    0.536274
    0.544154
    0.546794
    0.544167
      0.5363
    0.523267
    0.505196
    0.482257
    0.454674
    0.422711
    0.386676
    0.346916
    0.303815
    0.257786
    0.209274
    0.158746
    0.106689
   0.0536027
   -0.383138
   -0.762582
    -1.13468
    -1.49584
    -1.84259
     -2.1716
    -2.47968
    -2.76388
    -3.02147
    -3.24995
    -3.44713
    -3.61111
    -3.74032
     -3.8335
    -3.88976
    -3.90856
    -3.88971
    -3.83342
     -3.7402
    -3.61096
    -3.44695
    -3.24975
    -3.02125
    -2.76366
    -2.47945
    -2.17137
    -1.84238
    -1.49565
    -1.13452
    -0.76247
   -0.383078
   0.0517926
    0.103088
    0.153392
     0.20222
    0.249102
    0.293586
    0.335244
    0.373675
    0.408508
    0.439407
    0.466075
    0.488256
    0.505734
    0.518342
    0.525959
     0.52851
    0.525972
    0.518367
    0.505771
    0.488303
    0.466132
     0.43947
    0.408576
    0.373746
    0.335316
    0.293655
    0.249166
    0.202276
    0.153438
    0.103121
   0.0518104
   -0.367886
   -0.732224
    -1.08951
    -1.43629
    -1.76924
    -2.08515
    -2.38096
    -2.65385
    -2.90118
    -3.12056
    -3.30989
    -3.46734
    -3.59141
    -3.68088
     -3.7349
    -3.75295
    -3.73486
     -3.6808
    -3.59129
     -3.4672
    -3.30972
    -3.12037
    -2.90097
    -2.65363
    -2.38074
    -2.08492
    -1.76903
    -1.43611
    -1.08936
   -0.732114
   -0.367827
   0.0500313
   0.0995822
    0.148175
    0.195342
     0.24063
    0.283601
    0.323841
    0.360964
    0.394612
    0.424461
    0.450222
    0.471647
    0.488531
     0.50071
    0.508067
    0.510532
     0.50808
    0.500735
    0.488567
    0.471693
    0.450275
    0.424521
    0.394678
    0.361033
     0.32391
    0.283667
    0.240692
    0.195397
     0.14822
   0.0996145
   0.0500485
   -0.352934
   -0.702464
    -1.04523
    -1.37792
    -1.69733
     -2.0004
     -2.2842
    -2.54599
    -2.78327
    -2.99374
    -3.17537
    -3.32642
    -3.44544
    -3.53128
     -3.5831
    -3.60042
    -3.58306
     -3.5312
    -3.44533
    -3.32628
     -3.1752
    -2.99355
    -2.78306
    -2.54578
    -2.28398
    -2.00018
    -1.69713
    -1.37774
    -1.04508
   -0.702357
   -0.352876
   0.0483002
   0.0961364
    0.143047
    0.188582
    0.232301
    0.273785
    0.312633
    0.348471
    0.380954
    0.409769
    0.434638
    0.455322
    0.471622
    0.483379
    0.490482
    0.492861
    0.490493
    0.483402
    0.471654
    0.455365
    0.434689
    0.409826
    0.381016
    0.348536
    0.312699
    0.273849
    0.232362
    0.188635
    0.143091
   0.0961679
   0.0483169
   -0.338283
   -0.673304
    -1.00184
    -1.32072
    -1.62688
    -1.91736
    -2.18938
    -2.44031
    -2.66774
    -2.86947
    -3.04357
    -3.18835
    -3.30242
     -3.3847
    -3.43437
    -3.45097
    -3.43433
    -3.38463
    -3.30232
    -3.18821
     -3.0434
    -2.86928
    -2.66754
     -2.4401
    -2.18917
    -1.91715
    -1.62668
    -1.32054
    -1.00169
   -0.673201
   -0.338228
   0.0465985
   0.0927492
    0.138007
    0.181937
    0.224116
    0.264138
    0.301616
    0.336191
     0.36753
    0.395329
    0.419322
    0.439278
    0.455003
    0.466346
    0.473199
    0.475494
     0.47321
    0.466369
    0.455037
    0.439322
    0.419375
     0.39539
    0.367595
     0.33626
    0.301686
    0.264206
     0.22418
    0.181994
    0.138053
   0.0927817
   0.0466155
   -0.323934
   -0.644743
   -0.959341
     -1.2647
    -1.55787
    -1.83604
    -2.09652
    -2.33681
    -2.55459
    -2.74777
    -2.91448
    -3.05312
    -3.16236
    -3.24114
    -3.28871
     -3.3046
    -3.28868
    -3.24107
    -3.16226
    -3.05299
    -2.91432
    -2.74759
    -2.55439
     -2.3366
    -2.09631
    -1.83583
    -1.55768
    -1.26453
   -0.959207
   -0.644647
   -0.323882
   0.0449263
   0.0894207
    0.133055
    0.175408
    0.216073
    0.254659
    0.290792
    0.324127
     0.35434
    0.381142
    0.404275
    0.423514
    0.438675
    0.449612
    0.456219
    0.458433
    0.456232
    0.449638
    0.438713
    0.423563
    0.404334
     0.38121
    0.354415
    0.324205
    0.290871
    0.254736
    0.216145
    0.175471
    0.133105
   0.0894564
   0.0449448
   -0.309887
   -0.616786
   -0.917743
    -1.20986
    -1.49032
    -1.75643
    -2.00561
    -2.23548
    -2.44382
    -2.62862
    -2.78811
    -2.92074
    -3.02524
    -3.10061
    -3.14611
    -3.16132
    -3.14608
    -3.10054
    -3.02514
    -2.92061
    -2.78795
    -2.62845
    -2.44363
    -2.23529
    -2.00542
    -1.75623
    -1.49014
     -1.2097
   -0.917614
   -0.616694
   -0.309838
    0.043283
   0.0861501
    0.128188
    0.168993
    0.208171
    0.245346
    0.280159
    0.312275
    0.341385
    0.367208
    0.389496
    0.408033
    0.422641
     0.43318
    0.439548
    0.441682
    0.439564
    0.433212
    0.422688
    0.408093
    0.389567
    0.367289
    0.341473
    0.312367
    0.280253
    0.245437
    0.208257
    0.169068
    0.128248
   0.0861923
   0.0433047
   -0.296142
    -0.58943
   -0.877041
     -1.1562
    -1.42423
    -1.67853
    -1.91667
    -2.13634
    -2.33544
    -2.51205
    -2.66446
    -2.79121
    -2.89108
     -2.9631
    -3.00659
    -3.02112
    -3.00655
    -2.96303
    -2.89098
    -2.79108
    -2.66431
    -2.51188
    -2.33526
    -2.13615
    -1.91648
    -1.67835
    -1.42405
    -1.15605
   -0.876921
   -0.589346
   -0.296098
   0.0416689
   0.0829377
    0.123409
    0.162693
    0.200411
    0.236201
    0.269717
    0.300638
    0.328664
    0.353526
    0.374985
    0.392834
      0.4069
    0.417049
    0.423182
     0.42524
    0.423202
    0.417089
    0.406959
    0.392908
    0.375073
    0.353625
     0.32877
    0.300749
     0.26983
    0.236311
    0.200514
    0.162783
    0.123481
   0.0829887
    0.041695
     -0.2827
   -0.562676
   -0.837231
    -1.10372
    -1.35958
    -1.60235
    -1.82968
    -2.03938
    -2.22944
    -2.39803
    -2.54352
    -2.66452
    -2.75986
    -2.82861
    -2.87012
    -2.88399
    -2.87009
    -2.82855
    -2.75977
     -2.6644
    -2.54338
    -2.39788
    -2.22927
     -2.0392
     -1.8295
    -1.60217
    -1.35943
    -1.10359
   -0.837124
     -0.5626
    -0.28266
   0.0400839
   0.0797837
    0.118717
    0.156508
    0.192795
    0.227226
    0.259471
    0.289219
    0.316183
    0.340104
     0.36075
    0.377924
    0.391458
    0.401224
    0.407126
    0.409108
    0.407149
     0.40127
    0.391525
    0.378009
    0.360852
    0.340218
    0.316307
    0.289348
    0.259602
    0.227354
    0.192914
    0.156613
    0.118802
    0.079844
   0.0401151
   -0.269563
   -0.536527
   -0.798323
    -1.05243
     -1.2964
    -1.52788
    -1.74464
     -1.9446
    -2.12583
    -2.28658
    -2.42531
    -2.54069
    -2.63159
    -2.69715
    -2.73674
    -2.74996
    -2.73671
    -2.69709
    -2.63151
    -2.54058
    -2.42519
    -2.28644
    -2.12567
    -1.94444
    -1.74448
    -1.52772
    -1.29625
     -1.0523
   -0.798222
   -0.536456
   -0.269525
   0.0385287
   0.0766889
    0.114113
     0.15044
    0.185322
    0.218421
    0.249419
    0.278017
     0.30394
    0.326937
    0.346788
    0.363299
    0.376313
    0.385703
    0.391379
    0.393285
    0.391405
    0.385754
    0.376388
    0.363396
    0.346903
    0.327069
    0.304083
    0.278167
     0.24957
    0.218568
     0.18546
    0.150562
    0.114212
   0.0767592
   0.0385653
   -0.256727
   -0.510979
   -0.760308
    -1.00231
    -1.23466
    -1.45512
    -1.66156
    -1.85199
    -2.02459
    -2.17769
    -2.30982
     -2.4197
    -2.50628
    -2.56871
    -2.60642
    -2.61901
    -2.60639
    -2.56866
     -2.5062
    -2.41961
    -2.30971
    -2.17757
    -2.02445
    -1.85185
    -1.66141
    -1.45498
    -1.23453
     -1.0022
   -0.760216
   -0.510913
   -0.256692
    0.037005
    0.073657
    0.109603
    0.144496
       0.178
    0.209793
    0.239568
    0.267038
    0.291939
     0.31403
    0.333098
    0.348959
    0.361461
    0.370482
    0.375935
    0.377768
    0.375963
    0.370537
    0.361541
    0.349063
    0.333222
    0.314171
    0.292092
    0.267198
     0.23973
     0.20995
    0.178146
    0.144625
    0.109708
   0.0737323
   0.0370449
   -0.244192
   -0.486029
   -0.723184
   -0.953372
    -1.17438
    -1.38407
    -1.58043
    -1.76157
    -1.92574
    -2.07137
    -2.19704
    -2.30156
    -2.38391
     -2.4433
    -2.47917
    -2.49115
    -2.47915
    -2.44327
    -2.38386
    -2.30149
    -2.19695
    -2.07126
    -1.92563
    -1.76145
    -1.58031
    -1.38395
    -1.17427
   -0.953274
   -0.723104
   -0.485972
   -0.244161
   0.0355123
   0.0706865
    0.105184
    0.138671
    0.170826
    0.201339
    0.229916
     0.25628
    0.280179
    0.301381
    0.319682
    0.334905
    0.346903
    0.355562
    0.360797
    0.362557
    0.360826
    0.355619
    0.346987
    0.335012
    0.319809
    0.301525
    0.280335
    0.256444
    0.230081
    0.201499
    0.170975
    0.138802
    0.105291
    0.070764
   0.0355539
    -0.23196
   -0.461683
   -0.686958
   -0.905615
    -1.11555
    -1.31474
    -1.50126
    -1.67333
    -1.82928
    -1.96761
      -2.087
    -2.18628
    -2.26451
    -2.32093
      -2.355
    -2.36638
    -2.35498
    -2.32089
    -2.26446
    -2.18621
    -2.08691
    -1.96752
    -1.82918
    -1.67323
    -1.50116
    -1.31463
    -1.11545
   -0.905529
   -0.686887
   -0.461632
   -0.231932
   0.0340523
   0.0677798
    0.100858
    0.132967
    0.163799
    0.193057
    0.220458
    0.245738
    0.268654
    0.288984
    0.306533
    0.321131
    0.332637
    0.340939
    0.345959
    0.347647
    0.345988
    0.340995
    0.332718
    0.321236
    0.306658
    0.289126
    0.268808
    0.245899
     0.22062
    0.193214
    0.163946
    0.133096
    0.100963
    0.067856
    0.034093
   -0.220029
   -0.437938
   -0.651628
   -0.859041
    -1.05818
    -1.24713
    -1.42406
    -1.58728
    -1.73521
    -1.86643
    -1.97968
    -2.07385
    -2.14806
    -2.20158
    -2.23389
    -2.24469
    -2.23387
    -2.20154
    -2.14801
    -2.07379
     -1.9796
    -1.86635
    -1.73512
    -1.58718
    -1.42396
    -1.24703
    -1.05809
    -0.85896
   -0.651562
   -0.437891
   -0.220004
   0.0326229
   0.0649339
   0.0966216
    0.127381
    0.156917
    0.184944
    0.211193
    0.235411
    0.257364
    0.276841
    0.293653
    0.307638
     0.31866
    0.326613
    0.331422
    0.333039
    0.331449
    0.326666
    0.318737
    0.307737
    0.293771
    0.276975
    0.257511
    0.235565
    0.211349
    0.185095
    0.157058
    0.127505
   0.0967234
    0.065007
   0.0326618
   -0.208402
   -0.414796
   -0.617195
    -0.81365
    -1.00227
    -1.18123
    -1.34882
    -1.50341
    -1.64353
    -1.76782
    -1.87508
    -1.96428
    -2.03457
    -2.08526
    -2.11587
     -2.1261
    -2.11585
    -2.08523
    -2.03452
    -1.96422
    -1.87501
    -1.76773
    -1.64344
    -1.50332
    -1.34872
    -1.18114
    -1.00218
   -0.813572
   -0.617132
   -0.414752
   -0.208379
   0.0312218
   0.0621448
   0.0924706
    0.121908
    0.150174
    0.176997
    0.202117
    0.225293
    0.246302
    0.264941
    0.281031
    0.294414
    0.304963
    0.312576
    0.317179
    0.318727
    0.317206
     0.31263
    0.305042
    0.294516
    0.281153
     0.26508
    0.246454
    0.225452
    0.202277
    0.177152
    0.150319
    0.122035
   0.0925741
   0.0622186
   0.0312608
   -0.197079
   -0.392259
   -0.583662
   -0.769443
   -0.947814
    -1.11706
    -1.27554
    -1.42174
    -1.55424
    -1.67178
    -1.77321
    -1.85757
    -1.92404
    -1.97197
    -2.00092
    -2.01059
     -2.0009
    -1.97194
    -1.92398
     -1.8575
    -1.77314
    -1.67169
    -1.55415
    -1.42164
    -1.27544
    -1.11696
   -0.947724
   -0.769366
     -0.5836
   -0.392216
   -0.197058
   0.0298498
   0.0594136
   0.0884057
    0.116549
    0.143572
    0.169214
    0.193229
    0.215385
    0.235469
    0.253288
     0.26867
    0.281465
    0.291551
     0.29883
    0.303232
    0.304713
    0.303261
    0.298887
    0.291636
    0.281575
    0.268802
    0.253439
    0.235634
    0.215557
    0.193402
    0.169381
    0.143726
    0.116684
   0.0885153
   0.0594909
   0.0298904
   -0.186059
   -0.370326
   -0.551027
   -0.726421
   -0.894819
     -1.0546
    -1.20422
    -1.34225
    -1.46734
    -1.57831
    -1.67407
    -1.75371
    -1.81646
    -1.86172
    -1.88904
    -1.89818
    -1.88903
    -1.86168
    -1.81641
    -1.75365
      -1.674
    -1.57822
    -1.46725
    -1.34215
    -1.20412
    -1.05451
   -0.894734
   -0.726348
   -0.550971
   -0.370288
   -0.186041
   0.0285038
   0.0567348
     0.08442
    0.111295
      0.1371
    0.161587
    0.184521
     0.20568
    0.224861
    0.241879
     0.25657
    0.268791
    0.278426
     0.28538
    0.289587
    0.291006
    0.289622
     0.28545
    0.278527
    0.268922
    0.256726
    0.242055
    0.225052
    0.205879
     0.18472
    0.161779
    0.137277
    0.111449
   0.0845449
   0.0568227
     0.02855
   -0.175343
   -0.348997
   -0.519291
   -0.684583
   -0.843283
   -0.993861
    -1.13487
    -1.26494
    -1.38284
    -1.48741
    -1.57766
    -1.65271
    -1.71185
     -1.7545
    -1.78025
    -1.78885
    -1.78023
    -1.75447
     -1.7118
    -1.65265
    -1.57759
    -1.48733
    -1.38276
    -1.26486
    -1.13479
   -0.993785
   -0.843215
   -0.684527
   -0.519248
   -0.348969
    -0.17533
   0.0271857
   0.0541116
   0.0805174
    0.106151
    0.130764
    0.154122
    0.175998
    0.196183
    0.214481
    0.230716
    0.244732
    0.256394
    0.265588
    0.272227
    0.276245
    0.277603
    0.276289
    0.272313
    0.265714
    0.256554
    0.244922
    0.230929
    0.214709
    0.196419
    0.176234
    0.154349
    0.130973
    0.106332
   0.0806635
   0.0542144
   0.0272397
   -0.164929
    -0.32827
   -0.488451
   -0.643929
   -0.793205
   -0.934841
    -1.06747
    -1.18983
    -1.30072
    -1.39908
    -1.48397
    -1.55457
     -1.6102
    -1.65032
    -1.67454
    -1.68263
    -1.67453
    -1.65029
    -1.61017
    -1.55453
    -1.48393
    -1.39903
    -1.30067
    -1.18977
    -1.06742
   -0.934795
   -0.793164
   -0.643895
   -0.488427
   -0.328256
   -0.164924
   0.0258948
   0.0515436
   0.0766981
    0.101118
    0.124568
    0.146822
    0.167666
    0.186899
    0.204336
    0.219809
    0.233168
    0.244283
    0.253049
    0.259379
    0.263212
    0.264511
    0.263263
    0.259478
    0.253194
    0.244469
    0.233388
    0.220056
    0.204603
    0.187175
    0.167942
    0.147087
    0.124812
    0.101332
   0.0768708
   0.0516657
   0.0259593
   -0.154819
   -0.308148
   -0.458511
   -0.604457
   -0.744584
    -0.87754
    -1.00204
     -1.1169
    -1.22099
    -1.31333
    -1.39302
    -1.45929
    -1.51151
    -1.54917
    -1.57191
    -1.57952
    -1.57191
    -1.54917
    -1.51151
    -1.45929
    -1.39301
    -1.31332
    -1.22098
    -1.11689
    -1.00204
   -0.877533
    -0.74458
   -0.604457
   -0.458512
   -0.308152
   -0.154823
    0.024633
   0.0490334
   0.0729652
   0.0961996
    0.118513
    0.139689
    0.159526
    0.177831
    0.194428
    0.209157
    0.221875
    0.232458
    0.240805
    0.246834
    0.250486
    0.251727
    0.250543
    0.246945
    0.240967
    0.232667
    0.222123
    0.209438
    0.194732
    0.178148
    0.159844
    0.139996
    0.118796
   0.0964483
   0.0731669
   0.0491768
    0.024709
   -0.145012
   -0.288629
   -0.429467
    -0.56617
   -0.697421
   -0.821955
   -0.938574
    -1.04615
    -1.14366
    -1.23015
    -1.30479
    -1.36687
    -1.41579
    -1.45107
    -1.47238
    -1.47951
    -1.47239
    -1.45109
    -1.41581
     -1.3669
    -1.30483
    -1.23019
     -1.1437
    -1.04619
   -0.938614
   -0.821994
   -0.697458
   -0.566204
   -0.429496
   -0.288652
   -0.145026
   0.0234019
   0.0465847
   0.0693247
   0.0914036
    0.112609
    0.132735
    0.151589
    0.168988
    0.184764
    0.198766
    0.210856
    0.220919
    0.228856
     0.23459
    0.238066
    0.239249
    0.238127
    0.234711
    0.229033
    0.221147
    0.211128
    0.199073
    0.185098
    0.169336
    0.151939
    0.133074
    0.112924
   0.0916815
   0.0695515
   0.0467473
   0.0234886
   -0.135508
   -0.269711
   -0.401319
   -0.529063
   -0.651712
   -0.768087
   -0.877067
   -0.977601
    -1.06872
    -1.14955
    -1.21931
    -1.27733
    -1.32304
    -1.35602
    -1.37593
     -1.3826
    -1.37595
    -1.35605
    -1.32309
    -1.27739
    -1.21938
    -1.14963
    -1.06881
   -0.977694
    -0.87716
   -0.768178
   -0.651797
   -0.529137
    -0.40138
   -0.269755
   -0.135532
   0.0222019
   0.0441982
   0.0657766
   0.0867293
    0.106854
    0.125957
    0.143852
    0.160367
    0.175343
    0.188634
    0.200112
    0.209666
    0.217203
    0.222649
    0.225952
    0.227078
    0.226017
    0.222778
    0.217392
     0.20991
    0.200403
    0.188963
      0.1757
     0.16074
    0.144228
    0.126322
    0.107195
   0.0870315
   0.0660247
   0.0443774
   0.0222982
   -0.126307
   -0.251399
   -0.374071
   -0.493144
   -0.607469
   -0.715945
    -0.81753
   -0.911243
   -0.996183
    -1.07153
    -1.13656
    -1.19065
    -1.23327
    -1.26401
    -1.28258
    -1.28879
     -1.2826
    -1.26405
    -1.23333
    -1.19073
    -1.13666
    -1.07165
   -0.996311
   -0.911377
   -0.817665
   -0.716076
   -0.607589
   -0.493248
   -0.374157
    -0.25146
    -0.12634
   0.0210364
   0.0418785
   0.0623255
   0.0821804
    0.101252
    0.119355
    0.136315
    0.151967
    0.166162
     0.17876
    0.189641
    0.198698
    0.205844
    0.211009
    0.214143
    0.215214
    0.214212
    0.211145
    0.206043
    0.198955
    0.189947
    0.179106
    0.166537
    0.152359
     0.13671
     0.11974
    0.101611
   0.0824996
   0.0625881
   0.0420684
   0.0211382
   -0.117408
   -0.233689
   -0.347723
   -0.458412
    -0.56469
   -0.665532
   -0.759968
   -0.847088
   -0.926051
   -0.996097
    -1.05655
    -1.10683
    -1.14645
    -1.17504
     -1.1923
    -1.19808
    -1.19233
    -1.17509
    -1.14653
    -1.10693
    -1.05667
   -0.996231
   -0.926196
    -0.84724
   -0.760122
   -0.665683
    -0.56483
   -0.458537
   -0.347826
   -0.233764
   -0.117448
   0.0199027
   0.0396221
   0.0589679
   0.0777539
   0.0957988
    0.112928
    0.128977
    0.143789
    0.157222
    0.169145
    0.179444
    0.188017
    0.194782
    0.199672
    0.202641
    0.203657
    0.202712
    0.199813
    0.194988
    0.188282
     0.17976
    0.169503
     0.15761
    0.144195
    0.129386
    0.113327
    0.096172
    0.078085
   0.0592406
   0.0398194
   0.0200084
   -0.108814
   -0.216586
   -0.322278
   -0.424871
   -0.523376
   -0.616844
   -0.704375
   -0.785124
   -0.858314
    -0.92324
   -0.979275
    -1.02588
    -1.06261
     -1.0891
     -1.1051
    -1.11046
    -1.10513
    -1.08915
    -1.06268
    -1.02598
   -0.979392
   -0.923372
   -0.858458
   -0.785276
   -0.704529
   -0.616997
    -0.52352
   -0.425001
   -0.322386
   -0.216666
   -0.108858
   0.0187999
   0.0374269
   0.0557012
   0.0734471
   0.0904933
    0.106675
    0.121837
    0.135831
    0.148522
    0.159788
    0.169519
    0.177621
    0.184015
    0.188638
    0.191445
    0.192409
    0.191519
    0.188784
    0.184229
    0.177898
     0.16985
    0.160163
     0.14893
    0.136258
    0.122269
    0.107097
   0.0908872
   0.0737961
   0.0559877
   0.0376335
   0.0189099
   -0.100527
   -0.200093
   -0.297738
    -0.39252
   -0.483526
   -0.569879
   -0.650747
   -0.725351
   -0.792969
   -0.852954
   -0.904725
   -0.947782
   -0.981712
    -1.00619
    -1.02097
    -1.02592
      -1.021
    -1.00623
    -0.98178
   -0.947868
   -0.904827
   -0.853071
   -0.793097
   -0.725485
   -0.650885
   -0.570016
   -0.483657
   -0.392638
   -0.297838
   -0.200168
   -0.100569
   0.0177282
   0.0352935
   0.0525262
    0.069261
   0.0853363
    0.100597
    0.114896
    0.128094
    0.140065
    0.150691
     0.15987
    0.167513
    0.173546
    0.177909
     0.18056
    0.181473
    0.180638
    0.178062
    0.173771
    0.167804
    0.160219
    0.151087
    0.140497
    0.128548
    0.115355
    0.101045
   0.0857545
   0.0696308
   0.0528286
   0.0355105
    0.017843
  -0.0925433
   -0.184202
   -0.274094
   -0.361351
   -0.445133
   -0.524631
   -0.599078
   -0.667759
    -0.73001
   -0.785233
   -0.832893
   -0.872533
   -0.903769
   -0.926301
   -0.939912
    -0.94447
   -0.939932
    -0.92634
   -0.903826
   -0.872606
   -0.832981
   -0.785333
   -0.730121
   -0.667877
   -0.599199
   -0.524751
   -0.445249
   -0.361459
   -0.274187
   -0.184273
  -0.0925839
   0.0166866
   0.0332204
   0.0494413
    0.065194
   0.0803264
   0.0946926
    0.108154
    0.120579
     0.13185
    0.141856
      0.1505
    0.157698
    0.163381
    0.167494
    0.169995
     0.17086
     0.17008
    0.167661
    0.163626
    0.158014
    0.150876
    0.142282
    0.132313
    0.121064
    0.108642
   0.0951674
   0.0807684
   0.0655837
    0.049759
   0.0334476
   0.0168067
  -0.0848639
   -0.168917
    -0.25135
   -0.331368
   -0.408198
   -0.481099
    -0.54937
   -0.612351
   -0.669437
   -0.720076
   -0.763781
    -0.80013
   -0.828774
   -0.849435
   -0.861915
   -0.866093
   -0.861929
   -0.849464
   -0.828818
   -0.800189
   -0.763852
    -0.72016
    -0.66953
   -0.612452
   -0.549475
   -0.481207
   -0.408303
   -0.331466
   -0.251436
   -0.168984
  -0.0849022
   0.0156765
   0.0312096
   0.0464493
   0.0612494
   0.0754673
   0.0889657
    0.101614
    0.113291
    0.123883
    0.133287
    0.141413
    0.148181
    0.153526
    0.157396
    0.159753
    0.160573
    0.159847
     0.15758
    0.153795
    0.148525
    0.141821
    0.133747
     0.12438
    0.113808
    0.102133
   0.0894678
   0.0759328
   0.0616582
   0.0467814
   0.0314465
   0.0158013
  -0.0774865
   -0.154233
   -0.229501
   -0.302563
   -0.372714
   -0.439278
   -0.501614
    -0.55912
   -0.611243
    -0.65748
   -0.697385
   -0.730574
   -0.756727
   -0.775592
   -0.786987
   -0.790803
   -0.787001
    -0.77562
   -0.756768
   -0.730628
   -0.697452
   -0.657558
   -0.611332
   -0.559217
   -0.501716
   -0.439382
   -0.372816
   -0.302658
   -0.229584
   -0.154298
  -0.0775239
   0.0146974
   0.0292614
   0.0435509
   0.0574292
   0.0707621
   0.0834214
   0.0952849
    0.106238
    0.116175
    0.124999
    0.132624
    0.138977
    0.143996
    0.147631
    0.149846
     0.15062
    0.149943
    0.147821
    0.144274
    0.139334
    0.133048
    0.125476
     0.11669
    0.106774
   0.0958226
   0.0839408
   0.0712427
   0.0578506
   0.0438931
   0.0295054
   0.0148263
  -0.0704122
   -0.140151
   -0.208546
   -0.274936
   -0.338682
   -0.399167
    -0.45581
   -0.508064
   -0.555426
    -0.59744
   -0.633701
    -0.66386
   -0.687625
   -0.704769
   -0.715125
   -0.718594
   -0.715143
   -0.704803
   -0.687676
   -0.663926
   -0.633781
   -0.597532
   -0.555527
   -0.508172
   -0.455921
   -0.399278
   -0.338788
   -0.275034
    -0.20863
   -0.140216
  -0.0704485
   0.0137513
   0.0273785
   0.0407501
   0.0537375
   0.0662156
   0.0780644
   0.0891695
   0.0994238
    0.108728
    0.116992
    0.124135
    0.130086
    0.134789
    0.138196
    0.140274
    0.141002
    0.140371
    0.138387
    0.135068
    0.130445
    0.124562
    0.117474
    0.109249
   0.0999667
   0.0897141
   0.0785903
   0.0667019
   0.0541636
   0.0410961
   0.0276256
    0.013882
  -0.0636394
    -0.12667
   -0.188485
   -0.248488
     -0.3061
   -0.360767
    -0.41196
   -0.459188
   -0.501994
   -0.539966
   -0.572739
   -0.599998
   -0.621478
   -0.636975
   -0.646337
   -0.649475
   -0.646359
   -0.637017
    -0.62154
   -0.600077
   -0.572833
   -0.540072
   -0.502108
   -0.459308
   -0.412082
   -0.360887
   -0.306214
   -0.248591
   -0.188572
   -0.126735
  -0.0636752
   0.0128404
   0.0255659
   0.0380539
   0.0501842
   0.0618397
   0.0729079
    0.083282
   0.0928615
    0.101554
    0.109274
    0.115947
    0.121508
    0.125903
    0.129087
    0.131029
     0.13171
    0.131122
     0.12927
    0.126171
    0.121853
    0.116358
    0.109737
    0.102055
   0.0933835
   0.0838063
   0.0734152
   0.0623099
   0.0505975
   0.0383906
   0.0258072
   0.0129687
  -0.0571668
   -0.113786
   -0.169314
   -0.223213
   -0.274965
   -0.324072
    -0.37006
   -0.412486
   -0.450941
   -0.485055
   -0.514498
   -0.538988
   -0.558288
   -0.572212
   -0.580625
   -0.583446
   -0.580649
   -0.572259
   -0.558357
   -0.539077
   -0.514605
   -0.485175
   -0.451072
   -0.412623
   -0.370198
   -0.324207
   -0.275091
   -0.223325
   -0.169406
   -0.113854
  -0.0572034
   0.0119647
   0.0238234
   0.0354619
   0.0467677
   0.0576319
   0.0679488
   0.0776186
   0.0865474
   0.0946486
    0.101844
    0.108062
    0.113245
    0.117339
    0.120306
    0.122116
     0.12275
    0.122202
    0.120475
    0.117586
    0.113562
     0.10844
     0.10227
   0.0951095
   0.0870277
   0.0781019
   0.0684178
   0.0580685
   0.0471534
   0.0357776
    0.024051
   0.0120866
  -0.0509966
   -0.101505
   -0.151038
    -0.19912
   -0.245286
   -0.289093
   -0.330118
   -0.367967
   -0.402274
   -0.432709
   -0.458978
   -0.480828
   -0.498047
   -0.510471
   -0.517978
   -0.520497
   -0.518003
   -0.510519
   -0.498118
   -0.480919
   -0.459088
   -0.432834
    -0.40241
    -0.36811
   -0.330262
   -0.289232
   -0.245416
   -0.199234
   -0.151131
   -0.101572
  -0.0510324
    0.011127
   0.0221542
   0.0329756
   0.0434872
   0.0535875
   0.0631788
   0.0721683
   0.0804687
   0.0879997
   0.0946882
    0.100469
    0.105286
    0.109092
    0.111849
     0.11353
    0.114118
    0.113606
       0.112
    0.109313
    0.105571
    0.100809
   0.0950717
   0.0884148
   0.0809016
   0.0726039
   0.0636016
   0.0539809
   0.0438345
   0.0332597
   0.0223586
   0.0112364
   -0.045126
   -0.089821
   -0.133655
   -0.176204
    -0.21706
   -0.255829
   -0.292136
   -0.325632
   -0.355994
   -0.382928
   -0.406177
   -0.425514
   -0.440754
    -0.45175
   -0.458395
   -0.460624
   -0.458417
   -0.451795
   -0.440821
     -0.4256
    -0.40628
   -0.383045
   -0.356121
   -0.325765
   -0.292272
   -0.255962
   -0.217185
   -0.176316
   -0.133746
  -0.0898875
  -0.0451618
   0.0103234
   0.0205527
   0.0305892
   0.0403373
    0.049703
    0.058596
   0.0669305
    0.074626
   0.0816077
   0.0878081
   0.0931669
   0.0976317
    0.101159
    0.103714
     0.10527
    0.105813
    0.105337
    0.103846
    0.101353
   0.0978815
   0.0934647
   0.0881446
    0.081972
   0.0750058
   0.0673127
   0.0589663
    0.050047
   0.0406402
   0.0308364
   0.0207299
   0.0104181
  -0.0395577
  -0.0787388
   -0.117166
   -0.154468
   -0.190287
   -0.224275
   -0.256106
   -0.285472
   -0.312091
   -0.335705
   -0.356087
   -0.373041
   -0.386402
   -0.396042
   -0.401867
   -0.403822
   -0.401887
   -0.396081
   -0.386459
   -0.373115
   -0.356176
   -0.335806
   -0.312201
   -0.285588
   -0.256225
   -0.224392
   -0.190398
   -0.154569
    -0.11725
  -0.0788005
  -0.0395913
  0.00954911
   0.0190107
   0.0282934
   0.0373087
   0.0459697
    0.054193
   0.0618991
   0.0690138
    0.075468
   0.0811994
   0.0861523
   0.0902785
   0.0935376
   0.0958976
   0.0973351
   0.0978358
   0.0973942
   0.0960141
   0.0937084
   0.0904985
   0.0864148
   0.0814963
   0.0757899
   0.0693499
   0.0622379
   0.0545217
   0.0462754
   0.0375781
   0.0285133
   0.0191684
  0.00963312
  -0.0342921
  -0.0682585
   -0.101572
   -0.133911
   -0.164964
   -0.194431
   -0.222028
   -0.247488
   -0.270566
   -0.291039
   -0.308709
   -0.323407
    -0.33499
   -0.343347
   -0.348396
    -0.35009
   -0.348411
   -0.343376
   -0.335033
   -0.323463
   -0.308777
   -0.291115
    -0.27065
   -0.247577
   -0.222119
   -0.194522
   -0.165051
   -0.133991
    -0.10164
  -0.0683092
  -0.0343206
  0.00880536
   0.0175298
   0.0260891
   0.0344013
   0.0423864
   0.0499674
   0.0570711
   0.0636289
   0.0695774
   0.0748591
   0.0794228
   0.0832244
   0.0862267
   0.0884004
   0.0897242
   0.0901847
   0.0897772
   0.0885049
   0.0863795
   0.0834211
   0.0796578
   0.0751252
   0.0698664
   0.0639314
   0.0573768
   0.0502648
   0.0426633
   0.0346457
   0.0262888
   0.0176731
  0.00888138
   -0.029328
  -0.0583782
   -0.086871
   -0.114531
   -0.141091
   -0.166294
   -0.189899
   -0.211675
   -0.231414
   -0.248925
   -0.264038
   -0.276608
   -0.286515
   -0.293661
   -0.297979
   -0.299426
   -0.297988
   -0.293681
   -0.286544
   -0.276646
   -0.264084
   -0.248978
   -0.231473
   -0.211738
   -0.189964
    -0.16636
   -0.141155
   -0.114591
  -0.0869234
   -0.058419
  -0.0293519
  0.00809213
   0.0161094
   0.0239744
   0.0316121
   0.0389488
   0.0459141
   0.0524406
   0.0584656
   0.0639307
   0.0687833
   0.0729761
   0.0764687
   0.0792271
   0.0812244
   0.0824411
    0.082865
   0.0824917
   0.0813242
   0.0793732
   0.0766567
   0.0732005
   0.0690371
   0.0642062
   0.0587536
    0.052731
   0.0461957
   0.0392103
   0.0318419
   0.0241613
   0.0162427
  0.00816234
  -0.0246659
  -0.0490988
  -0.0730636
  -0.0963277
   -0.118667
   -0.139865
   -0.159718
   -0.178033
   -0.194634
   -0.209361
   -0.222072
   -0.232644
   -0.240975
   -0.246984
   -0.250614
    -0.25183
   -0.250619
   -0.246994
   -0.240989
   -0.232663
   -0.222097
   -0.209391
   -0.194669
   -0.178072
    -0.15976
    -0.13991
   -0.118713
  -0.0963728
  -0.0731046
  -0.0491321
   -0.024686
  0.00740882
   0.0147488
   0.0219488
   0.0289407
   0.0356569
   0.0420333
   0.0480081
   0.0535241
    0.058528
   0.0629713
   0.0668109
   0.0700096
   0.0725364
   0.0743668
   0.0754828
   0.0758733
   0.0755342
    0.074468
   0.0726848
   0.0702003
   0.0670379
   0.0632276
   0.0588054
   0.0538131
   0.0482981
   0.0423131
   0.0359153
   0.0291664
   0.0221309
   0.0148775
  0.00747605
  -0.0203044
  -0.0404176
  -0.0601461
  -0.0792978
  -0.0976881
   -0.115139
   -0.131481
   -0.146559
   -0.160224
   -0.172347
    -0.18281
   -0.191512
   -0.198369
   -0.203315
   -0.206303
   -0.207302
   -0.206304
   -0.203319
   -0.198374
    -0.19152
   -0.182821
   -0.172362
   -0.160243
   -0.146582
    -0.13151
   -0.115171
  -0.0977228
  -0.0793334
  -0.0601798
  -0.0404461
   -0.020322
  0.00675384
   0.0134457
   0.0200106
   0.0263862
   0.0325109
   0.0383261
   0.0437756
   0.0488071
   0.0533722
   0.0574266
   0.0609312
   0.0638518
   0.0661602
   0.0678333
   0.0688547
   0.0692142
   0.0689078
   0.0679379
   0.0663133
   0.0640486
    0.061165
   0.0576897
   0.0536558
   0.0491013
   0.0440697
   0.0386091
   0.0327716
   0.0266135
   0.0201939
   0.0135753
  0.00682158
   -0.016244
  -0.0323353
  -0.0481192
  -0.0634417
  -0.0781551
  -0.0921166
   -0.105191
   -0.117253
   -0.128185
   -0.137883
   -0.146251
   -0.153211
   -0.158695
    -0.16265
   -0.165039
   -0.165839
   -0.165041
   -0.162653
   -0.158699
   -0.153217
    -0.14626
   -0.137895
   -0.128201
   -0.117272
   -0.105215
  -0.0921436
  -0.0781848
  -0.0634727
  -0.0481489
  -0.0323606
  -0.0162596
  0.00612877
   0.0122023
   0.0181619
   0.0239503
   0.0295118
    0.034793
   0.0397429
   0.0443141
   0.0484622
   0.0521476
   0.0553347
   0.0579919
   0.0600936
   0.0616181
   0.0625504
   0.0628809
   0.0626058
   0.0617273
   0.0602532
   0.0581971
    0.055578
    0.052421
   0.0487557
   0.0446174
   0.0400455
   0.0350836
   0.0297792
   0.0241834
     0.01835
   0.0123357
  0.00619859
  -0.0124838
  -0.0248505
  -0.0369812
  -0.0487575
  -0.0600656
  -0.0707958
  -0.0808444
  -0.0901142
  -0.0985156
   -0.105968
   -0.112398
   -0.117746
    -0.12196
   -0.124999
   -0.126835
    -0.12745
   -0.126837
   -0.125004
   -0.121967
   -0.117756
   -0.112411
   -0.105984
  -0.0985349
   -0.090137
  -0.0808705
  -0.0708247
  -0.0600964
  -0.0487888
  -0.0370107
  -0.0248751
  -0.0124987
  0.00553523
   0.0110218
   0.0164069
   0.0216387
   0.0266668
   0.0314427
   0.0359201
   0.0400557
   0.0438095
   0.0471451
   0.0500301
   0.0524361
   0.0543394
   0.0557208
   0.0565663
   0.0568673
   0.0566203
   0.0558273
   0.0544953
   0.0526366
   0.0502686
   0.0474137
   0.0440989
   0.0403559
   0.0362205
   0.0317322
   0.0269341
   0.0218725
   0.0165961
   0.0111565
  0.00560624
 -0.00902516
  -0.0179652
  -0.0267341
  -0.0352463
  -0.0434196
   -0.051175
  -0.0584378
   -0.065138
   -0.071211
  -0.0765984
  -0.0812481
  -0.0851156
  -0.0881634
  -0.0903625
  -0.0916914
  -0.0921375
  -0.0916965
  -0.0903725
  -0.0881783
  -0.0851352
  -0.0812724
   -0.076627
  -0.0712436
  -0.0651737
  -0.0584755
  -0.0512135
  -0.0434573
  -0.0352816
   -0.026765
  -0.0179893
 -0.00903884
  0.00497356
  0.00990479
   0.0147464
   0.0194517
   0.0239755
   0.0282735
   0.0323041
   0.0360278
   0.0394082
   0.0424124
   0.0450108
    0.047178
   0.0488923
   0.0501367
   0.0508986
   0.0511703
   0.0509487
   0.0502356
   0.0490375
   0.0473653
   0.0452347
   0.0426659
   0.0396831
   0.0363148
    0.032593
   0.0285537
   0.0242356
   0.0196806
   0.0149326
   0.0100381
  0.00504441
 -0.00586676
  -0.0116778
   -0.017377
  -0.0229092
  -0.0282208
  -0.0332608
  -0.0379806
  -0.0423352
  -0.0462827
  -0.0497851
  -0.0528086
  -0.0553241
  -0.0573071
  -0.0587383
  -0.0596039
  -0.0598954
    -0.05961
  -0.0587504
  -0.0573249
  -0.0553475
  -0.0528373
  -0.0498185
  -0.0463202
  -0.0423754
  -0.0380221
  -0.0333017
  -0.0282596
  -0.0229441
  -0.0174063
  -0.0116994
 -0.00587838
  0.00444869
   0.0088595
   0.0131903
   0.0173992
   0.0214457
   0.0252905
   0.0288962
   0.0322274
   0.0352517
   0.0379395
   0.0402644
   0.0422036
   0.0437377
   0.0448514
   0.0455334
   0.0457768
   0.0455786
   0.0449406
   0.0438683
   0.0423717
   0.0404648
   0.0381659
   0.0354967
    0.032483
   0.0291534
     0.02554
   0.0216775
   0.0176033
   0.0133568
   0.0089791
  0.00451256
 -0.00300589
 -0.00598402
 -0.00890553
  -0.0117422
  -0.0144664
  -0.0170517
  -0.0194732
  -0.0217075
  -0.0237331
  -0.0255305
  -0.0270822
  -0.0283732
  -0.0293912
  -0.0301261
   -0.030571
  -0.0307216
  -0.0305763
  -0.0301364
  -0.0294061
  -0.0283926
  -0.0271055
  -0.0255574
   -0.023763
  -0.0217396
  -0.0195064
  -0.0170849
  -0.0144982
  -0.0117714
 -0.00893043
 -0.00600275
 -0.00301633
  0.00395682
  0.00787946
   0.0117305
   0.0154724
   0.0190692
   0.0224861
   0.0256899
   0.0286496
   0.0313361
   0.0337237
   0.0357889
   0.0375113
   0.0388738
   0.0398629
   0.0404685
   0.0406841
   0.0405074
   0.0399394
   0.0389851
   0.0376536
   0.0359573
   0.0339128
   0.0315396
   0.0288607
   0.0259017
   0.0226909
   0.0192593
   0.0156398
   0.0118675
  0.00797836
  0.00401003
-0.000446356
-0.000889863
 -0.00132606
 -0.00175072
 -0.00215959
 -0.00254825
 -0.00291274
  -0.0032494
 -0.00355485
 -0.00382603
 -0.00406023
 -0.00425515
 -0.00440889
 -0.00452005
 -0.00458765
 -0.00461105
 -0.00459015
 -0.00452477
 -0.00441556
 -0.00426353
 -0.00407013
  -0.0038374
 -0.00356761
 -0.00326345
 -0.00292777
 -0.00256407
 -0.00217574
 -0.00176666
 -0.00134058
-0.000901557
-0.000453521
  0.00349542
  0.00695901
   0.0103573
   0.0136587
   0.0168313
   0.0198447
   0.0226699
   0.0252794
   0.0276479
   0.0297526
   0.0315727
   0.0330904
   0.0342906
   0.0351615
    0.035694
   0.0358828
   0.0357255
   0.0352236
   0.0343815
    0.033207
   0.0317111
   0.0299084
   0.0278161
   0.0254541
   0.0228452
   0.0200141
    0.016988
    0.013796
   0.0104689
  0.00703846
  0.00353777
  0.00181104
  0.00360334
  0.00535988
   0.0070638
  0.00869888
   0.0102497
   0.0117015
   0.0130404
   0.0142536
   0.0153298
   0.0162586
   0.0170312
   0.0176403
   0.0180801
   0.0183463
   0.0184363
   0.0183493
   0.0180862
   0.0176494
   0.0170429
   0.0162725
   0.0153453
   0.0142702
   0.0130571
   0.0117177
   0.0102643
  0.00871095
  0.00707244
  0.00536467
  0.00360469
  0.00180983
  0.00306273
  0.00609568
  0.00906908
   0.0119568
   0.0147309
   0.0173654
   0.0198349
   0.0221156
   0.0241854
   0.0260242
    0.027614
   0.0289392
   0.0299868
   0.0307463
     0.03121
   0.0313734
   0.0312347
   0.0307952
    0.030059
   0.0290327
   0.0277262
   0.0261515
   0.0243238
   0.0222603
   0.0199805
    0.017506
   0.0148605
   0.0120693
  0.00915927
  0.00615842
   0.0030956
  0.00376831
  0.00749918
    0.011157
   0.0147067
   0.0181142
   0.0213469
   0.0243739
   0.0271661
   0.0296967
   0.0319416
   0.0338793
   0.0354915
   0.0367624
   0.0376802
    0.038236
   0.0384244
   0.0382436
   0.0376953
   0.0367846
   0.0355198
   0.0339129
   0.0319791
   0.0297369
   0.0272074
   0.0244149
   0.0213855
   0.0181483
   0.0147344
   0.0111767
  0.00751049
  0.00377149
  0.00265468
  0.00528267
  0.00785776
    0.010358
   0.0127591
    0.015039
   0.0171757
   0.0191488
   0.0209391
   0.0225296
   0.0239047
   0.0250511
   0.0259574
   0.0266147
   0.0270165
   0.0271586
   0.0270396
   0.0266604
   0.0260246
   0.0251377
   0.0240081
   0.0226463
   0.0210652
   0.0192796
   0.0173066
   0.0151647
   0.0128742
    0.010457
  0.00793648
  0.00533676
  0.00268289
  0.00542572
   0.0107983
   0.0160662
   0.0211789
   0.0260874
   0.0307448
   0.0351063
     0.03913
    0.042777
   0.0460128
   0.0488061
   0.0511303
    0.052963
   0.0542864
   0.0550878
   0.0553595
   0.0550989
   0.0543082
   0.0529951
   0.0511715
   0.0488547
   0.0460666
    0.042834
   0.0391878
   0.0351627
   0.0307973
   0.0261335
   0.0212162
   0.0160926
   0.0108137
  0.00543054
  0.00227331
  0.00452302
  0.00672626
  0.00886499
   0.0109184
   0.0128679
   0.0146947
   0.0163815
   0.0179121
   0.0192721
   0.0204482
   0.0214292
   0.0222055
   0.0227692
   0.0231149
   0.0232389
   0.0231397
    0.022818
   0.0222766
     0.02152
   0.0205553
   0.0193915
   0.0180395
   0.0165121
    0.014824
   0.0129907
   0.0110298
  0.00895994
  0.00680106
  0.00457382
  0.00229968
  0.00678475
   0.0135034
   0.0200917
   0.0264861
   0.0326254
   0.0384508
   0.0439063
   0.0489391
   0.0535009
    0.057548
   0.0610417
   0.0639484
     0.06624
   0.0678942
    0.068895
   0.0692328
   0.0689046
   0.0679131
    0.066268
   0.0639844
   0.0610841
   0.0575948
   0.0535499
   0.0489882
   0.0439536
   0.0384946
   0.0326633
   0.0265162
   0.0201121
   0.0135144
  0.00678694
  0.00191621
   0.0038129
  0.00567048
  0.00747396
  0.00920573
   0.0108502
   0.0123915
   0.0138152
   0.0151076
   0.0162564
   0.0172505
   0.0180803
   0.0187377
   0.0192162
   0.0195109
   0.0196186
    0.019538
   0.0192694
   0.0188152
   0.0181791
   0.0173668
    0.016386
   0.0152457
   0.0139567
   0.0125312
   0.0109826
  0.00932567
  0.00757637
  0.00575155
  0.00386858
   0.0019456
  0.00784581
   0.0156159
   0.0232358
   0.0306318
    0.037733
   0.0444708
   0.0507803
   0.0566008
   0.0618761
   0.0665556
   0.0705946
   0.0739541
   0.0766021
   0.0785123
   0.0796663
   0.0800529
   0.0796684
   0.0785165
   0.0766083
   0.0739621
   0.0706033
   0.0665644
   0.0618839
   0.0566076
   0.0507859
    0.044475
   0.0377354
   0.0306323
   0.0232337
   0.0156121
  0.00784101
  0.00158621
  0.00315699
   0.0046959
  0.00619076
  0.00762696
  0.00899153
   0.0102714
   0.0114544
   0.0125293
   0.0134855
   0.0143139
   0.0150061
   0.0155556
   0.0159567
   0.0162055
   0.0162989
   0.0162357
   0.0160162
   0.0156421
   0.0151166
   0.0144441
    0.013631
   0.0126848
   0.0116142
   0.0104294
  0.00914157
  0.00776314
   0.0063076
  0.00478905
  0.00322177
  0.00162088
  0.00860932
   0.0171359
   0.0254981
   0.0336146
   0.0414073
   0.0488008
   0.0557238
   0.0621094
   0.0678962
   0.0730285
    0.077457
   0.0811394
   0.0840407
   0.0861319
   0.0873933
   0.0878124
   0.0873852
   0.0861161
   0.0840174
   0.0811098
   0.0774211
   0.0729874
   0.0678511
   0.0620623
   0.0556766
   0.0487556
   0.0413657
   0.0335782
   0.0254678
   0.0171134
  0.00859553
  0.00128465
  0.00255819
   0.0038072
  0.00502158
   0.0061894
      0.0073
   0.0083427
  0.00930748
    0.010185
   0.0109667
   0.0116448
   0.0122126
   0.0126645
   0.0129957
   0.0132028
   0.0132831
   0.0132356
   0.0130603
   0.0127588
   0.0123333
   0.0117876
   0.0111268
   0.0103571
  0.00948546
  0.00852008
  0.00747005
  0.00634542
  0.00515714
  0.00391667
  0.00263567
  0.00132643
   0.0090777
   0.0180677
   0.0268837
   0.0354401
   0.0436548
   0.0514481
    0.058745
   0.0654745
   0.0715716
   0.0769773
   0.0816395
   0.0855141
    0.088564
   0.0907601
   0.0920814
   0.0925155
   0.0920584
   0.0907153
    0.088499
   0.0854313
   0.0815419
   0.0768686
   0.0714563
   0.0653576
   0.0586309
   0.0513412
   0.0435585
   0.0353577
   0.0268176
   0.0180207
   0.0090519
  0.00101304
  0.00201901
  0.00300729
  0.00396956
  0.00489627
  0.00577883
  0.00660865
  0.00737756
  0.00807808
  0.00870312
  0.00924647
  0.00970263
    0.010067
   0.0103354
   0.0105048
   0.0105732
   0.0105396
   0.0104039
   0.0101672
  0.00983145
   0.0093995
  0.00887552
  0.00826446
  0.00757175
  0.00680387
  0.00596784
  0.00507158
  0.00412365
  0.00313315
  0.00210934
  0.00106201
  0.00924921
   0.0184082
    0.027389
   0.0361042
   0.0444703
   0.0524062
   0.0598361
    0.066687
    0.072893
   0.0783939
   0.0831364
   0.0870762
   0.0901755
   0.0924054
   0.0937447
   0.0941813
   0.0937111
   0.0923395
   0.0900796
   0.0869539
   0.0829923
   0.0782335
   0.0727232
   0.0665146
   0.0596676
    0.052248
   0.0443272
   0.0359814
   0.0272907
    0.018339
  0.00921232
 0.000771425
  0.00153982
  0.00229719
  0.00303639
  0.00375004
  0.00443114
  0.00507297
  0.00566885
  0.00621281
  0.00669912
  0.00712276
  0.00747951
  0.00776566
  0.00797786
  0.00811371
  0.00817158
  0.00815062
  0.00805064
  0.00787228
  0.00761681
  0.00728641
   0.0068842
  0.00641391
  0.00587968
  0.00528646
  0.00463965
  0.00394532
  0.00320992
   0.0024404
  0.00164393
 0.000828059
  0.00912861
   0.0181656
   0.0270235
   0.0356171
   0.0438637
   0.0516842
   0.0590037
   0.0657516
   0.0718633
   0.0772799
   0.0819495
   0.0858283
   0.0888791
   0.0910735
   0.0923904
   0.0928181
   0.0923524
   0.0909986
   0.0887698
   0.0856879
   0.0817826
   0.0770919
   0.0716609
   0.0655421
   0.0587945
   0.0514829
   0.0436778
   0.0354541
    0.026891
   0.0180708
  0.00907821
 0.000560823
  0.00112228
  0.00167876
  0.00222397
  0.00275242
  0.00325844
  0.00373689
  0.00418234
  0.00459012
  0.00495564
  0.00527491
  0.00554493
  0.00576274
  0.00592583
  0.00603229
  0.00608097
  0.00607122
  0.00600256
  0.00587531
  0.00569014
  0.00544854
  0.00515263
  0.00480509
  0.00440888
  0.00396764
   0.0034854
  0.00296664
  0.00241595
  0.00183845
   0.0012395
 0.000624718
  0.00870997
     0.01733
   0.0257765
   0.0339689
   0.0418281
   0.0492798
   0.0562525
   0.0626798
   0.0685003
   0.0736587
   0.0781058
   0.0817995
   0.0847046
   0.0867937
    0.088047
   0.0884531
   0.0880081
   0.0867169
   0.0845921
   0.0816543
   0.0779321
   0.0734616
   0.0682858
   0.0624546
   0.0560244
    0.049057
   0.0416195
   0.0337833
    0.025624
   0.0172198
  0.00865124
 0.000384728
 0.000772155
   0.0011586
  0.00153917
  0.00190995
  0.00226663
   0.0026054
  0.00292223
  0.00321363
  0.00347635
  0.00370745
  0.00390454
  0.00406537
  0.00418779
  0.00427027
  0.00431198
  0.00431233
  0.00427073
  0.00418723
  0.00406225
   0.0038967
  0.00369189
  0.00344959
  0.00317173
  0.00286076
  0.00251898
  0.00214931
  0.00175429
  0.00133718
 0.000902625
 0.000454537
   0.0079925
      0.0159
   0.0236453
   0.0311566
   0.0383614
   0.0451921
   0.0515833
   0.0574745
   0.0628093
   0.0675373
   0.0716133
   0.0749988
   0.0776615
   0.0795762
   0.0807249
   0.0810968
   0.0806887
   0.0795049
   0.0775567
   0.0748634
   0.0714508
   0.0673521
   0.0626069
   0.0572608
   0.0513656
   0.0449778
    0.038159
   0.0309747
   0.0234942
   0.0157889
  0.00793279
 0.000241107
 0.000486418
 0.000733802
 0.000979486
  0.00122089
  0.00145485
  0.00167874
  0.00188975
  0.00208545
   0.0022638
   0.0024228
  0.00256046
  0.00267514
  0.00276489
  0.00282847
  0.00286526
   0.0028747
  0.00285605
  0.00280919
  0.00273434
  0.00263195
  0.00250264
  0.00234738
  0.00216719
  0.00196349
  0.00173692
  0.00148906
  0.00122057
 0.000933171
 0.000631151
 0.000317181
  0.00698091
   0.0138849
   0.0206443
   0.0271984
   0.0334843
   0.0394435
   0.0450191
   0.0501585
   0.0548126
   0.0589375
   0.0624936
   0.0654473
   0.0677706
   0.0694414
   0.0704439
   0.0707688
    0.070413
   0.0693803
   0.0676807
   0.0653308
   0.0623532
   0.0587767
    0.054636
   0.0499709
   0.0448265
   0.0392522
   0.0333017
   0.0270322
   0.0205042
   0.0137798
  0.00692386
 0.000129937
 0.000265235
 0.000404972
 0.000546223
 0.000687513
 0.000826677
  0.00096207
  0.00109162
  0.00121371
  0.00132711
  0.00143049
  0.00152231
  0.00160137
  0.00166632
  0.00171621
  0.00175041
  0.00176839
  0.00176946
  0.00175336
  0.00171955
  0.00166799
  0.00159804
  0.00150978
  0.00140375
  0.00128033
   0.0011398
 0.000982685
 0.000809481
 0.000621056
   0.0004209
 0.000210977
   0.0056729
   0.0112817
   0.0167711
   0.0220934
   0.0271975
   0.0320363
   0.0365638
   0.0407373
   0.0445169
    0.047867
   0.0507554
   0.0531549
   0.0550425
   0.0564004
   0.0572155
   0.0574805
   0.0571927
   0.0563551
   0.0549759
   0.0530683
   0.0506508
   0.0477467
   0.0443841
   0.0405953
   0.0364167
   0.0318887
   0.0270548
   0.0219616
   0.0166584
   0.0111955
  0.00562566
 5.11065e-05
 0.000108418
 0.000171921
 0.000239248
 0.000309754
 0.000382001
 0.000455064
 0.000527343
 0.000597804
 0.000665786
 0.000730427
 0.000790505
 0.000845143
 0.000893551
 0.000935001
 0.000968802
 0.000994395
  0.00101114
   0.0010186
  0.00101543
  0.00100108
 0.000973724
 0.000932642
 0.000878146
 0.000809856
 0.000728106
  0.00063282
 0.000524759
 0.000404337
 0.000274516
 0.000136787
  0.00407338
  0.00809882
   0.0120366
   0.0158543
   0.0195153
   0.0229863
   0.0262343
   0.0292287
   0.0319409
   0.0343452
   0.0364185
   0.0381411
   0.0394965
   0.0404719
   0.0410579
   0.0412491
   0.0410437
   0.0404437
    0.039455
    0.038087
    0.036353
   0.0342696
    0.031857
   0.0291382
   0.0261395
   0.0228896
   0.0194201
   0.0157644
   0.0119578
  0.00803671
  0.00403877
 1.04482e-05
 2.56927e-05
  4.6077e-05
 7.07402e-05
 9.94823e-05
 0.000131667
 0.000166807
 0.000204029
 0.000242686
 0.000282307
 0.000322266
 0.000361738
 0.000400023
 0.000436461
 0.000470362
 0.000501038
 0.000527801
 0.000549911
 0.000566663
 0.000576871
 0.000579724
 0.000573779
 0.000558246
 0.000532952
 0.000497497
 0.000451957
 0.000396334
 0.000331163
 0.000256951
 0.000175563
 8.82539e-05
  0.00217705
  0.00432937
  0.00643592
  0.00847892
   0.0104387
   0.0122973
    0.014037
   0.0156413
   0.0170948
   0.0183836
   0.0194954
   0.0204195
    0.021147
    0.021671
   0.0219864
   0.0220903
   0.0219816
   0.0216616
   0.0211332
   0.0204014
   0.0194735
   0.0183582
   0.0170665
   0.0156105
   0.0140044
   0.0122636
    0.010405
  0.00844647
    0.006407
  0.00430606
  0.00216393
  2.4505e-07
 4.79809e-07
 6.95585e-07
  8.8704e-07
 1.05161e-06
 1.18932e-06
 1.30133e-06
 1.38951e-06
 1.45525e-06
 1.49972e-06
 1.52347e-06
 1.52692e-06
 1.51024e-06
 1.47381e-06
 1.41805e-06
 1.34394e-06
 1.25282e-06
 1.14685e-06
 1.02884e-06
 9.02355e-07
 7.71444e-07
 6.40467e-07
 5.13835e-07
 3.95705e-07
 2.89919e-07
 1.99526e-07
 1.26774e-07
 7.24218e-08
 3.58323e-08
 1.44492e-08
 4.26997e-09
-3.49808e-07
-6.99615e-07
-6.01444e-07
-5.03272e-07
-4.43074e-07
-3.82875e-07
 -3.3938e-07
-2.95886e-07
-2.52781e-07
-2.09676e-07
-1.66209e-07
-1.22741e-07
 -7.9037e-08
-3.53328e-08
  4.7362e-09
 4.48052e-08
 7.53968e-08
 1.05988e-07
 1.26968e-07
 1.47948e-07
 1.60238e-07
 1.72527e-07
  1.7195e-07
 1.71373e-07
 1.71128e-07
 1.70883e-07
 1.57878e-07
 1.44873e-07
 8.54165e-08
 2.59601e-08
 1.29801e-08
