   0.0980201
     0.19509
     0.29028
     0.38268
      0.4714
    0.555571
    0.634391
    0.707111
    0.773011
    0.831471
    0.881921
    0.923881
    0.956941
    0.980791
    0.995181
           1
    0.995181
    0.980791
    0.956941
    0.923881
    0.881921
    0.831471
    0.773011
    0.707111
    0.634391
    0.555571
      0.4714
     0.38268
     0.29028
     0.19509
   0.0980199
   -0.773046
    -1.53865
    -2.28944
    -3.01818
    -3.71786
    -4.38173
    -5.00341
     -5.5769
    -6.09667
    -6.55774
    -6.95565
    -7.28658
    -7.54733
     -7.7354
    -7.84897
    -7.88696
    -7.84899
    -7.73543
    -7.54737
    -7.28662
    -6.95569
    -6.55778
    -6.09672
    -5.57694
    -5.00345
    -4.38177
     -3.7179
    -3.01822
    -2.28947
    -1.53868
   -0.773062
    0.095622
    0.190323
    0.283191
    0.373332
    0.459879
    0.541995
    0.618893
    0.689831
    0.754124
    0.811155
    0.860375
    0.901308
    0.933562
    0.956824
    0.970872
    0.975569
    0.970872
    0.956824
    0.933562
    0.901309
    0.860376
    0.811157
    0.754126
    0.689832
    0.618894
    0.541997
     0.45988
    0.373334
    0.283193
    0.190324
   0.0956227
   -0.751455
    -1.49567
    -2.22549
    -2.93388
    -3.61401
    -4.25933
    -4.86364
    -5.42111
    -5.92638
    -6.37456
    -6.76136
    -7.08304
    -7.33651
    -7.51933
    -7.62972
    -7.66664
    -7.62973
    -7.51933
    -7.33652
    -7.08306
    -6.76138
    -6.37458
     -5.9264
    -5.42114
    -4.86367
    -4.25936
    -3.61404
     -2.9339
    -2.22551
    -1.49569
   -0.751465
   0.0932529
    0.185608
    0.276175
    0.364083
    0.448485
    0.528568
     0.60356
     0.67274
    0.735442
     0.79106
     0.83906
     0.87898
    0.910434
     0.93312
     0.94682
    0.951402
     0.94682
    0.933121
    0.910435
    0.878981
    0.839061
    0.791062
    0.735443
    0.672743
    0.603563
     0.52857
    0.448488
    0.364086
    0.276178
     0.18561
   0.0932539
   -0.730163
    -1.45329
    -2.16243
    -2.85074
     -3.5116
    -4.13864
    -4.72583
     -5.2675
    -5.75845
    -6.19394
    -6.56977
    -6.88234
    -7.12863
    -7.30626
    -7.41353
     -7.4494
    -7.41353
    -7.30626
    -7.12863
    -6.88235
    -6.56979
    -6.19395
    -5.75847
    -5.26752
    -4.72585
    -4.13867
    -3.51163
    -2.85077
    -2.16245
    -1.45331
   -0.730172
   0.0909103
    0.180945
    0.269238
    0.354937
    0.437219
     0.51529
    0.588398
    0.655841
    0.716967
    0.771188
    0.817983
      0.8569
    0.887564
     0.90968
    0.923036
    0.927503
    0.923037
    0.909681
    0.887565
    0.856901
    0.817984
     0.77119
    0.716969
    0.655843
    0.588402
    0.515293
    0.437222
     0.35494
     0.26924
    0.180947
   0.0909115
   -0.709173
    -1.41152
    -2.10027
    -2.76879
    -3.41066
    -4.01967
    -4.58998
    -5.11608
    -5.59291
    -6.01588
    -6.38091
    -6.68449
     -6.9237
    -7.09623
    -7.20041
    -7.23525
    -7.20041
    -7.09623
    -6.92371
     -6.6845
    -6.38092
    -6.01589
    -5.59292
     -5.1161
       -4.59
    -4.01969
    -3.41068
    -2.76882
    -2.10029
    -1.41153
   -0.709181
   0.0885946
    0.176336
    0.262379
    0.345896
    0.426082
    0.502164
    0.573411
    0.639135
    0.698704
    0.751545
    0.797147
    0.835073
    0.864956
    0.886509
    0.899525
    0.903878
    0.899525
     0.88651
    0.864957
    0.835074
    0.797149
    0.751547
    0.698707
    0.639138
    0.573414
    0.502168
    0.426086
      0.3459
    0.262382
    0.176338
   0.0885959
   -0.688487
    -1.37034
      -2.039
    -2.68803
    -3.31117
    -3.90242
    -4.45609
    -4.96684
    -5.42977
     -5.8404
    -6.19478
    -6.48951
    -6.72174
    -6.88923
    -6.99037
     -7.0242
    -6.99038
    -6.88923
    -6.72174
    -6.48951
    -6.19479
     -5.8404
    -5.42978
    -4.96686
    -4.45611
    -3.90244
    -3.31119
    -2.68805
    -2.03902
    -1.37036
   -0.688494
   0.0863063
    0.171781
    0.255602
    0.336962
    0.415077
    0.489194
      0.5586
    0.622627
    0.680657
    0.732133
    0.776557
    0.813503
    0.842615
    0.863611
    0.876291
    0.880531
    0.876291
    0.863612
    0.842616
    0.813505
    0.776559
    0.732135
     0.68066
     0.62263
    0.558604
    0.489198
     0.41508
    0.336965
    0.255605
    0.171783
   0.0863075
   -0.668104
    -1.32977
    -1.97864
    -2.60845
    -3.21314
    -3.78688
    -4.32416
    -4.81979
    -5.26901
    -5.66749
    -6.01138
    -6.29738
    -6.52273
    -6.68527
    -6.78341
    -6.81623
    -6.78341
    -6.68526
    -6.52273
    -6.29738
    -6.01138
    -5.66749
    -5.26902
    -4.81981
    -4.32418
    -3.78691
    -3.21316
    -2.60847
    -1.97866
    -1.32979
   -0.668111
   0.0840457
    0.167282
    0.248908
    0.328136
    0.404204
     0.47638
    0.543968
    0.606318
    0.662828
    0.712955
    0.756216
    0.792195
    0.820544
     0.84099
    0.853337
    0.857466
    0.853338
    0.840991
    0.820545
    0.792196
    0.756218
    0.712958
    0.662831
     0.60632
    0.543971
    0.476383
    0.404207
    0.328139
     0.24891
    0.167284
   0.0840466
   -0.648025
    -1.28981
    -1.91917
    -2.53005
    -3.11657
    -3.67307
    -4.19419
    -4.67493
    -5.11065
    -5.49715
     -5.8307
    -6.10811
    -6.32669
    -6.48433
    -6.57953
    -6.61137
    -6.57953
    -6.48433
    -6.32668
    -6.10811
    -5.83071
    -5.49715
    -5.11066
    -4.67495
    -4.19422
    -3.67309
    -3.11659
    -2.53007
    -1.91919
    -1.28982
   -0.648031
   0.0818123
    0.162837
    0.242294
    0.319418
    0.393465
    0.463723
    0.529516
    0.590209
    0.645218
    0.694013
    0.736124
    0.771146
    0.798741
    0.818644
    0.830663
    0.834683
    0.830663
    0.818645
    0.798742
    0.771147
    0.736125
    0.694014
     0.64522
    0.590212
    0.529519
    0.463726
    0.393468
     0.31942
    0.242297
    0.162839
   0.0818138
   -0.628248
    -1.25045
     -1.8606
    -2.45284
    -3.02145
    -3.56097
    -4.06619
    -4.53225
    -4.95467
    -5.32938
    -5.65275
    -5.92169
     -6.1336
    -6.28643
    -6.37873
     -6.4096
    -6.37873
    -6.28644
    -6.13361
     -5.9217
    -5.65277
    -5.32939
    -4.95469
    -4.53228
    -4.06622
      -3.561
    -3.02148
    -2.45286
    -1.86062
    -1.25046
   -0.628254
    0.079607
    0.158448
    0.235763
    0.310808
     0.38286
    0.451224
    0.515244
      0.5743
    0.627826
    0.675306
    0.716282
     0.75036
    0.777212
    0.796579
    0.808274
    0.812185
    0.808275
     0.79658
    0.777214
    0.750362
    0.716285
    0.675309
    0.627829
    0.574304
    0.515248
    0.451229
    0.382864
    0.310812
    0.235767
    0.158451
   0.0796091
   -0.608775
    -1.21169
    -1.80293
    -2.37681
     -2.9278
     -3.4506
    -3.94016
    -4.39177
    -4.80109
    -5.16418
    -5.47753
    -5.73814
    -5.94348
    -6.09158
    -6.18102
    -6.21093
    -6.18102
    -6.09159
    -5.94349
    -5.73815
    -5.47756
    -5.16421
    -4.80112
     -4.3918
    -3.94018
    -3.45062
    -2.92782
    -2.37683
    -1.80295
     -1.2117
   -0.608781
   0.0774302
    0.154115
    0.229316
    0.302308
     0.37239
    0.438885
    0.501154
    0.558596
    0.610659
    0.656842
    0.696698
    0.729845
    0.755963
      0.7748
    0.786176
     0.78998
    0.786177
    0.774802
    0.755965
    0.729848
    0.696701
    0.656846
    0.610664
    0.558602
    0.501161
    0.438893
    0.372397
    0.302315
    0.229321
    0.154119
   0.0774328
   -0.589605
    -1.17353
    -1.74616
    -2.30196
    -2.83561
    -3.34194
    -3.81608
    -4.25347
    -4.64991
    -5.00156
    -5.30505
    -5.55745
    -5.75632
    -5.89976
    -5.98638
    -6.01535
    -5.98639
    -5.89977
    -5.75634
    -5.55747
    -5.30508
    -5.00159
    -4.64994
    -4.25351
    -3.81611
    -3.34196
    -2.83563
    -2.30199
    -1.74617
    -1.17354
   -0.589611
   0.0752817
    0.149839
    0.222954
    0.293921
    0.362058
    0.426709
    0.487251
      0.5431
    0.593719
     0.63862
    0.677371
    0.709598
    0.734991
    0.753306
    0.764366
    0.768065
    0.764368
    0.753309
    0.734995
    0.709603
    0.677378
    0.638627
    0.593727
    0.543109
     0.48726
    0.426719
    0.362068
     0.29393
    0.222961
    0.149845
   0.0752851
   -0.570737
    -1.13598
    -1.69028
     -2.2283
    -2.74487
      -3.235
    -3.69397
    -4.11737
    -4.50112
    -4.84153
     -5.1353
    -5.37962
    -5.57214
    -5.71098
    -5.79483
    -5.82288
    -5.79484
      -5.711
    -5.57215
    -5.37964
    -5.13533
    -4.84156
    -4.50116
    -4.11741
    -3.69401
    -3.23503
     -2.7449
    -2.22833
     -1.6903
    -1.13599
   -0.570744
   0.0731618
     0.14562
    0.216676
    0.285645
    0.351864
    0.414695
    0.473532
    0.527809
    0.577003
     0.62064
    0.658301
    0.689621
      0.7143
      0.7321
     0.74285
    0.746445
    0.742851
    0.732104
    0.714306
    0.689629
     0.65831
    0.620652
    0.577017
    0.527824
    0.473547
     0.41471
    0.351878
    0.285658
    0.216686
    0.145628
   0.0731664
   -0.552174
    -1.09903
    -1.63531
    -2.15583
     -2.6556
    -3.12979
    -3.57383
    -3.98346
    -4.35473
    -4.68406
    -4.96828
    -5.20466
    -5.39091
    -5.52524
    -5.60636
    -5.63349
    -5.60637
    -5.52525
    -5.39093
    -5.20468
    -4.96831
    -4.68408
    -4.35475
    -3.98348
    -3.57385
     -3.1298
     -2.6556
    -2.15584
    -1.63531
    -1.09904
   -0.552176
   0.0710708
    0.141458
    0.210483
    0.277482
    0.341809
    0.402845
    0.460001
    0.512727
    0.560517
    0.602908
    0.639493
    0.669919
    0.693893
    0.711185
    0.721627
    0.725121
    0.721631
    0.711191
    0.693902
    0.669929
    0.639506
    0.602923
    0.560534
    0.512748
    0.460021
    0.402865
    0.341828
    0.277499
    0.210498
    0.141469
   0.0710768
   -0.533916
    -1.06269
    -1.58123
    -2.08455
    -2.56778
    -3.02629
    -3.45566
    -3.85174
    -4.21073
    -4.52917
    -4.80399
    -5.03254
    -5.21262
    -5.34251
    -5.42094
    -5.44717
    -5.42093
     -5.3425
     -5.2126
    -5.03252
    -4.80396
    -4.52914
     -4.2107
    -3.85171
    -3.45563
    -3.02626
    -2.56776
    -2.08452
    -1.58121
    -1.06268
    -0.53391
   0.0690089
    0.137354
    0.204377
    0.269432
    0.331894
    0.391159
    0.446658
    0.497856
    0.544259
    0.585421
    0.620945
    0.650489
    0.673769
     0.69056
      0.7007
    0.704093
    0.700704
    0.690568
    0.673781
    0.650506
    0.620965
    0.585443
    0.544283
    0.497882
    0.446685
    0.391186
    0.331919
    0.269455
    0.204396
    0.137368
   0.0690166
    -0.51596
    -1.02695
    -1.52805
    -2.01443
    -2.48141
     -2.9245
    -3.33941
    -3.72217
    -4.06908
     -4.3768
    -4.64237
    -4.86323
    -5.03725
    -5.16277
    -5.23856
    -5.26391
    -5.23855
    -5.16275
    -5.03723
     -4.8632
    -4.64234
    -4.37676
    -4.06904
    -3.72213
    -3.33937
    -2.92445
    -2.48137
    -2.01439
    -1.52802
    -1.02693
   -0.515947
    0.066976
    0.133308
    0.198357
    0.261497
    0.322119
     0.37964
    0.433505
    0.483196
    0.528233
    0.568184
    0.602663
    0.631338
    0.653933
     0.67023
    0.680073
    0.683366
    0.680078
     0.67024
    0.653948
    0.631358
    0.602687
    0.568213
    0.528264
    0.483229
    0.433539
    0.379673
    0.322151
    0.261525
    0.198381
    0.133326
   0.0669857
   -0.498303
   -0.991805
    -1.47575
    -1.94549
    -2.39649
    -2.82441
    -3.22513
    -3.59478
    -3.92981
    -4.22699
    -4.48347
    -4.69677
    -4.86484
    -4.98606
    -5.05926
    -5.08373
    -5.05925
    -4.98604
    -4.86482
    -4.69674
    -4.48344
    -4.22695
    -3.92976
    -3.59473
    -3.22507
    -2.82435
    -2.39643
    -1.94544
    -1.47571
   -0.991772
   -0.498285
   0.0649729
    0.129321
    0.192425
    0.253677
    0.312487
    0.368288
    0.420543
    0.468748
     0.51244
    0.551197
    0.584645
    0.612463
    0.634383
    0.650194
    0.659743
    0.662939
    0.659751
    0.650209
    0.634404
    0.612489
    0.584675
    0.551232
    0.512478
    0.468789
    0.420584
    0.368328
    0.312525
    0.253711
    0.192454
    0.129342
   0.0649842
   -0.480948
   -0.957262
    -1.42436
    -1.87773
    -2.31302
    -2.72604
    -3.11279
    -3.46957
    -3.79293
    -4.07976
    -4.32731
    -4.53318
    -4.69539
    -4.81239
    -4.88304
    -4.90666
    -4.88303
    -4.81237
    -4.69537
    -4.53314
    -4.32726
     -4.0797
    -3.79286
    -3.46949
    -3.11271
    -2.72595
    -2.31294
    -1.87766
     -1.4243
   -0.957219
   -0.480924
   0.0629997
    0.125394
    0.186582
    0.245973
    0.302997
    0.357104
    0.407773
    0.454515
     0.49688
    0.534461
    0.566895
    0.593869
    0.615125
    0.630457
    0.639716
    0.642816
    0.639724
    0.630472
    0.615149
      0.5939
    0.566931
    0.534502
    0.496925
    0.454562
    0.407821
    0.357151
    0.303042
    0.246013
    0.186614
    0.125417
   0.0630124
   -0.463894
    -0.92332
    -1.37385
    -1.81115
      -2.231
    -2.62937
    -3.00241
    -3.34654
    -3.65843
     -3.9351
    -4.17387
    -4.37244
     -4.5289
    -4.64173
    -4.70987
    -4.73265
    -4.70985
    -4.64169
    -4.52883
    -4.37236
    -4.17378
      -3.935
    -3.65833
    -3.34643
    -3.00229
    -2.62926
     -2.2309
    -1.81105
    -1.37377
   -0.923263
   -0.463864
   0.0610562
    0.121526
    0.180826
    0.238386
    0.293652
     0.34609
    0.395196
    0.440497
    0.481556
    0.517979
    0.549413
    0.575557
    0.596158
    0.611017
    0.619993
    0.622997
    0.620002
    0.611035
    0.596185
    0.575592
    0.549455
    0.518027
    0.481609
    0.440552
    0.395252
    0.346144
    0.293702
    0.238431
    0.180863
    0.121552
   0.0610705
   -0.447142
   -0.889975
    -1.32423
    -1.74574
    -2.15043
    -2.53441
    -2.89398
    -3.22568
     -3.5263
    -3.79297
    -4.02311
     -4.2145
     -4.3653
    -4.47406
    -4.53973
    -4.56169
    -4.53971
    -4.47401
    -4.36523
    -4.21441
      -4.023
    -3.79285
    -3.52617
    -3.22554
    -2.89384
    -2.53427
     -2.1503
    -1.74563
    -1.32414
   -0.889907
   -0.447105
   0.0591425
    0.117717
    0.175159
    0.230915
    0.284449
    0.335245
    0.382813
    0.426695
    0.466468
     0.50175
      0.5322
    0.557525
    0.577481
    0.591876
    0.600572
    0.603484
    0.600584
    0.591899
    0.577514
    0.557568
     0.53225
    0.501807
     0.46653
    0.426759
    0.382877
    0.335308
    0.284508
    0.230967
    0.175201
    0.117747
   0.0591586
   -0.430689
   -0.857228
    -1.27551
     -1.6815
     -2.0713
    -2.44115
    -2.78749
    -3.10698
    -3.39654
     -3.6534
    -3.87506
     -4.0594
    -4.20465
    -4.30941
    -4.37266
    -4.39381
    -4.37264
    -4.30936
    -4.20458
     -4.0593
    -3.87494
    -3.65326
    -3.39639
    -3.10681
    -2.78732
    -2.44099
    -2.07115
    -1.68137
     -1.2754
   -0.857149
   -0.430647
   0.0572592
    0.113968
    0.169582
    0.223563
    0.275392
    0.324571
    0.370625
    0.413111
    0.451619
    0.485778
    0.515259
    0.539779
    0.559101
    0.573039
    0.581458
    0.584278
    0.581471
    0.573063
    0.559137
    0.539826
    0.515315
    0.485841
    0.451687
    0.413181
    0.370696
     0.32464
    0.275456
    0.223619
    0.169628
    0.114001
   0.0572767
    -0.41454
   -0.825085
    -1.22768
    -1.61845
    -1.99363
    -2.34961
    -2.68295
    -2.99046
    -3.26916
    -3.51637
    -3.72972
    -3.90716
    -4.04696
     -4.1478
    -4.20868
    -4.22902
    -4.20864
    -4.14772
    -4.04686
    -3.90702
    -3.72957
     -3.5162
    -3.26897
    -2.99026
    -2.68275
    -2.34941
    -1.99345
    -1.61829
    -1.22755
   -0.824989
   -0.414489
   0.0554064
    0.110281
    0.164094
    0.216329
    0.266482
    0.314069
    0.358634
    0.399745
    0.437008
    0.470063
    0.498592
    0.522319
    0.541016
    0.554504
    0.562652
    0.565381
    0.562665
     0.55453
    0.541055
    0.522368
     0.49865
    0.470129
     0.43708
     0.39982
    0.358709
    0.314142
    0.266549
    0.216388
    0.164142
    0.110315
   0.0554246
   -0.398689
   -0.793534
    -1.18073
    -1.55656
    -1.91739
    -2.25976
    -2.58035
    -2.87609
    -3.14414
     -3.3819
    -3.58708
    -3.75772
    -3.89217
    -3.98914
    -4.04769
    -4.06726
    -4.04765
    -3.98906
    -3.89206
    -3.75758
    -3.58691
     -3.3817
    -3.14392
    -2.87587
    -2.58013
    -2.25954
    -1.91719
    -1.55638
    -1.18059
    -0.79343
   -0.398633
    0.053584
    0.106653
    0.158697
    0.209214
    0.257717
     0.30374
    0.346839
    0.386599
    0.422637
    0.454605
    0.482196
    0.505143
    0.523226
     0.53627
     0.54415
     0.54679
    0.544164
    0.536296
    0.523264
    0.505193
    0.482255
    0.454671
    0.422708
    0.386674
    0.346914
    0.303813
    0.257785
    0.209273
    0.158745
    0.106688
   0.0536024
   -0.383139
   -0.762584
    -1.13468
    -1.49584
     -1.8426
     -2.1716
    -2.47969
    -2.76389
    -3.02148
    -3.24996
    -3.44714
    -3.61112
    -3.74033
    -3.83351
    -3.88977
    -3.90857
    -3.88973
    -3.83343
    -3.74021
    -3.61097
    -3.44696
    -3.24976
    -3.02126
    -2.76366
    -2.47946
    -2.17138
    -1.84239
    -1.49566
    -1.13453
   -0.762472
   -0.383079
   0.0517921
    0.103087
    0.153391
    0.202218
      0.2491
    0.293584
    0.335241
    0.373672
    0.408504
    0.439404
    0.466072
    0.488252
     0.50573
    0.518338
    0.525955
    0.528507
    0.525968
    0.518364
    0.505767
      0.4883
    0.466129
    0.439468
    0.408574
    0.373744
    0.335314
    0.293654
    0.249165
    0.202275
    0.153437
    0.103121
   0.0518102
   -0.367887
   -0.732226
    -1.08951
     -1.4363
    -1.76925
    -2.08515
    -2.38097
    -2.65386
    -2.90119
    -3.12057
     -3.3099
    -3.46736
    -3.59142
    -3.68089
    -3.73491
    -3.75296
    -3.73487
    -3.68081
     -3.5913
    -3.46721
    -3.30973
    -3.12037
    -2.90097
    -2.65363
    -2.38074
    -2.08493
    -1.76904
    -1.43611
    -1.08936
   -0.732116
   -0.367828
   0.0500307
    0.099581
    0.148173
     0.19534
    0.240627
    0.283598
    0.323838
    0.360961
    0.394608
    0.424457
    0.450218
    0.471643
    0.488527
    0.500706
    0.508064
    0.510528
    0.508076
    0.500731
    0.488563
     0.47169
    0.450272
    0.424518
    0.394675
     0.36103
    0.323908
    0.283666
     0.24069
    0.195396
    0.148219
   0.0996138
   0.0500482
   -0.352935
   -0.702467
    -1.04523
    -1.37792
    -1.69734
    -2.00041
    -2.28421
      -2.546
    -2.78328
    -2.99375
    -3.17538
    -3.32644
    -3.44545
    -3.53129
    -3.58312
    -3.60043
    -3.58307
    -3.53121
    -3.44534
     -3.3263
    -3.17521
    -2.99355
    -2.78307
    -2.54578
    -2.28398
    -2.00019
    -1.69713
    -1.37774
    -1.04508
   -0.702358
   -0.352877
   0.0482996
    0.096135
    0.143046
     0.18858
    0.232299
    0.273782
    0.312629
    0.348467
     0.38095
    0.409765
    0.434634
    0.455318
    0.471617
    0.483375
    0.490478
    0.492857
    0.490489
    0.483398
    0.471651
    0.455361
    0.434686
    0.409823
    0.381014
    0.348534
    0.312697
    0.273847
     0.23236
    0.188634
     0.14309
   0.0961671
   0.0483165
   -0.338285
   -0.673307
    -1.00184
    -1.32072
    -1.62688
    -1.91737
    -2.18939
    -2.44032
    -2.66775
    -2.86948
    -3.04358
    -3.18836
    -3.30244
    -3.38471
    -3.43438
    -3.45098
    -3.43435
    -3.38464
    -3.30233
    -3.18822
    -3.04341
    -2.86929
    -2.66755
    -2.44011
    -2.18917
    -1.91716
    -1.62668
    -1.32055
     -1.0017
   -0.673203
   -0.338229
   0.0465978
   0.0927477
    0.138005
    0.181935
    0.224113
    0.264134
    0.301613
    0.336188
    0.367526
    0.395325
    0.419318
    0.439273
    0.454998
    0.466342
    0.473195
     0.47549
    0.473206
    0.466365
    0.455033
    0.439318
    0.419372
    0.395387
    0.367593
    0.336258
    0.301684
    0.264203
    0.224178
    0.181992
    0.138052
   0.0927807
    0.046615
   -0.323936
   -0.644747
   -0.959347
     -1.2647
    -1.55788
    -1.83605
    -2.09653
    -2.33682
     -2.5546
    -2.74778
    -2.91449
    -3.05313
    -3.16237
    -3.24115
    -3.28872
    -3.30462
    -3.28869
    -3.24108
    -3.16227
      -3.053
    -2.91433
    -2.74759
     -2.5544
    -2.33661
    -2.09632
    -1.83584
    -1.55769
    -1.26454
    -0.95921
   -0.644649
   -0.323883
   0.0449255
   0.0894192
    0.133052
    0.175405
     0.21607
    0.254655
    0.290789
    0.324123
    0.354336
    0.381138
     0.40427
    0.423509
    0.438671
    0.449608
    0.456215
    0.458429
    0.456228
    0.449634
    0.438709
    0.423559
     0.40433
    0.381207
    0.354411
    0.324201
    0.290868
    0.254733
    0.216143
    0.175469
    0.133104
   0.0894552
   0.0449442
   -0.309889
    -0.61679
   -0.917748
    -1.20987
    -1.49033
    -1.75644
    -2.00562
    -2.23549
    -2.44383
    -2.62863
    -2.78812
    -2.92075
    -3.02525
    -3.10062
    -3.14612
    -3.16133
    -3.14609
    -3.10055
    -3.02515
    -2.92062
    -2.78796
    -2.62846
    -2.44364
    -2.23529
    -2.00542
    -1.75624
    -1.49014
    -1.20971
   -0.917617
   -0.616696
   -0.309839
   0.0432821
   0.0861485
    0.128186
     0.16899
    0.208168
    0.245343
    0.280155
    0.312271
    0.341381
    0.367203
    0.389491
    0.408028
    0.422636
    0.433175
    0.439542
    0.441677
    0.439559
    0.433207
    0.422683
    0.408088
    0.389562
    0.367284
    0.341469
    0.312364
    0.280249
    0.245434
    0.208253
    0.169065
    0.128246
   0.0861907
   0.0433039
   -0.296144
   -0.589434
   -0.877046
    -1.15621
    -1.42423
    -1.67854
    -1.91668
    -2.13635
    -2.33545
    -2.51206
    -2.66447
    -2.79122
    -2.89109
    -2.96311
     -3.0066
    -3.02113
    -3.00656
    -2.96304
    -2.89098
    -2.79109
    -2.66432
    -2.51188
    -2.33527
    -2.13616
    -1.91648
    -1.67835
    -1.42406
    -1.15606
   -0.876923
   -0.589348
   -0.296099
    0.041668
    0.082936
    0.123406
     0.16269
    0.200408
    0.236197
    0.269713
    0.300633
    0.328659
    0.353521
     0.37498
    0.392828
    0.406895
    0.417043
    0.423176
    0.425234
    0.423197
    0.417083
    0.406953
    0.392903
    0.375068
     0.35362
    0.328765
    0.300744
    0.269825
    0.236307
     0.20051
    0.162779
    0.123479
   0.0829867
    0.041694
   -0.282702
    -0.56268
   -0.837237
    -1.10373
    -1.35959
    -1.60235
    -1.82968
    -2.03939
    -2.22945
    -2.39804
    -2.54353
    -2.66453
    -2.75987
    -2.82862
    -2.87013
      -2.884
     -2.8701
    -2.82856
    -2.75977
    -2.66441
    -2.54339
    -2.39788
    -2.22928
    -2.03921
     -1.8295
    -1.60218
    -1.35943
    -1.10359
   -0.837126
   -0.562602
   -0.282661
    0.040083
    0.079782
    0.118714
    0.156505
    0.192791
    0.227222
    0.259466
    0.289214
    0.316177
    0.340098
    0.360744
    0.377917
    0.391452
    0.401217
    0.407119
    0.409101
    0.407143
    0.401263
    0.391518
    0.378003
    0.360845
    0.340212
    0.316301
    0.289343
    0.259597
    0.227349
     0.19291
     0.15661
    0.118799
   0.0798418
   0.0401141
   -0.269564
    -0.53653
   -0.798327
    -1.05243
     -1.2964
    -1.52788
    -1.74464
     -1.9446
    -2.12583
    -2.28659
    -2.42532
    -2.54069
     -2.6316
    -2.69716
    -2.73674
    -2.74997
    -2.73672
     -2.6971
    -2.63152
    -2.54058
    -2.42519
    -2.28645
    -2.12568
    -1.94444
    -1.74448
    -1.52772
    -1.29626
    -1.05231
   -0.798224
   -0.536457
   -0.269526
   0.0385277
   0.0766871
     0.11411
    0.150437
    0.185318
    0.218416
    0.249413
    0.278011
    0.303934
    0.326931
     0.34678
    0.363291
    0.376305
    0.385695
     0.39137
    0.393277
    0.391396
    0.385746
     0.37638
    0.363389
    0.346896
    0.327062
    0.304076
    0.278161
    0.249565
    0.218564
    0.185455
    0.150558
    0.114209
   0.0767569
   0.0385642
   -0.256728
   -0.510981
   -0.760312
    -1.00232
    -1.23467
    -1.45512
    -1.66156
      -1.852
     -2.0246
     -2.1777
    -2.30983
    -2.41971
    -2.50628
    -2.56872
    -2.60642
    -2.61902
     -2.6064
    -2.56867
    -2.50621
    -2.41961
    -2.30972
    -2.17757
    -2.02446
    -1.85186
    -1.66142
    -1.45498
    -1.23453
     -1.0022
   -0.760218
   -0.510915
   -0.256693
    0.037004
   0.0736549
      0.1096
    0.144492
    0.177995
    0.209787
    0.239562
    0.267031
    0.291931
    0.314022
     0.33309
     0.34895
    0.361451
    0.370472
    0.375926
    0.377759
    0.375954
    0.370528
    0.361533
    0.349055
    0.333214
    0.314163
    0.292085
    0.267192
    0.239724
    0.209945
    0.178142
    0.144621
    0.109705
   0.0737303
   0.0370439
   -0.244193
   -0.486031
   -0.723187
   -0.953376
    -1.17438
    -1.38407
    -1.58044
    -1.76157
    -1.92575
    -2.07137
    -2.19705
    -2.30157
    -2.38392
    -2.44331
    -2.47917
    -2.49116
    -2.47915
    -2.44327
    -2.38386
    -2.30149
    -2.19696
    -2.07127
    -1.92563
    -1.76145
    -1.58031
    -1.38395
    -1.17427
   -0.953276
   -0.723106
   -0.485973
   -0.244162
   0.0355111
   0.0706841
     0.10518
    0.138667
    0.170821
    0.201333
    0.229908
    0.256272
     0.28017
    0.301371
    0.319672
    0.334894
    0.346893
    0.355551
    0.360786
    0.362547
    0.360816
    0.355609
    0.346977
    0.335003
    0.319801
    0.301517
    0.280328
    0.256437
    0.230075
    0.201494
    0.170971
    0.138799
    0.105289
   0.0707623
    0.035553
   -0.231961
   -0.461685
    -0.68696
   -0.905618
    -1.11555
    -1.31474
    -1.50127
    -1.67333
    -1.82929
    -1.96762
    -2.08701
    -2.18629
    -2.26452
    -2.32094
      -2.355
    -2.36639
    -2.35498
     -2.3209
    -2.26446
    -2.18622
    -2.08692
    -1.96753
    -1.82918
    -1.67323
    -1.50116
    -1.31464
    -1.11545
   -0.905531
   -0.686888
   -0.461633
   -0.231932
   0.0340506
   0.0677766
    0.100853
    0.132961
    0.163792
    0.193049
    0.220449
    0.245728
    0.268644
    0.288974
    0.306522
    0.321119
    0.332625
    0.340928
    0.345948
    0.347636
    0.345977
    0.340985
    0.332708
    0.321226
    0.306649
    0.289118
      0.2688
    0.245892
    0.220614
    0.193209
    0.163942
    0.133093
    0.100961
   0.0678544
   0.0340922
    -0.22003
    -0.43794
    -0.65163
   -0.859044
    -1.05818
    -1.24713
    -1.42406
    -1.58728
    -1.73522
    -1.86644
    -1.97968
    -2.07386
    -2.14807
    -2.20158
     -2.2339
     -2.2447
    -2.23388
    -2.20155
    -2.14801
    -2.07379
     -1.9796
    -1.86635
    -1.73512
    -1.58719
    -1.42396
    -1.24703
    -1.05809
   -0.858962
   -0.651563
   -0.437892
   -0.220005
   0.0326208
   0.0649299
   0.0966159
    0.127374
    0.156909
    0.184935
    0.211183
      0.2354
    0.257353
    0.276829
     0.29364
    0.307625
    0.318647
      0.3266
     0.33141
    0.333027
    0.331437
    0.326655
    0.318726
    0.307727
    0.293762
    0.276967
    0.257503
    0.235558
    0.211343
    0.185091
    0.157054
    0.127502
    0.096721
   0.0650053
   0.0326609
   -0.208403
   -0.414798
   -0.617197
   -0.813652
    -1.00227
    -1.18123
    -1.34882
    -1.50342
    -1.64353
    -1.76782
    -1.87508
    -1.96429
    -2.03457
    -2.08526
    -2.11587
     -2.1261
    -2.11585
    -2.08523
    -2.03452
    -1.96422
    -1.87501
    -1.76774
    -1.64344
    -1.50332
    -1.34872
    -1.18114
    -1.00218
   -0.813573
   -0.617134
   -0.414753
    -0.20838
   0.0312194
   0.0621402
   0.0924642
      0.1219
    0.150165
    0.176986
    0.202105
    0.225281
     0.24629
    0.264928
    0.281017
    0.294401
     0.30495
    0.312563
    0.317166
    0.318714
    0.317194
    0.312618
    0.305031
    0.294506
    0.281143
    0.265071
    0.246446
    0.225445
    0.202271
    0.177147
    0.150314
    0.122032
   0.0925714
   0.0622167
   0.0312599
    -0.19708
   -0.392261
   -0.583664
   -0.769446
   -0.947816
    -1.11706
    -1.27554
    -1.42174
    -1.55424
    -1.67178
    -1.77321
    -1.85757
    -1.92404
    -1.97198
    -2.00092
    -2.01059
     -2.0009
    -1.97194
    -1.92399
    -1.85751
    -1.77314
    -1.67169
    -1.55415
    -1.42164
    -1.27544
    -1.11696
   -0.947726
   -0.769368
   -0.583602
   -0.392218
   -0.197059
   0.0298471
   0.0594084
   0.0883986
     0.11654
    0.143561
    0.169203
    0.193216
    0.215372
    0.235456
    0.253274
    0.268656
    0.281451
    0.291537
    0.298816
    0.303218
      0.3047
    0.303248
    0.298876
    0.291625
    0.281565
    0.268792
     0.25343
    0.235625
    0.215549
    0.193395
    0.169375
    0.143721
     0.11668
   0.0885122
   0.0594887
   0.0298893
    -0.18606
   -0.370327
   -0.551028
   -0.726422
   -0.894821
     -1.0546
    -1.20422
    -1.34225
    -1.46734
    -1.57831
    -1.67407
    -1.75371
    -1.81646
    -1.86172
    -1.88905
    -1.89818
    -1.88903
    -1.86169
    -1.81641
    -1.75365
      -1.674
    -1.57822
    -1.46725
    -1.34215
    -1.20413
    -1.05451
   -0.894736
    -0.72635
   -0.550973
    -0.37029
   -0.186042
   0.0285011
   0.0567294
   0.0844127
    0.111286
     0.13709
    0.161576
    0.184508
    0.205667
    0.224847
    0.241865
    0.256555
    0.268776
    0.278411
    0.285366
    0.289573
    0.290992
    0.289609
    0.285437
    0.278515
    0.268911
    0.256715
    0.242046
    0.225043
    0.205871
    0.184713
    0.161773
    0.137272
    0.111445
   0.0845415
   0.0568204
   0.0285488
   -0.175343
   -0.348998
   -0.519292
   -0.684584
   -0.843284
   -0.993862
    -1.13487
    -1.26494
    -1.38284
    -1.48741
    -1.57766
    -1.65271
    -1.71185
     -1.7545
    -1.78025
    -1.78886
    -1.78023
    -1.75447
     -1.7118
    -1.65266
    -1.57759
    -1.48734
    -1.38276
    -1.26486
    -1.13479
   -0.993787
   -0.843217
   -0.684529
    -0.51925
    -0.34897
   -0.175331
   0.0271829
   0.0541061
   0.0805099
    0.106141
    0.130754
     0.15411
    0.175985
    0.196169
    0.214467
    0.230701
    0.244717
    0.256379
    0.265573
    0.272212
     0.27623
    0.277589
    0.276275
      0.2723
    0.265701
    0.256542
     0.24491
    0.230918
      0.2147
     0.19641
    0.176226
    0.154342
    0.130967
    0.106327
   0.0806599
   0.0542119
   0.0272384
   -0.164929
   -0.328271
   -0.488452
   -0.643929
   -0.793205
   -0.934842
    -1.06747
    -1.18983
    -1.30072
    -1.39908
    -1.48397
    -1.55457
     -1.6102
    -1.65032
    -1.67454
    -1.68263
    -1.67453
    -1.65029
    -1.61017
    -1.55453
    -1.48393
    -1.39903
    -1.30067
    -1.18977
    -1.06743
   -0.934797
   -0.793166
   -0.643897
   -0.488429
   -0.328258
   -0.164925
    0.025892
   0.0515381
   0.0766906
    0.101109
    0.124557
     0.14681
    0.167653
    0.186885
    0.204321
    0.219793
    0.233152
    0.244267
    0.253032
    0.259362
    0.263196
    0.264495
    0.263247
    0.259463
    0.253179
    0.244455
    0.233375
    0.220044
    0.204592
    0.187166
    0.167933
     0.14708
    0.124806
    0.101327
    0.076867
   0.0516631
    0.025958
   -0.154819
   -0.308149
   -0.458511
   -0.604458
   -0.744583
   -0.877539
    -1.00204
     -1.1169
    -1.22099
    -1.31333
    -1.39302
    -1.45929
    -1.51151
    -1.54917
    -1.57191
    -1.57952
    -1.57191
    -1.54917
    -1.51151
    -1.45929
    -1.39301
    -1.31332
    -1.22099
    -1.11689
    -1.00204
   -0.877534
   -0.744581
   -0.604458
   -0.458514
   -0.308153
   -0.154824
   0.0246302
   0.0490279
   0.0729577
   0.0961903
    0.118502
    0.139677
    0.159513
    0.177817
    0.194413
    0.209141
    0.221858
    0.232441
    0.240787
    0.246816
    0.250469
     0.25171
    0.250526
    0.246929
    0.240952
    0.232652
     0.22211
    0.209425
    0.194721
    0.178137
    0.159835
    0.139988
     0.11879
   0.0964429
   0.0731628
    0.049174
   0.0247077
   -0.145012
   -0.288628
   -0.429467
    -0.56617
    -0.69742
   -0.821954
   -0.938573
    -1.04615
    -1.14366
    -1.23015
    -1.30479
    -1.36687
    -1.41579
    -1.45107
    -1.47238
    -1.47951
    -1.47239
    -1.45109
    -1.41581
     -1.3669
    -1.30483
    -1.23019
     -1.1437
    -1.04619
   -0.938614
   -0.821995
   -0.697459
   -0.566205
   -0.429497
   -0.288653
   -0.145026
   0.0233991
   0.0465794
   0.0693172
   0.0913942
    0.112597
    0.132722
    0.151575
    0.168972
    0.184748
    0.198748
    0.210838
      0.2209
    0.228837
    0.234571
    0.238047
     0.23923
    0.238109
    0.234694
    0.229017
    0.221131
    0.211114
     0.19906
    0.185086
    0.169325
    0.151929
    0.133066
    0.112917
   0.0916758
   0.0695473
   0.0467445
   0.0234872
   -0.135507
   -0.269711
   -0.401318
   -0.529062
   -0.651711
   -0.768086
   -0.877066
     -0.9776
    -1.06872
    -1.14955
    -1.21931
    -1.27733
    -1.32304
    -1.35602
    -1.37593
     -1.3826
    -1.37595
    -1.35605
    -1.32309
    -1.27739
    -1.21938
    -1.14963
    -1.06881
   -0.977693
   -0.877159
   -0.768178
   -0.651797
   -0.529137
    -0.40138
   -0.269756
   -0.135532
   0.0221993
   0.0441931
   0.0657692
   0.0867199
    0.106843
    0.125943
    0.143837
    0.160351
    0.175325
    0.188616
    0.200093
    0.209646
    0.217183
    0.222629
    0.225931
    0.227058
    0.225998
     0.22276
    0.217374
    0.209893
    0.200388
    0.188949
    0.175686
    0.160728
    0.144217
    0.126313
    0.107188
   0.0870256
   0.0660203
   0.0443745
   0.0222968
   -0.126307
   -0.251398
   -0.374071
   -0.493143
   -0.607468
   -0.715944
   -0.817529
   -0.911242
   -0.996182
    -1.07153
    -1.13656
    -1.19065
    -1.23327
    -1.26401
    -1.28257
    -1.28879
     -1.2826
    -1.26405
    -1.23333
    -1.19073
    -1.13666
    -1.07165
    -0.99631
   -0.911376
   -0.817664
   -0.716075
   -0.607588
   -0.493248
   -0.374156
    -0.25146
   -0.126339
   0.0210335
    0.041873
   0.0623176
   0.0821702
    0.101239
     0.11934
    0.136298
     0.15195
    0.166143
    0.178741
    0.189621
    0.198677
    0.205823
    0.210988
    0.214121
    0.215193
    0.214191
    0.211126
    0.206025
    0.198937
     0.18993
    0.179091
    0.166523
    0.152347
    0.136699
     0.11973
    0.101604
   0.0824933
   0.0625834
   0.0420652
   0.0211366
   -0.117408
   -0.233689
   -0.347723
   -0.458412
   -0.564689
   -0.665531
   -0.759967
   -0.847086
    -0.92605
   -0.996095
    -1.05655
    -1.10683
    -1.14645
    -1.17503
     -1.1923
    -1.19808
    -1.19232
    -1.17509
    -1.14653
    -1.10693
    -1.05667
   -0.996229
   -0.926194
   -0.847238
    -0.76012
   -0.665681
   -0.564829
   -0.458536
   -0.347825
   -0.233763
   -0.117448
   0.0198997
   0.0396163
   0.0589595
    0.077743
   0.0957856
    0.112913
     0.12896
    0.143771
    0.157202
    0.169125
    0.179422
    0.187995
    0.194759
     0.19965
    0.202618
    0.203635
     0.20269
    0.199792
    0.194968
    0.188263
    0.179743
    0.169487
    0.157595
    0.144182
    0.129375
    0.113318
   0.0961639
   0.0780785
   0.0592356
   0.0398159
   0.0200066
   -0.108815
   -0.216587
   -0.322278
    -0.42487
   -0.523375
   -0.616843
   -0.704374
   -0.785123
   -0.858312
   -0.923238
   -0.979273
    -1.02588
     -1.0626
     -1.0891
     -1.1051
    -1.11046
    -1.10512
    -1.08915
    -1.06268
    -1.02597
   -0.979389
   -0.923369
   -0.858455
   -0.785273
   -0.704527
   -0.616994
   -0.523518
   -0.424999
   -0.322385
   -0.216665
   -0.108858
   0.0187968
   0.0374208
   0.0556924
   0.0734357
   0.0904796
    0.106659
    0.121819
    0.135811
    0.148502
    0.159766
    0.169497
    0.177598
    0.183991
    0.188614
    0.191422
    0.192386
    0.191497
    0.188763
    0.184209
    0.177878
    0.169832
    0.160147
    0.148915
    0.136244
    0.122257
    0.107086
   0.0908779
   0.0737884
   0.0559817
   0.0376291
   0.0189078
   -0.100527
   -0.200093
   -0.297737
    -0.39252
   -0.483526
   -0.569878
   -0.650745
   -0.725349
   -0.792967
   -0.852951
   -0.904722
   -0.947779
   -0.981709
    -1.00618
    -1.02097
    -1.02592
    -1.02099
    -1.00623
   -0.981775
   -0.947864
   -0.904823
   -0.853067
   -0.793093
   -0.725482
   -0.650882
   -0.570013
   -0.483654
   -0.392637
   -0.297836
   -0.200167
   -0.100569
   0.0177249
   0.0352871
    0.052517
   0.0692492
   0.0853222
    0.100581
    0.114878
    0.128074
    0.140043
    0.150669
    0.159847
    0.167489
    0.173522
    0.177885
    0.180536
    0.181449
    0.180615
     0.17804
     0.17375
    0.167784
      0.1602
     0.15107
    0.140481
    0.128533
    0.115342
    0.101033
   0.0857441
    0.069622
   0.0528217
   0.0355054
   0.0178405
  -0.0925434
   -0.184202
   -0.274094
   -0.361351
   -0.445132
   -0.524629
   -0.599076
   -0.667757
   -0.730008
   -0.785229
    -0.83289
   -0.872529
   -0.903765
   -0.926297
   -0.939907
   -0.944465
   -0.939926
   -0.926335
    -0.90382
   -0.872601
   -0.832976
   -0.785329
   -0.730116
   -0.667873
   -0.599196
   -0.524748
   -0.445247
   -0.361457
   -0.274186
   -0.184273
  -0.0925837
   0.0166834
   0.0332139
   0.0494321
   0.0651822
   0.0803122
   0.0946762
    0.108135
    0.120559
    0.131828
    0.141833
    0.150476
    0.157674
    0.163357
    0.167469
     0.16997
    0.170836
    0.170056
    0.167638
    0.163604
    0.157992
    0.150856
    0.142263
    0.132295
    0.121048
    0.108628
   0.0951546
   0.0807574
   0.0655744
   0.0497516
   0.0334423
    0.016804
  -0.0848639
   -0.168917
    -0.25135
   -0.331367
   -0.408196
   -0.481097
   -0.549367
   -0.612348
   -0.669433
   -0.720072
   -0.763776
   -0.800125
   -0.828768
   -0.849429
   -0.861909
   -0.866087
   -0.861923
   -0.849458
   -0.828812
   -0.800184
   -0.763847
   -0.720155
   -0.669526
   -0.612448
   -0.549472
   -0.481204
   -0.408301
   -0.331464
   -0.251435
   -0.168983
   -0.084902
   0.0156732
   0.0312032
   0.0464401
   0.0612377
   0.0754531
   0.0889494
    0.101596
    0.113271
    0.123862
    0.133265
    0.141389
    0.148157
    0.153502
    0.157371
    0.159728
    0.160548
    0.159822
    0.157556
    0.153772
    0.148503
      0.1418
    0.133727
    0.124361
    0.113791
    0.102118
   0.0894543
   0.0759211
   0.0616485
   0.0467737
   0.0314409
   0.0157985
  -0.0774865
   -0.154233
     -0.2295
   -0.302561
   -0.372712
   -0.439276
   -0.501611
   -0.559117
   -0.611239
   -0.657475
    -0.69738
   -0.730568
   -0.756721
   -0.775586
   -0.786981
   -0.790796
   -0.786995
   -0.775614
   -0.756763
   -0.730623
   -0.697447
   -0.657554
   -0.611328
   -0.559214
   -0.501713
    -0.43938
   -0.372814
   -0.302657
   -0.229583
   -0.154298
  -0.0775237
   0.0146943
   0.0292552
   0.0435421
   0.0574178
   0.0707484
   0.0834056
   0.0952671
    0.106218
    0.116154
    0.124976
    0.132601
    0.138953
    0.143971
    0.147605
    0.149821
    0.150594
    0.149918
    0.147797
     0.14425
    0.139311
    0.133026
    0.125456
    0.116671
    0.106757
   0.0958071
   0.0839272
   0.0712311
   0.0578409
   0.0438856
   0.0295001
   0.0148236
   -0.070412
   -0.140151
   -0.208545
   -0.274934
   -0.338679
   -0.399164
   -0.455806
    -0.50806
   -0.555421
   -0.597435
   -0.633695
   -0.663854
   -0.687619
   -0.704762
   -0.715119
   -0.718588
   -0.715137
   -0.704798
   -0.687671
   -0.663921
   -0.633777
   -0.597528
   -0.555524
   -0.508169
   -0.455918
   -0.399275
   -0.338786
   -0.275033
    -0.20863
   -0.140215
  -0.0704483
   0.0137484
   0.0273727
   0.0407417
   0.0537267
   0.0662025
   0.0780492
   0.0891524
   0.0994049
    0.108708
     0.11697
    0.124111
    0.130062
    0.134764
    0.138171
    0.140249
    0.140976
    0.140346
    0.138362
    0.135044
    0.130422
     0.12454
    0.117454
    0.109231
   0.0999494
   0.0896987
   0.0785768
   0.0666904
   0.0541542
   0.0410888
   0.0276205
   0.0138795
  -0.0636389
   -0.126669
   -0.188483
   -0.248485
   -0.306097
   -0.360763
   -0.411956
   -0.459183
   -0.501988
    -0.53996
   -0.572733
   -0.599991
   -0.621472
   -0.636969
   -0.646331
    -0.64947
   -0.646353
   -0.637012
   -0.621536
   -0.600072
   -0.572829
   -0.540068
   -0.502105
   -0.459305
    -0.41208
   -0.360885
   -0.306212
   -0.248589
   -0.188571
   -0.126734
   -0.063675
   0.0128377
   0.0255605
    0.038046
   0.0501738
   0.0618271
   0.0728932
   0.0832652
   0.0928429
    0.101533
    0.109252
    0.115924
    0.121485
    0.125878
    0.129062
    0.131004
    0.131685
    0.131098
    0.129246
    0.126147
    0.121831
    0.116337
    0.109718
    0.102037
   0.0933669
   0.0837914
   0.0734022
    0.062299
   0.0505886
   0.0383838
   0.0258026
   0.0129664
  -0.0571662
   -0.113785
   -0.169312
    -0.22321
   -0.274962
   -0.324068
   -0.370055
   -0.412481
   -0.450936
   -0.485049
   -0.514493
   -0.538982
   -0.558282
   -0.572206
   -0.580619
   -0.583441
   -0.580644
   -0.572254
   -0.558352
   -0.539073
   -0.514601
   -0.485172
   -0.451069
    -0.41262
   -0.370196
   -0.324205
    -0.27509
   -0.223324
   -0.169405
   -0.113853
  -0.0572031
   0.0119623
   0.0238186
   0.0354546
   0.0467581
   0.0576199
   0.0679346
   0.0776023
   0.0865293
   0.0946288
    0.101822
     0.10804
    0.113221
    0.117315
    0.120282
    0.122091
    0.122726
    0.122178
    0.120452
    0.117564
     0.11354
     0.10842
    0.102251
    0.095092
   0.0870118
   0.0780877
   0.0684055
   0.0580582
   0.0471452
   0.0357714
   0.0240468
   0.0120845
  -0.0509958
   -0.101503
   -0.151036
   -0.199117
   -0.245283
   -0.289089
   -0.330115
   -0.367963
    -0.40227
   -0.432704
   -0.458973
   -0.480823
   -0.498042
   -0.510466
   -0.517973
   -0.520492
   -0.517998
   -0.510515
   -0.498114
   -0.480916
   -0.459084
   -0.432831
   -0.402407
   -0.368107
    -0.33026
   -0.289231
   -0.245414
   -0.199232
    -0.15113
   -0.101571
  -0.0510321
   0.0111246
   0.0221494
   0.0329684
   0.0434777
   0.0535759
   0.0631652
   0.0721529
   0.0804516
   0.0879811
   0.0946682
    0.100448
    0.105264
    0.109069
    0.111826
    0.113507
    0.114095
    0.113584
    0.111978
    0.109292
     0.10555
    0.100789
   0.0950538
   0.0883984
   0.0808867
   0.0725907
   0.0635901
   0.0539713
   0.0438267
   0.0332539
   0.0223548
   0.0112345
  -0.0451253
  -0.0898197
   -0.133653
   -0.176202
   -0.217057
   -0.255825
   -0.292132
   -0.325628
    -0.35599
   -0.382924
   -0.406172
    -0.42551
    -0.44075
   -0.451745
    -0.45839
    -0.46062
   -0.458413
   -0.451791
   -0.440817
   -0.425596
   -0.406276
   -0.383042
   -0.356118
   -0.325763
   -0.292269
    -0.25596
   -0.217183
   -0.176314
   -0.133745
  -0.0898868
  -0.0451614
    0.010321
   0.0205478
   0.0305821
   0.0403281
   0.0496918
   0.0585831
    0.066916
   0.0746099
   0.0815903
   0.0877895
   0.0931473
   0.0976114
    0.101138
    0.103692
    0.105249
    0.105792
    0.105316
    0.103825
    0.101333
   0.0978624
   0.0934468
    0.088128
   0.0819568
    0.074992
   0.0673004
   0.0589558
   0.0500381
    0.040633
    0.030831
   0.0207264
   0.0104163
  -0.0395572
  -0.0787379
   -0.117165
   -0.154467
   -0.190284
   -0.224272
   -0.256103
   -0.285469
   -0.312088
   -0.335702
   -0.356084
   -0.373037
   -0.386398
   -0.396038
   -0.401864
   -0.403818
   -0.401883
   -0.396077
   -0.386456
   -0.373111
   -0.356173
   -0.335803
   -0.312198
   -0.285586
   -0.256222
    -0.22439
   -0.190396
   -0.154567
   -0.117248
  -0.0787996
  -0.0395908
  0.00954689
   0.0190063
    0.028287
   0.0373003
   0.0459595
   0.0541811
   0.0618857
    0.068999
   0.0754519
   0.0811822
   0.0861342
   0.0902597
   0.0935183
    0.095878
   0.0973154
   0.0978162
   0.0973748
   0.0959952
     0.09369
   0.0904809
   0.0863983
   0.0814809
   0.0757757
    0.069337
   0.0622263
   0.0545116
   0.0462668
   0.0375711
    0.028508
   0.0191647
   0.0096313
  -0.0342918
  -0.0682579
   -0.101571
    -0.13391
   -0.164963
   -0.194429
   -0.222026
   -0.247486
   -0.270563
   -0.291036
   -0.308706
   -0.323404
   -0.334987
   -0.343343
   -0.348393
   -0.350086
   -0.348408
   -0.343373
    -0.33503
    -0.32346
   -0.308773
   -0.291112
   -0.270647
   -0.247574
   -0.222117
    -0.19452
    -0.16505
   -0.133989
   -0.101639
  -0.0683088
  -0.0343203
  0.00880335
   0.0175258
   0.0260831
   0.0343936
    0.042377
   0.0499565
   0.0570588
   0.0636153
   0.0695626
   0.0748432
    0.079406
   0.0832071
    0.086209
   0.0883825
   0.0897062
   0.0901669
   0.0897595
   0.0884876
   0.0863629
   0.0834052
   0.0796427
   0.0751111
   0.0698533
   0.0639195
    0.057366
   0.0502552
   0.0426551
   0.0346389
   0.0262835
   0.0176693
  0.00887951
  -0.0293278
  -0.0583779
  -0.0868705
    -0.11453
    -0.14109
   -0.166293
   -0.189897
   -0.211673
   -0.231412
   -0.248922
   -0.264035
   -0.276606
   -0.286512
   -0.293658
   -0.297975
   -0.299422
   -0.297985
   -0.293677
    -0.28654
   -0.276643
   -0.264081
   -0.248975
    -0.23147
   -0.211735
   -0.189961
   -0.166358
   -0.141154
    -0.11459
   -0.086923
   -0.058419
  -0.0293519
  0.00809016
   0.0161055
   0.0239687
   0.0316048
   0.0389401
    0.045904
   0.0524294
   0.0584532
   0.0639173
   0.0687688
   0.0729609
   0.0764529
   0.0792109
   0.0812081
   0.0824247
   0.0828486
   0.0824755
   0.0813083
   0.0793578
   0.0766419
   0.0731864
   0.0690238
   0.0641939
   0.0587422
   0.0527206
   0.0461865
   0.0392023
   0.0318352
    0.024156
   0.0162389
  0.00816046
  -0.0246659
  -0.0490988
  -0.0730633
  -0.0963272
   -0.118666
   -0.139864
   -0.159716
   -0.178031
   -0.194632
   -0.209359
    -0.22207
   -0.232641
   -0.240972
   -0.246981
   -0.250611
   -0.251826
   -0.250615
    -0.24699
   -0.240986
    -0.23266
   -0.222093
   -0.209388
   -0.194666
   -0.178069
   -0.159758
   -0.139908
   -0.118712
  -0.0963721
  -0.0731042
  -0.0491321
   -0.024686
  0.00740684
   0.0147449
   0.0219433
   0.0289337
   0.0356487
   0.0420239
   0.0479977
   0.0535126
   0.0585156
   0.0629581
    0.066797
   0.0699953
   0.0725217
   0.0743519
   0.0754679
   0.0758584
   0.0755195
   0.0744537
   0.0726707
   0.0701867
   0.0670249
   0.0632152
   0.0587938
   0.0538023
   0.0482882
   0.0423042
   0.0359075
   0.0291597
   0.0221257
   0.0148738
  0.00747418
  -0.0203045
  -0.0404178
   -0.060146
  -0.0792975
  -0.0976873
   -0.115138
    -0.13148
   -0.146557
   -0.160222
   -0.172345
   -0.182807
   -0.191509
   -0.198366
   -0.203312
   -0.206299
   -0.207298
     -0.2063
   -0.203315
   -0.198371
   -0.191517
   -0.182818
   -0.172359
   -0.160241
    -0.14658
   -0.131508
    -0.11517
  -0.0977218
  -0.0793328
  -0.0601795
  -0.0404459
  -0.0203219
  0.00675205
   0.0134421
   0.0200056
   0.0263798
   0.0325033
   0.0383173
   0.0437659
   0.0487965
   0.0533607
   0.0574144
   0.0609184
   0.0638386
   0.0661465
   0.0678194
   0.0688407
   0.0692001
   0.0688939
   0.0679242
   0.0662999
   0.0640356
   0.0611526
    0.057678
   0.0536448
   0.0490911
   0.0440605
   0.0386008
   0.0327644
   0.0266074
    0.020189
   0.0135718
  0.00681982
  -0.0162441
  -0.0323355
  -0.0481191
  -0.0634413
  -0.0781543
  -0.0921154
    -0.10519
   -0.117251
   -0.128183
    -0.13788
   -0.146248
   -0.153208
   -0.158692
   -0.162647
   -0.165036
   -0.165835
   -0.165037
    -0.16265
   -0.158696
   -0.153214
   -0.146257
   -0.137892
   -0.128198
    -0.11727
   -0.105213
  -0.0921422
  -0.0781838
   -0.063472
  -0.0481484
  -0.0323604
  -0.0162595
  0.00612714
   0.0121991
   0.0181572
   0.0239444
   0.0295047
   0.0347848
   0.0397338
    0.044304
   0.0484516
   0.0521364
   0.0553229
   0.0579797
   0.0600809
   0.0616051
   0.0625371
   0.0628675
   0.0625926
   0.0617142
   0.0602404
   0.0581846
   0.0555661
   0.0524097
   0.0487452
   0.0446078
   0.0400368
   0.0350758
   0.0297724
   0.0241777
   0.0183454
   0.0123324
  0.00619696
  -0.0124838
  -0.0248506
   -0.036981
  -0.0487569
  -0.0600646
  -0.0707943
  -0.0808425
  -0.0901117
  -0.0985127
   -0.105964
   -0.112395
   -0.117743
   -0.121956
   -0.124995
   -0.126831
   -0.127446
   -0.126834
   -0.125001
   -0.121964
   -0.117753
   -0.112408
   -0.105981
  -0.0985325
  -0.0901348
  -0.0808686
  -0.0708232
  -0.0600953
  -0.0487879
  -0.0370101
  -0.0248748
  -0.0124986
  0.00553374
   0.0110189
   0.0164026
   0.0216332
   0.0266601
   0.0314349
   0.0359113
   0.0400459
   0.0437989
   0.0471338
   0.0500183
   0.0524238
   0.0543267
   0.0557078
   0.0565531
   0.0568542
   0.0566073
   0.0558146
    0.054483
   0.0526247
   0.0502573
    0.047403
    0.044089
   0.0403468
   0.0362123
   0.0317249
   0.0269278
   0.0218673
   0.0165921
   0.0111537
  0.00560483
 -0.00902497
  -0.0179649
  -0.0267333
  -0.0352451
   -0.043418
  -0.0511731
  -0.0584354
  -0.0651353
   -0.071208
  -0.0765951
  -0.0812447
   -0.085112
  -0.0881598
  -0.0903588
  -0.0916877
  -0.0921339
  -0.0916929
   -0.090369
   -0.088175
   -0.085132
  -0.0812694
  -0.0766241
  -0.0712409
  -0.0651712
  -0.0584733
  -0.0512115
  -0.0434557
  -0.0352803
   -0.026764
  -0.0179885
 -0.00903848
   0.0049722
  0.00990214
   0.0147425
   0.0194466
   0.0239692
   0.0282661
   0.0322956
   0.0360182
   0.0393977
   0.0424011
   0.0449989
   0.0471655
   0.0488794
   0.0501235
   0.0508853
   0.0511571
   0.0509358
   0.0502231
   0.0490254
   0.0473537
   0.0452238
   0.0426556
   0.0396736
    0.036306
   0.0325852
   0.0285468
   0.0242297
   0.0196758
    0.014929
   0.0100357
  0.00504321
  -0.0058663
  -0.0116769
  -0.0173756
  -0.0229073
  -0.0282186
  -0.0332583
  -0.0379778
  -0.0423323
  -0.0462797
   -0.049782
  -0.0528054
  -0.0553207
  -0.0573036
  -0.0587347
  -0.0596001
  -0.0598916
  -0.0596061
  -0.0587466
  -0.0573213
  -0.0553441
  -0.0528341
  -0.0498155
  -0.0463172
  -0.0423726
  -0.0380194
  -0.0332992
  -0.0282573
  -0.0229421
  -0.0174047
  -0.0116983
  -0.0058778
  0.00444723
  0.00885661
    0.013186
   0.0173936
   0.0214388
   0.0252824
    0.028887
   0.0322173
   0.0352407
   0.0379278
   0.0402522
    0.042191
   0.0437248
   0.0448384
   0.0455204
   0.0457639
    0.045566
   0.0449284
   0.0438566
   0.0423606
   0.0404544
   0.0381562
   0.0354879
   0.0324751
   0.0291464
    0.025534
   0.0216725
   0.0175993
   0.0133538
  0.00897717
  0.00451159
 -0.00300543
 -0.00598311
 -0.00890419
  -0.0117404
  -0.0144642
  -0.0170493
  -0.0194704
  -0.0217045
  -0.0237299
  -0.0255271
  -0.0270786
  -0.0283695
  -0.0293873
  -0.0301222
  -0.0305669
  -0.0307174
   -0.030572
  -0.0301321
  -0.0294019
  -0.0283885
  -0.0271015
  -0.0255535
  -0.0237593
  -0.0217361
  -0.0195031
  -0.0170819
  -0.0144956
  -0.0117692
 -0.00892875
  -0.0060016
 -0.00301576
  0.00395527
  0.00787638
   0.0117258
   0.0154663
   0.0190617
   0.0224773
   0.0256801
   0.0286388
   0.0313246
   0.0337116
   0.0357763
   0.0374984
   0.0388608
   0.0398498
   0.0404554
   0.0406713
   0.0404948
   0.0399272
   0.0389735
   0.0376426
   0.0359471
   0.0339035
   0.0315313
   0.0288533
   0.0258953
   0.0226855
   0.0192549
   0.0156364
    0.011865
  0.00797684
  0.00400927
-0.000445901
-0.000888967
 -0.00132477
 -0.00174906
 -0.00215754
 -0.00254584
 -0.00290999
 -0.00324634
 -0.00355148
 -0.00382239
 -0.00405635
 -0.00425108
 -0.00440466
  -0.0045157
 -0.00458318
 -0.00460649
 -0.00458543
 -0.00451994
 -0.00441067
 -0.00425864
 -0.00406531
 -0.00383269
 -0.00356306
 -0.00325913
 -0.00292381
 -0.00256053
 -0.00217271
  -0.0017642
 -0.00133877
-0.000900417
-0.000452959
  0.00349354
  0.00695531
   0.0103521
   0.0136521
   0.0168233
   0.0198356
   0.0226598
   0.0252685
   0.0276363
   0.0297404
     0.03156
   0.0330775
   0.0342776
   0.0351484
   0.0356811
   0.0358701
   0.0357133
   0.0352119
   0.0343703
   0.0331965
   0.0317014
   0.0298995
   0.0278081
    0.025447
    0.022839
   0.0200088
   0.0169837
   0.0137927
   0.0104664
   0.0070369
  0.00353699
  0.00181154
  0.00360433
  0.00536131
  0.00706565
  0.00870114
   0.0102523
   0.0117044
   0.0130437
   0.0142573
   0.0153338
   0.0162628
   0.0170357
   0.0176451
   0.0180851
   0.0183514
   0.0184416
   0.0183548
   0.0180917
   0.0176549
   0.0170484
   0.0162778
   0.0153504
   0.0142749
   0.0130615
   0.0117215
   0.0102675
  0.00871349
  0.00707426
  0.00536579
  0.00360515
  0.00181006
  0.00306052
  0.00609132
  0.00906321
   0.0119495
   0.0147224
   0.0173559
   0.0198245
   0.0221044
   0.0241735
   0.0260118
   0.0276011
   0.0289261
   0.0299736
   0.0307331
    0.031197
   0.0313608
   0.0312225
   0.0307837
   0.0300481
   0.0290226
   0.0277168
    0.026143
   0.0243161
   0.0222534
   0.0199744
   0.0175008
   0.0148562
   0.0120659
  0.00915676
  0.00615678
  0.00309479
  0.00376886
  0.00750027
   0.0111586
   0.0147087
   0.0181166
   0.0213497
   0.0243771
   0.0271696
   0.0297006
   0.0319459
    0.033884
   0.0354964
   0.0367677
   0.0376858
   0.0382418
   0.0384304
   0.0382498
   0.0377015
   0.0367907
   0.0355257
   0.0339186
   0.0319844
   0.0297418
   0.0272117
   0.0244184
   0.0213883
   0.0181503
   0.0147355
    0.011177
  0.00751022
  0.00377135
  0.00265238
  0.00527814
  0.00785175
   0.0103506
   0.0127506
   0.0150295
   0.0171653
   0.0191376
   0.0209274
   0.0225174
   0.0238921
   0.0250383
   0.0259445
   0.0266018
   0.0270038
   0.0271462
   0.0270276
    0.026649
   0.0260137
   0.0251275
   0.0239986
   0.0226376
   0.0210573
   0.0192726
   0.0173005
   0.0151594
   0.0128698
   0.0104536
    0.007934
  0.00533517
  0.00268209
  0.00542635
   0.0107995
    0.016068
   0.0211812
   0.0260902
    0.030748
   0.0351099
    0.039134
   0.0427815
   0.0460176
   0.0488112
   0.0511357
   0.0529686
   0.0542922
   0.0550937
   0.0553655
   0.0551049
   0.0543142
   0.0530009
   0.0511769
   0.0488596
   0.0460711
   0.0428379
    0.039191
   0.0351652
    0.030799
   0.0261344
   0.0212163
   0.0160922
   0.0108128
  0.00543007
   0.0022709
  0.00451828
  0.00672004
  0.00885737
   0.0109097
   0.0128582
   0.0146842
   0.0163703
   0.0179004
   0.0192599
   0.0204358
   0.0214166
   0.0221928
   0.0227566
   0.0231024
   0.0232266
   0.0231278
   0.0228065
   0.0222656
   0.0215096
   0.0205456
   0.0193826
   0.0180314
    0.016505
   0.0148177
   0.0129854
   0.0110254
  0.00895654
  0.00679859
  0.00457227
   0.0022989
  0.00678545
   0.0135048
   0.0200937
   0.0264887
   0.0326285
   0.0384544
   0.0439103
   0.0489436
   0.0535058
   0.0575534
   0.0610473
   0.0639541
   0.0662459
   0.0679001
   0.0689009
   0.0692388
   0.0689104
   0.0679187
   0.0662732
    0.063989
   0.0610881
   0.0575981
   0.0535525
   0.0489901
   0.0439548
   0.0384949
   0.0326629
   0.0265151
   0.0201106
   0.0135127
  0.00678611
  0.00191391
  0.00380838
  0.00566454
  0.00746667
   0.0091974
   0.0108409
   0.0123814
   0.0138044
   0.0150962
   0.0162445
   0.0172382
   0.0180678
   0.0187251
   0.0192035
   0.0194983
   0.0196063
    0.019526
   0.0192579
   0.0188041
   0.0181686
   0.0173571
    0.016377
   0.0152376
   0.0139495
    0.012525
   0.0109773
   0.0093214
  0.00757312
  0.00574927
  0.00386722
  0.00194492
  0.00784663
   0.0156175
   0.0232381
   0.0306347
   0.0377363
   0.0444745
   0.0507844
   0.0566052
   0.0618808
   0.0665606
   0.0705998
   0.0739595
   0.0766074
   0.0785175
   0.0796713
   0.0800576
   0.0796728
   0.0785205
   0.0766119
   0.0739651
   0.0706057
   0.0665662
   0.0618853
   0.0566083
    0.050786
   0.0444746
   0.0377345
   0.0306309
   0.0232321
   0.0156104
  0.00784016
    0.001584
  0.00315266
   0.0046902
  0.00618378
  0.00761895
  0.00898259
   0.0102616
   0.0114439
   0.0125182
   0.0134739
   0.0143018
   0.0149938
   0.0155431
   0.0159443
    0.016193
   0.0162866
   0.0162238
   0.0160047
   0.0156311
   0.0151061
   0.0144344
   0.0136221
   0.0126767
    0.011607
   0.0104231
  0.00913635
  0.00775899
  0.00630452
  0.00478696
  0.00322062
   0.0016203
  0.00861026
   0.0171378
   0.0255006
   0.0336177
   0.0414108
   0.0488046
   0.0557279
   0.0621137
   0.0679007
   0.0730331
   0.0774617
   0.0811442
   0.0840451
   0.0861361
    0.087397
   0.0878155
   0.0873878
   0.0861182
   0.0840191
   0.0811109
   0.0774218
   0.0729875
   0.0678508
   0.0620617
   0.0556756
   0.0487543
   0.0413641
   0.0335764
    0.025466
   0.0171117
  0.00859467
  0.00128263
  0.00255423
   0.0038019
  0.00501501
  0.00618178
  0.00729143
  0.00833328
  0.00929731
   0.0101742
   0.0109553
    0.011633
   0.0122005
   0.0126522
   0.0129834
   0.0131904
   0.0132709
   0.0132237
   0.0130489
   0.0127478
   0.0123229
   0.0117779
    0.011118
   0.0103491
  0.00947832
  0.00851389
  0.00746484
  0.00634124
    0.005154
   0.0039145
  0.00263443
   0.0013258
  0.00907855
   0.0180694
    0.026886
   0.0354429
   0.0436579
   0.0514515
   0.0587485
    0.065478
    0.071575
   0.0769805
   0.0816425
   0.0855169
   0.0885666
   0.0907623
   0.0920832
    0.092517
   0.0920595
   0.0907159
   0.0884993
   0.0854313
   0.0815416
    0.076868
   0.0714555
   0.0653565
   0.0586296
   0.0513398
    0.043557
   0.0353561
    0.026816
   0.0180193
  0.00905119
  0.00101123
  0.00201547
  0.00300245
  0.00396349
  0.00488917
  0.00577077
  0.00659973
  0.00736787
   0.0080677
  0.00869219
  0.00923511
  0.00969095
    0.010055
   0.0103233
   0.0104927
   0.0105612
   0.0105278
   0.0103926
   0.0101564
  0.00982125
  0.00939002
  0.00886682
  0.00825656
  0.00756472
  0.00679774
  0.00596265
  0.00506738
  0.00412045
   0.0031309
    0.002108
  0.00106134
  0.00924997
   0.0184097
   0.0273909
   0.0361066
   0.0444729
   0.0524091
   0.0598388
   0.0666894
   0.0728949
   0.0783952
   0.0831375
   0.0870769
   0.0901759
   0.0924054
   0.0937445
   0.0941808
   0.0937105
   0.0923386
   0.0900786
   0.0869526
    0.082991
    0.078232
   0.0727216
   0.0665131
    0.059666
   0.0522464
   0.0443256
   0.0359799
   0.0272893
   0.0183378
  0.00921176
 0.000769979
  0.00153697
  0.00229312
  0.00303116
  0.00374374
  0.00442386
  0.00506474
  0.00565977
  0.00620295
  0.00668862
  0.00711179
  0.00746821
  0.00775407
  0.00796613
  0.00810197
  0.00815996
  0.00813923
   0.0080396
  0.00786168
  0.00760676
  0.00727701
  0.00687551
  0.00640596
  0.00587255
  0.00528018
  0.00463429
   0.0039409
  0.00320646
  0.00243787
  0.00164233
 0.000827264
  0.00912887
    0.018166
   0.0270242
   0.0356179
   0.0438646
   0.0516851
   0.0590045
   0.0657522
   0.0718635
   0.0772797
   0.0819492
   0.0858277
   0.0888783
   0.0910724
   0.0923892
   0.0928167
    0.092351
   0.0909971
   0.0887682
   0.0856862
   0.0817809
   0.0770902
   0.0716593
   0.0655405
    0.058793
   0.0514815
   0.0436765
    0.035453
   0.0268901
   0.0180702
   0.0090779
 0.000559771
   0.0011202
  0.00167555
  0.00221969
  0.00274707
  0.00325209
  0.00372952
  0.00417404
  0.00458094
  0.00494573
   0.0052645
  0.00553415
  0.00575169
  0.00591464
   0.0060211
   0.0060699
  0.00606031
  0.00599193
  0.00586505
  0.00568034
   0.0054393
  0.00514404
  0.00479718
  0.00440174
  0.00396131
  0.00347994
  0.00296205
  0.00241227
  0.00183568
  0.00123765
 0.000623805
   0.0087097
   0.0173294
   0.0257757
   0.0339678
    0.041827
   0.0492786
   0.0562511
   0.0626783
   0.0684987
    0.073657
    0.078104
   0.0817976
   0.0847026
   0.0867916
   0.0880449
   0.0884509
    0.088006
   0.0867148
     0.08459
   0.0816523
   0.0779302
   0.0734598
   0.0682841
   0.0624532
   0.0560232
    0.049056
   0.0416187
   0.0337828
   0.0256237
   0.0172196
  0.00865118
 0.000383844
 0.000770394
  0.00115577
  0.00153532
  0.00190505
  0.00226074
  0.00259854
  0.00291447
  0.00320507
   0.0034671
  0.00369767
  0.00389434
  0.00405482
  0.00417701
  0.00425943
  0.00430118
   0.0043016
  0.00426019
  0.00417699
  0.00405241
  0.00388737
  0.00368315
  0.00344147
   0.0031643
  0.00285397
  0.00251287
  0.00214379
  0.00174941
  0.00133319
 0.000899593
 0.000453051
  0.00799171
   0.0158984
   0.0236435
   0.0311545
   0.0383592
   0.0451898
    0.051581
   0.0574721
   0.0628069
   0.0675349
   0.0716109
   0.0749964
    0.077659
   0.0795738
   0.0807225
   0.0810945
   0.0806865
   0.0795028
   0.0775548
   0.0748616
   0.0714492
   0.0673507
   0.0626057
     0.05726
    0.051365
   0.0449774
   0.0381589
   0.0309749
   0.0234945
   0.0157892
  0.00793297
 0.000240414
 0.000485015
 0.000731402
 0.000976126
  0.00121651
  0.00144951
  0.00167247
  0.00188263
  0.00207761
  0.00225533
  0.00241377
  0.00255097
  0.00266522
  0.00275466
  0.00281811
  0.00285486
  0.00286429
  0.00284576
  0.00279914
  0.00272464
   0.0026227
  0.00249391
  0.00233921
  0.00215963
  0.00195639
  0.00173029
  0.00148272
  0.00121459
 0.000928024
 0.000626974
 0.000315132
   0.0069796
   0.0138823
   0.0206414
   0.0271952
   0.0334811
   0.0394402
   0.0450159
   0.0501553
   0.0548095
   0.0589344
   0.0624906
   0.0654445
   0.0677678
   0.0694388
   0.0704414
   0.0707665
   0.0704109
   0.0693785
   0.0676791
   0.0653294
   0.0623521
    0.058776
   0.0546356
   0.0499708
   0.0448267
   0.0392526
   0.0333023
    0.027033
    0.020505
   0.0137807
  0.00692428
 0.000129405
 0.000264145
 0.000402966
 0.000543323
 0.000683631
 0.000821866
 0.000956315
    0.001085
  0.00120636
  0.00131911
  0.00142188
  0.00151319
  0.00159181
  0.00165645
  0.00170617
   0.0017403
  0.00175825
  0.00175941
   0.0017434
  0.00170978
  0.00165837
  0.00158865
  0.00150077
  0.00139517
  0.00127218
   0.0011321
 0.000975425
 0.000802707
 0.000615236
 0.000416187
 0.000208656
  0.00567143
   0.0112788
   0.0167679
   0.0220899
    0.027194
   0.0320329
   0.0365604
    0.040734
   0.0445138
    0.047864
   0.0507526
   0.0531523
   0.0550401
   0.0563982
   0.0572136
   0.0574788
   0.0571913
    0.056354
   0.0549751
   0.0530678
   0.0506505
   0.0477468
   0.0443844
   0.0405958
   0.0364175
   0.0318896
   0.0270559
   0.0219629
   0.0166596
   0.0111966
  0.00562619
 5.07393e-05
 0.000107649
 0.000170326
 0.000236835
 0.000306403
 0.000377758
  0.00044988
 0.000521299
 0.000591032
  0.00065836
  0.00072236
 0.000781902
 0.000836121
 0.000884222
  0.00092547
 0.000959179
 0.000984755
  0.00100156
  0.00100899
  0.00100584
 0.000991347
 0.000963915
    0.000923
 0.000868727
 0.000800816
 0.000719475
 0.000624742
 0.000517279
 0.000397911
 0.000269313
  0.00013422
  0.00407174
  0.00809563
   0.0120331
   0.0158505
   0.0195116
   0.0229828
   0.0262309
   0.0292256
    0.031938
   0.0343425
   0.0364161
   0.0381389
   0.0394947
   0.0404704
   0.0410567
   0.0412482
   0.0410432
   0.0404436
   0.0394552
   0.0380874
   0.0363537
   0.0342705
   0.0318582
   0.0291395
   0.0261409
   0.0228911
   0.0194217
    0.015766
   0.0119593
  0.00803801
  0.00403939
  9.7769e-06
 2.43426e-05
 4.38742e-05
 6.77015e-05
 9.55748e-05
 0.000126936
 0.000161257
 0.000197733
 0.000235748
 0.000274803
 0.000314247
   0.0003533
 0.000391273
 0.000427502
 0.000461299
 0.000491974
 0.000518826
  0.00054111
 0.000558033
 0.000568475
 0.000571502
 0.000565794
 0.000550633
 0.000525752
 0.000490795
 0.000445773
 0.000390737
 0.000326175
 0.000252788
 0.000172308
 8.66154e-05
  0.00217625
  0.00432782
  0.00643419
  0.00847702
   0.0104368
   0.0122955
   0.0140353
   0.0156397
   0.0170933
   0.0183823
   0.0194942
   0.0204184
    0.021146
   0.0216702
   0.0219857
   0.0220898
   0.0219814
   0.0216615
   0.0211332
   0.0204016
   0.0194738
   0.0183587
    0.017067
   0.0156111
   0.0140051
   0.0122643
   0.0104058
  0.00844724
  0.00640772
  0.00430669
  0.00216423
 1.58335e-07
 3.11992e-07
 4.56685e-07
 5.89163e-07
 7.07049e-07
 8.08836e-07
   8.938e-07
 9.61798e-07
 1.01307e-06
 1.04803e-06
 1.06721e-06
 1.07111e-06
 1.06031e-06
 1.03542e-06
 9.97245e-07
   9.468e-07
   8.854e-07
 8.14687e-07
 7.36643e-07
 6.53545e-07
 5.67901e-07
 4.82335e-07
 3.99454e-07
 3.21682e-07
 2.51104e-07
 1.89297e-07
 1.37189e-07
 9.49388e-08
 6.18953e-08
 3.65816e-08
 1.68317e-08
-2.63684e-07
-5.27367e-07
-4.53435e-07
-3.79504e-07
-3.34168e-07
-2.88832e-07
-2.56093e-07
-2.23353e-07
 -1.9085e-07
-1.58346e-07
 -1.2562e-07
-9.28928e-08
-5.99002e-08
-2.69075e-08
 3.16015e-09
 3.32278e-08
 5.63065e-08
 7.93852e-08
  9.4704e-08
 1.10023e-07
 1.18999e-07
 1.27975e-07
 1.27356e-07
 1.26737e-07
 1.26658e-07
 1.26579e-07
 1.16903e-07
 1.07227e-07
 6.34564e-08
 1.96859e-08
 9.84296e-09
