   0.0980201
     0.19509
     0.29028
     0.38268
      0.4714
    0.555571
    0.634391
    0.707111
    0.773011
    0.831471
    0.881921
    0.923881
    0.956941
    0.980791
    0.995181
           1
    0.995181
    0.980791
    0.956941
    0.923881
    0.881921
    0.831471
    0.773011
    0.707111
    0.634391
    0.555571
      0.4714
     0.38268
     0.29028
     0.19509
   0.0980199
   -0.773047
    -1.53865
    -2.28944
    -3.01818
    -3.71786
    -4.38173
    -5.00341
     -5.5769
    -6.09667
    -6.55774
    -6.95565
    -7.28658
    -7.54733
     -7.7354
    -7.84897
    -7.88696
    -7.84899
    -7.73543
    -7.54737
    -7.28662
    -6.95569
    -6.55778
    -6.09672
    -5.57694
    -5.00345
    -4.38177
     -3.7179
    -3.01822
    -2.28947
    -1.53868
   -0.773062
    0.095622
    0.190323
    0.283191
    0.373332
    0.459879
    0.541996
    0.618893
    0.689831
    0.754124
    0.811156
    0.860375
    0.901308
    0.933562
    0.956824
    0.970872
    0.975569
    0.970872
    0.956825
    0.933562
    0.901309
    0.860376
    0.811157
    0.754126
    0.689832
    0.618894
    0.541997
     0.45988
    0.373334
    0.283193
    0.190324
   0.0956227
   -0.751456
    -1.49567
    -2.22549
    -2.93388
    -3.61401
    -4.25933
    -4.86364
    -5.42111
    -5.92638
    -6.37456
    -6.76136
    -7.08304
    -7.33651
    -7.51933
    -7.62972
    -7.66664
    -7.62973
    -7.51933
    -7.33652
    -7.08306
    -6.76138
    -6.37458
     -5.9264
    -5.42114
    -4.86367
    -4.25936
    -3.61404
     -2.9339
    -2.22551
    -1.49569
   -0.751465
   0.0932529
    0.185608
    0.276175
    0.364083
    0.448485
    0.528568
     0.60356
     0.67274
    0.735442
     0.79106
     0.83906
     0.87898
    0.910434
     0.93312
     0.94682
    0.951402
     0.94682
    0.933121
    0.910435
    0.878981
    0.839061
    0.791062
    0.735444
    0.672743
    0.603563
     0.52857
    0.448488
    0.364086
    0.276178
     0.18561
   0.0932539
   -0.730163
    -1.45329
    -2.16243
    -2.85074
     -3.5116
    -4.13864
    -4.72583
     -5.2675
    -5.75845
    -6.19394
    -6.56977
    -6.88234
    -7.12863
    -7.30626
    -7.41353
     -7.4494
    -7.41353
    -7.30627
    -7.12864
    -6.88235
    -6.56979
    -6.19395
    -5.75847
    -5.26752
    -4.72585
    -4.13867
    -3.51163
    -2.85077
    -2.16245
    -1.45331
   -0.730172
   0.0909103
    0.180945
    0.269238
    0.354937
    0.437219
     0.51529
    0.588398
    0.655841
    0.716967
    0.771188
    0.817983
      0.8569
    0.887564
     0.90968
    0.923036
    0.927503
    0.923037
    0.909681
    0.887565
    0.856901
    0.817985
     0.77119
    0.716969
    0.655843
    0.588402
    0.515293
    0.437222
     0.35494
     0.26924
    0.180947
   0.0909114
   -0.709173
    -1.41152
    -2.10027
    -2.76879
    -3.41066
    -4.01967
    -4.58998
    -5.11608
    -5.59291
    -6.01588
    -6.38091
     -6.6845
     -6.9237
    -7.09623
    -7.20041
    -7.23525
    -7.20041
    -7.09623
    -6.92371
     -6.6845
    -6.38092
    -6.01589
    -5.59292
     -5.1161
       -4.59
    -4.01969
    -3.41068
    -2.76882
    -2.10029
    -1.41153
   -0.709181
   0.0885946
    0.176336
     0.26238
    0.345896
    0.426082
    0.502164
    0.573411
    0.639135
    0.698704
    0.751545
    0.797147
    0.835073
    0.864956
    0.886509
    0.899525
    0.903878
    0.899525
     0.88651
    0.864957
    0.835074
    0.797149
    0.751547
    0.698707
    0.639138
    0.573414
    0.502168
    0.426086
      0.3459
    0.262382
    0.176338
   0.0885958
   -0.688487
    -1.37034
      -2.039
    -2.68803
    -3.31117
    -3.90242
    -4.45609
    -4.96684
    -5.42977
     -5.8404
    -6.19478
    -6.48951
    -6.72174
    -6.88923
    -6.99038
     -7.0242
    -6.99038
    -6.88923
    -6.72174
    -6.48951
    -6.19479
     -5.8404
    -5.42978
    -4.96686
    -4.45611
    -3.90244
    -3.31119
    -2.68805
    -2.03902
    -1.37036
   -0.688494
   0.0863063
    0.171781
    0.255602
    0.336962
    0.415077
    0.489194
      0.5586
    0.622627
    0.680657
    0.732133
    0.776557
    0.813503
    0.842615
    0.863611
    0.876291
    0.880531
    0.876291
    0.863612
    0.842616
    0.813505
    0.776559
    0.732135
     0.68066
     0.62263
    0.558604
    0.489198
     0.41508
    0.336965
    0.255605
    0.171783
   0.0863074
   -0.668104
    -1.32978
    -1.97864
    -2.60845
    -3.21314
    -3.78688
    -4.32416
    -4.81979
    -5.26901
    -5.66749
    -6.01138
    -6.29738
    -6.52273
    -6.68527
    -6.78342
    -6.81623
    -6.78341
    -6.68526
    -6.52273
    -6.29738
    -6.01138
    -5.66749
    -5.26902
    -4.81981
    -4.32418
    -3.78691
    -3.21316
    -2.60847
    -1.97866
    -1.32979
   -0.668111
   0.0840457
    0.167282
    0.248908
    0.328136
    0.404204
     0.47638
    0.543968
    0.606318
    0.662828
    0.712955
    0.756216
    0.792195
    0.820544
     0.84099
    0.853337
    0.857466
    0.853338
    0.840991
    0.820545
    0.792196
    0.756218
    0.712957
    0.662831
     0.60632
    0.543971
    0.476383
    0.404207
    0.328138
    0.248909
    0.167283
   0.0840465
   -0.648025
    -1.28981
    -1.91917
    -2.53005
    -3.11657
    -3.67307
    -4.19419
    -4.67493
    -5.11065
    -5.49715
    -5.83071
    -6.10811
    -6.32669
    -6.48433
    -6.57953
    -6.61137
    -6.57953
    -6.48433
    -6.32668
    -6.10811
    -5.83071
    -5.49715
    -5.11066
    -4.67495
    -4.19422
    -3.67309
    -3.11659
    -2.53007
    -1.91919
    -1.28982
   -0.648031
   0.0818123
    0.162837
    0.242294
    0.319418
    0.393465
    0.463723
    0.529516
    0.590209
    0.645218
    0.694013
    0.736124
    0.771146
    0.798741
    0.818644
    0.830663
    0.834683
    0.830663
    0.818645
    0.798741
    0.771147
    0.736125
    0.694014
     0.64522
    0.590212
    0.529519
    0.463726
    0.393468
     0.31942
    0.242297
    0.162839
   0.0818136
   -0.628248
    -1.25045
     -1.8606
    -2.45284
    -3.02145
    -3.56097
    -4.06619
    -4.53225
    -4.95467
    -5.32938
    -5.65275
    -5.92169
     -6.1336
    -6.28643
    -6.37873
     -6.4096
    -6.37873
    -6.28644
    -6.13361
     -5.9217
    -5.65277
    -5.32939
    -4.95469
    -4.53228
    -4.06622
      -3.561
    -3.02148
    -2.45286
    -1.86062
    -1.25046
   -0.628254
    0.079607
    0.158448
    0.235763
    0.310808
     0.38286
    0.451225
    0.515244
      0.5743
    0.627826
    0.675306
    0.716282
     0.75036
    0.777212
    0.796579
    0.808274
    0.812185
    0.808275
     0.79658
    0.777213
    0.750362
    0.716284
    0.675308
    0.627829
    0.574304
    0.515248
    0.451229
    0.382864
    0.310812
    0.235767
    0.158451
   0.0796089
   -0.608775
    -1.21169
    -1.80293
    -2.37681
     -2.9278
     -3.4506
    -3.94016
    -4.39177
    -4.80109
    -5.16418
    -5.47753
    -5.73814
    -5.94348
    -6.09158
    -6.18102
    -6.21093
    -6.18102
    -6.09159
    -5.94349
    -5.73815
    -5.47756
    -5.16421
    -4.80112
     -4.3918
    -3.94018
    -3.45062
    -2.92782
    -2.37683
    -1.80295
     -1.2117
   -0.608781
   0.0774302
    0.154115
    0.229316
    0.302309
     0.37239
    0.438885
    0.501154
    0.558596
    0.610659
    0.656842
    0.696698
    0.729845
    0.755963
      0.7748
    0.786176
     0.78998
    0.786177
    0.774801
    0.755965
    0.729847
    0.696701
    0.656845
    0.610664
    0.558602
     0.50116
    0.438893
    0.372397
    0.302315
    0.229321
    0.154119
   0.0774326
   -0.589605
    -1.17353
    -1.74616
    -2.30196
    -2.83561
    -3.34194
    -3.81608
    -4.25347
    -4.64991
    -5.00156
    -5.30505
    -5.55745
    -5.75632
    -5.89976
    -5.98638
    -6.01535
    -5.98639
    -5.89977
    -5.75634
    -5.55747
    -5.30508
    -5.00159
    -4.64994
    -4.25351
    -3.81611
    -3.34196
    -2.83563
    -2.30199
    -1.74617
    -1.17354
   -0.589611
   0.0752817
    0.149839
    0.222954
    0.293921
    0.362058
    0.426709
    0.487251
      0.5431
    0.593719
     0.63862
    0.677371
    0.709598
    0.734991
    0.753306
    0.764366
    0.768065
    0.764367
    0.753308
    0.734995
    0.709603
    0.677377
    0.638627
    0.593727
    0.543109
     0.48726
    0.426719
    0.362068
     0.29393
    0.222961
    0.149844
   0.0752849
   -0.570737
    -1.13598
    -1.69028
     -2.2283
    -2.74487
      -3.235
    -3.69397
    -4.11737
    -4.50112
    -4.84153
     -5.1353
    -5.37962
    -5.57214
    -5.71098
    -5.79483
    -5.82288
    -5.79484
      -5.711
    -5.57215
    -5.37964
    -5.13533
    -4.84156
    -4.50116
    -4.11741
    -3.69401
    -3.23503
     -2.7449
    -2.22833
     -1.6903
    -1.13599
   -0.570744
   0.0731618
     0.14562
    0.216676
    0.285645
    0.351864
    0.414695
    0.473532
    0.527809
    0.577003
     0.62064
    0.658301
    0.689621
      0.7143
      0.7321
    0.742849
    0.746444
    0.742851
    0.732103
    0.714305
    0.689628
     0.65831
    0.620652
    0.577017
    0.527824
    0.473547
    0.414709
    0.351878
    0.285658
    0.216686
    0.145627
   0.0731663
   -0.552174
    -1.09903
    -1.63531
    -2.15583
     -2.6556
    -3.12979
    -3.57383
    -3.98346
    -4.35473
    -4.68406
    -4.96828
    -5.20466
    -5.39091
    -5.52524
    -5.60636
    -5.63349
    -5.60637
    -5.52525
    -5.39093
    -5.20468
    -4.96831
    -4.68408
    -4.35475
    -3.98348
    -3.57385
     -3.1298
     -2.6556
    -2.15584
    -1.63531
    -1.09904
   -0.552176
   0.0710708
    0.141458
    0.210483
    0.277482
    0.341809
    0.402845
    0.460001
    0.512727
    0.560517
    0.602908
    0.639493
    0.669919
    0.693893
    0.711185
    0.721627
     0.72512
     0.72163
    0.711191
    0.693901
    0.669929
    0.639505
    0.602923
    0.560534
    0.512747
    0.460021
    0.402865
    0.341828
    0.277499
    0.210498
    0.141468
   0.0710768
   -0.533916
    -1.06269
    -1.58123
    -2.08455
    -2.56778
    -3.02629
    -3.45566
    -3.85174
    -4.21073
    -4.52917
    -4.80399
    -5.03254
    -5.21262
    -5.34251
    -5.42094
    -5.44717
    -5.42093
     -5.3425
     -5.2126
    -5.03252
    -4.80396
    -4.52914
     -4.2107
    -3.85171
    -3.45563
    -3.02626
    -2.56776
    -2.08452
    -1.58121
    -1.06268
    -0.53391
   0.0690088
    0.137354
    0.204377
    0.269432
    0.331894
    0.391159
    0.446658
    0.497856
    0.544259
    0.585421
    0.620945
    0.650489
    0.673769
     0.69056
      0.7007
    0.704092
    0.700704
    0.690568
    0.673781
    0.650505
    0.620964
    0.585443
    0.544283
    0.497882
    0.446685
    0.391186
    0.331919
    0.269455
    0.204396
    0.137368
   0.0690166
    -0.51596
    -1.02695
    -1.52805
    -2.01443
    -2.48141
     -2.9245
    -3.33941
    -3.72217
    -4.06908
     -4.3768
    -4.64237
    -4.86323
    -5.03725
    -5.16277
    -5.23856
    -5.26391
    -5.23855
    -5.16275
    -5.03723
     -4.8632
    -4.64234
    -4.37676
    -4.06904
    -3.72213
    -3.33937
    -2.92445
    -2.48137
    -2.01439
    -1.52802
    -1.02693
   -0.515947
    0.066976
    0.133308
    0.198357
    0.261497
    0.322119
     0.37964
    0.433505
    0.483195
    0.528233
    0.568184
    0.602663
    0.631338
    0.653933
     0.67023
    0.680073
    0.683366
    0.680078
     0.67024
    0.653947
    0.631357
    0.602687
    0.568212
    0.528264
    0.483229
    0.433539
    0.379673
    0.322151
    0.261525
    0.198381
    0.133326
   0.0669857
   -0.498303
   -0.991805
    -1.47575
    -1.94549
    -2.39649
    -2.82441
    -3.22513
    -3.59478
    -3.92981
    -4.22699
    -4.48347
    -4.69677
    -4.86484
    -4.98606
    -5.05926
    -5.08373
    -5.05925
    -4.98604
    -4.86482
    -4.69674
    -4.48344
    -4.22695
    -3.92976
    -3.59473
    -3.22507
    -2.82435
    -2.39643
    -1.94544
    -1.47571
   -0.991772
   -0.498285
   0.0649729
    0.129321
    0.192425
    0.253677
    0.312487
    0.368288
    0.420542
    0.468748
     0.51244
    0.551196
    0.584645
    0.612463
    0.634383
    0.650194
    0.659743
    0.662939
     0.65975
    0.650208
    0.634403
    0.612489
    0.584675
    0.551232
    0.512478
    0.468789
    0.420584
    0.368328
    0.312525
    0.253711
    0.192454
    0.129342
   0.0649843
   -0.480948
   -0.957262
    -1.42436
    -1.87773
    -2.31302
    -2.72604
    -3.11279
    -3.46957
    -3.79293
    -4.07976
    -4.32731
    -4.53318
    -4.69539
    -4.81239
    -4.88304
    -4.90666
    -4.88303
    -4.81237
    -4.69537
    -4.53314
    -4.32726
     -4.0797
    -3.79286
    -3.46949
    -3.11271
    -2.72595
    -2.31294
    -1.87766
     -1.4243
   -0.957219
   -0.480924
   0.0629996
    0.125394
    0.186582
    0.245973
    0.302997
    0.357104
    0.407772
    0.454515
     0.49688
     0.53446
    0.566894
    0.593869
    0.615125
    0.630456
    0.639716
    0.642815
    0.639724
    0.630472
    0.615148
      0.5939
    0.566931
    0.534502
    0.496925
    0.454562
    0.407821
    0.357151
    0.303042
    0.246013
    0.186614
    0.125418
   0.0630125
   -0.463894
   -0.923319
    -1.37385
    -1.81115
      -2.231
    -2.62937
    -3.00241
    -3.34654
    -3.65843
     -3.9351
    -4.17387
    -4.37244
     -4.5289
    -4.64173
    -4.70987
    -4.73265
    -4.70985
    -4.64169
    -4.52883
    -4.37236
    -4.17378
      -3.935
    -3.65833
    -3.34643
    -3.00229
    -2.62926
     -2.2309
    -1.81105
    -1.37377
   -0.923263
   -0.463864
   0.0610561
    0.121526
    0.180826
    0.238386
    0.293651
    0.346089
    0.395195
    0.440497
    0.481556
    0.517979
    0.549413
    0.575557
    0.596157
    0.611017
    0.619993
    0.622997
    0.620002
    0.611035
    0.596185
    0.575592
    0.549456
    0.518027
     0.48161
    0.440553
    0.395252
    0.346145
    0.293703
    0.238432
    0.180863
    0.121553
   0.0610706
   -0.447142
   -0.889975
    -1.32423
    -1.74574
    -2.15043
    -2.53441
    -2.89398
    -3.22568
     -3.5263
    -3.79297
    -4.02311
     -4.2145
     -4.3653
    -4.47406
    -4.53973
    -4.56169
    -4.53971
    -4.47401
    -4.36523
    -4.21441
      -4.023
    -3.79285
    -3.52617
    -3.22554
    -2.89384
    -2.53427
     -2.1503
    -1.74563
    -1.32414
   -0.889907
   -0.447105
   0.0591425
    0.117717
    0.175159
    0.230915
    0.284449
    0.335245
    0.382813
    0.426695
    0.466468
     0.50175
      0.5322
    0.557525
    0.577481
    0.591876
    0.600572
    0.603484
    0.600584
    0.591899
    0.577514
    0.557568
    0.532251
    0.501808
    0.466531
     0.42676
    0.382878
    0.335308
    0.284508
    0.230968
    0.175202
    0.117748
   0.0591589
   -0.430689
   -0.857228
    -1.27551
     -1.6815
     -2.0713
    -2.44115
    -2.78749
    -3.10698
    -3.39654
     -3.6534
    -3.87506
     -4.0594
    -4.20465
    -4.30941
    -4.37266
    -4.39381
    -4.37264
    -4.30936
    -4.20458
     -4.0593
    -3.87494
    -3.65326
    -3.39639
    -3.10681
    -2.78732
    -2.44099
    -2.07115
    -1.68137
     -1.2754
   -0.857149
   -0.430647
   0.0572593
    0.113969
    0.169582
    0.223563
    0.275392
    0.324571
    0.370625
    0.413111
    0.451619
    0.485778
     0.51526
    0.539779
    0.559101
    0.573039
    0.581459
    0.584279
    0.581471
    0.573064
    0.559137
    0.539827
    0.515316
    0.485842
    0.451687
    0.413182
    0.370697
    0.324641
    0.275457
     0.22362
    0.169628
    0.114002
   0.0572769
    -0.41454
   -0.825084
    -1.22768
    -1.61845
    -1.99363
    -2.34961
    -2.68295
    -2.99046
    -3.26916
    -3.51637
    -3.72972
    -3.90716
    -4.04696
     -4.1478
    -4.20868
    -4.22902
    -4.20864
    -4.14772
    -4.04686
    -3.90702
    -3.72957
     -3.5162
    -3.26897
    -2.99026
    -2.68275
    -2.34941
    -1.99344
    -1.61829
    -1.22755
   -0.824988
   -0.414488
   0.0554065
    0.110281
    0.164094
    0.216329
    0.266482
    0.314069
    0.358634
    0.399745
    0.437009
    0.470064
    0.498592
     0.52232
    0.541017
    0.554505
    0.562653
    0.565382
    0.562665
    0.554531
    0.541055
    0.522369
    0.498651
     0.47013
     0.43708
    0.399821
    0.358709
    0.314143
    0.266549
    0.216389
    0.164143
    0.110316
   0.0554249
   -0.398689
   -0.793534
    -1.18073
    -1.55656
    -1.91739
    -2.25976
    -2.58035
    -2.87609
    -3.14414
     -3.3819
    -3.58708
    -3.75772
    -3.89217
    -3.98914
    -4.04769
    -4.06726
    -4.04765
    -3.98906
    -3.89206
    -3.75758
    -3.58691
     -3.3817
    -3.14392
    -2.87587
    -2.58012
    -2.25954
    -1.91719
    -1.55638
    -1.18059
   -0.793429
   -0.398633
   0.0535841
    0.106654
    0.158698
    0.209215
    0.257718
    0.303741
     0.34684
      0.3866
    0.422637
    0.454606
    0.482197
    0.505144
    0.523227
    0.536271
    0.544151
    0.546791
    0.544165
    0.536297
    0.523265
    0.505194
    0.482256
    0.454672
    0.422709
    0.386675
    0.346915
    0.303814
    0.257786
    0.209274
    0.158746
    0.106688
   0.0536026
   -0.383139
   -0.762584
    -1.13468
    -1.49584
     -1.8426
     -2.1716
    -2.47969
    -2.76389
    -3.02148
    -3.24996
    -3.44714
    -3.61112
    -3.74033
    -3.83351
    -3.88977
    -3.90857
    -3.88973
    -3.83343
    -3.74021
    -3.61097
    -3.44696
    -3.24976
    -3.02126
    -2.76366
    -2.47946
    -2.17138
    -1.84239
    -1.49566
    -1.13453
   -0.762472
   -0.383079
   0.0517921
    0.103087
    0.153391
    0.202219
      0.2491
    0.293584
    0.335242
    0.373672
    0.408505
    0.439404
    0.466073
    0.488253
    0.505731
    0.518339
    0.525956
    0.528507
    0.525969
    0.518365
    0.505768
    0.488301
     0.46613
    0.439469
    0.408574
    0.373744
    0.335314
    0.293654
    0.249165
    0.202276
    0.153438
    0.103121
   0.0518103
   -0.367887
   -0.732226
    -1.08951
     -1.4363
    -1.76925
    -2.08515
    -2.38097
    -2.65386
    -2.90119
    -3.12057
     -3.3099
    -3.46736
    -3.59142
    -3.68089
    -3.73491
    -3.75296
    -3.73487
    -3.68081
     -3.5913
    -3.46721
    -3.30973
    -3.12037
    -2.90097
    -2.65363
    -2.38074
    -2.08493
    -1.76904
    -1.43611
    -1.08936
   -0.732116
   -0.367828
    0.050031
   0.0995814
    0.148174
    0.195341
    0.240628
    0.283598
    0.323839
    0.360962
    0.394609
    0.424458
    0.450219
    0.471644
    0.488528
    0.500707
    0.508064
    0.510529
    0.508077
    0.500732
    0.488564
     0.47169
    0.450273
    0.424519
    0.394676
    0.361031
    0.323908
    0.283666
    0.240691
    0.195396
    0.148219
   0.0996142
   0.0500484
   -0.352935
   -0.702467
    -1.04523
    -1.37792
    -1.69734
    -2.00041
    -2.28421
      -2.546
    -2.78328
    -2.99375
    -3.17538
    -3.32644
    -3.44545
    -3.53129
    -3.58312
    -3.60043
    -3.58307
    -3.53121
    -3.44534
    -3.32629
    -3.17521
    -2.99355
    -2.78307
    -2.54578
    -2.28398
    -2.00019
    -1.69713
    -1.37774
    -1.04508
   -0.702358
   -0.352877
   0.0482999
   0.0961358
    0.143046
    0.188581
      0.2323
    0.273783
     0.31263
    0.348468
    0.380951
    0.409766
    0.434635
    0.455319
    0.471618
    0.483376
    0.490478
    0.492857
     0.49049
    0.483399
    0.471651
    0.455362
    0.434686
    0.409824
    0.381014
    0.348534
    0.312697
    0.273848
     0.23236
    0.188634
    0.143091
   0.0961677
   0.0483168
   -0.338284
   -0.673306
    -1.00184
    -1.32072
    -1.62688
    -1.91737
    -2.18939
    -2.44032
    -2.66775
    -2.86948
    -3.04358
    -3.18836
    -3.30243
    -3.38471
    -3.43438
    -3.45098
    -3.43434
    -3.38464
    -3.30233
    -3.18822
    -3.04341
    -2.86929
    -2.66754
    -2.44011
    -2.18917
    -1.91716
    -1.62668
    -1.32055
     -1.0017
   -0.673202
   -0.338229
   0.0465982
   0.0927486
    0.138006
    0.181936
    0.224114
    0.264136
    0.301614
    0.336189
    0.367527
    0.395326
    0.419319
    0.439274
    0.454999
    0.466343
    0.473195
    0.475491
    0.473207
    0.466366
    0.455033
    0.439318
    0.419372
    0.395387
    0.367593
    0.336258
    0.301684
    0.264204
    0.224179
    0.181993
    0.138053
   0.0927816
   0.0466155
   -0.323935
   -0.644746
   -0.959345
     -1.2647
    -1.55788
    -1.83604
    -2.09653
    -2.33681
     -2.5546
    -2.74778
    -2.91449
    -3.05313
    -3.16237
    -3.24115
    -3.28872
    -3.30461
    -3.28868
    -3.24108
    -3.16227
    -3.05299
    -2.91433
    -2.74759
     -2.5544
    -2.33661
    -2.09632
    -1.83584
    -1.55769
    -1.26454
   -0.959209
   -0.644648
   -0.323883
    0.044926
   0.0894202
    0.133053
    0.175407
    0.216071
    0.254656
     0.29079
    0.324124
    0.354337
    0.381139
    0.404271
     0.42351
    0.438671
    0.449608
    0.456215
    0.458429
    0.456228
    0.449634
    0.438709
    0.423559
    0.404331
    0.381207
    0.354412
    0.324203
     0.29087
    0.254734
    0.216144
    0.175471
    0.133105
   0.0894565
   0.0449448
   -0.309888
   -0.616788
   -0.917746
    -1.20986
    -1.49033
    -1.75643
    -2.00562
    -2.23549
    -2.44383
    -2.62863
    -2.78812
    -2.92075
    -3.02525
    -3.10062
    -3.14612
    -3.16133
    -3.14609
    -3.10055
    -3.02515
    -2.92062
    -2.78796
    -2.62846
    -2.44364
    -2.23529
    -2.00542
    -1.75624
    -1.49014
     -1.2097
   -0.917616
   -0.616695
   -0.309839
   0.0432826
   0.0861494
    0.128187
    0.168991
    0.208169
    0.245343
    0.280156
    0.312272
    0.341381
    0.367204
    0.389491
    0.408028
    0.422637
    0.433175
    0.439543
    0.441678
    0.439559
    0.433208
    0.422684
    0.408089
    0.389564
    0.367286
     0.34147
    0.312365
    0.280251
    0.245436
    0.208256
    0.169068
    0.128248
   0.0861926
   0.0433049
   -0.296143
   -0.589432
   -0.877043
    -1.15621
    -1.42423
    -1.67853
    -1.91667
    -2.13635
    -2.33545
    -2.51205
    -2.66447
    -2.79122
    -2.89108
    -2.96311
     -3.0066
    -3.02113
    -3.00656
    -2.96304
    -2.89098
    -2.79109
    -2.66432
    -2.51188
    -2.33526
    -2.13616
    -1.91648
    -1.67835
    -1.42406
    -1.15605
   -0.876922
   -0.589347
   -0.296098
   0.0416684
   0.0829368
    0.123407
    0.162691
    0.200408
    0.236198
    0.269714
    0.300634
     0.32866
    0.353522
     0.37498
    0.392829
    0.406895
    0.417043
    0.423177
    0.425235
    0.423198
    0.417085
    0.406955
    0.392905
     0.37507
    0.353622
    0.328768
    0.300746
    0.269828
    0.236309
    0.200513
    0.162783
    0.123481
   0.0829892
   0.0416953
   -0.282701
   -0.562677
   -0.837234
    -1.10372
    -1.35959
    -1.60235
    -1.82968
    -2.03939
    -2.22945
    -2.39804
    -2.54353
    -2.66453
    -2.75987
    -2.82862
    -2.87013
      -2.884
     -2.8701
    -2.82856
    -2.75977
    -2.66441
    -2.54339
    -2.39788
    -2.22928
    -2.03921
     -1.8295
    -1.60218
    -1.35943
    -1.10359
   -0.837125
     -0.5626
   -0.282661
   0.0400833
   0.0797825
    0.118715
    0.156506
    0.192791
    0.227222
    0.259466
    0.289214
    0.316178
    0.340098
    0.360745
    0.377918
    0.391453
    0.401218
    0.407121
    0.409103
    0.407145
    0.401265
    0.391521
    0.378006
    0.360848
    0.340215
    0.316304
    0.289346
      0.2596
    0.227352
    0.192913
    0.156613
    0.118802
   0.0798445
   0.0401154
   -0.269563
   -0.536528
   -0.798325
    -1.05243
     -1.2964
    -1.52788
    -1.74464
     -1.9446
    -2.12583
    -2.28659
    -2.42532
    -2.54069
     -2.6316
    -2.69716
    -2.73674
    -2.74997
    -2.73671
     -2.6971
    -2.63151
    -2.54058
    -2.42519
    -2.28644
    -2.12568
    -1.94444
    -1.74448
    -1.52772
    -1.29625
     -1.0523
   -0.798223
   -0.536456
   -0.269525
   0.0385279
   0.0766873
    0.114111
    0.150437
    0.185318
    0.218416
    0.249414
    0.278011
    0.303934
    0.326931
    0.346782
    0.363293
    0.376307
    0.385697
    0.391373
     0.39328
    0.391399
    0.385749
    0.376383
    0.363392
      0.3469
    0.327065
     0.30408
    0.278164
    0.249569
    0.218567
    0.185459
    0.150562
    0.114212
   0.0767597
   0.0385656
   -0.256727
    -0.51098
    -0.76031
    -1.00231
    -1.23467
    -1.45512
    -1.66156
      -1.852
     -2.0246
     -2.1777
    -2.30982
    -2.41971
    -2.50628
    -2.56872
    -2.60642
    -2.61902
     -2.6064
    -2.56867
    -2.50621
    -2.41961
    -2.30972
    -2.17757
    -2.02446
    -1.85186
    -1.66142
    -1.45498
    -1.23453
     -1.0022
   -0.760217
   -0.510914
   -0.256692
   0.0370041
   0.0736551
      0.1096
    0.144492
    0.177996
    0.209788
    0.239563
    0.267033
    0.291933
    0.314024
    0.333092
    0.348953
    0.361454
    0.370475
    0.375929
    0.377762
    0.375957
    0.370532
    0.361537
    0.349059
    0.333218
    0.314167
    0.292089
    0.267196
    0.239727
    0.209948
    0.178145
    0.144624
    0.109707
   0.0737322
   0.0370448
   -0.244193
   -0.486031
   -0.723186
   -0.953375
    -1.17438
    -1.38407
    -1.58043
    -1.76157
    -1.92575
    -2.07137
    -2.19705
    -2.30156
    -2.38392
    -2.44331
    -2.47917
    -2.49116
    -2.47915
    -2.44327
    -2.38386
    -2.30149
    -2.19696
    -2.07126
    -1.92563
    -1.76145
    -1.58031
    -1.38395
    -1.17427
   -0.953276
   -0.723105
   -0.485973
   -0.244161
   0.0355112
   0.0706843
    0.105181
    0.138668
    0.170822
    0.201334
     0.22991
    0.256275
    0.280173
    0.301375
    0.319675
    0.334898
    0.346897
    0.355555
     0.36079
    0.362551
     0.36082
    0.355614
    0.346981
    0.335007
    0.319805
    0.301521
    0.280332
    0.256441
    0.230078
    0.201497
    0.170973
    0.138801
     0.10529
   0.0707633
   0.0355535
   -0.231961
   -0.461685
    -0.68696
   -0.905617
    -1.11555
    -1.31474
    -1.50127
    -1.67333
    -1.82928
    -1.96762
      -2.087
    -2.18629
    -2.26452
    -2.32093
      -2.355
    -2.36639
    -2.35498
     -2.3209
    -2.26446
    -2.18622
    -2.08692
    -1.96753
    -1.82918
    -1.67323
    -1.50116
    -1.31464
    -1.11545
    -0.90553
   -0.686888
   -0.461632
   -0.231932
   0.0340513
   0.0677781
    0.100855
    0.132964
    0.163795
    0.193052
    0.220452
    0.245732
    0.268648
    0.288978
    0.306527
    0.321124
    0.332629
    0.340932
    0.345952
     0.34764
    0.345981
    0.340989
    0.332712
     0.32123
    0.306652
     0.28912
    0.268803
    0.245894
    0.220616
    0.193211
    0.163943
    0.133094
    0.100962
   0.0678551
   0.0340925
    -0.22003
   -0.437939
    -0.65163
   -0.859043
    -1.05818
    -1.24713
    -1.42406
    -1.58728
    -1.73522
    -1.86644
    -1.97968
    -2.07386
    -2.14806
    -2.20158
     -2.2339
     -2.2447
    -2.23388
    -2.20155
    -2.14801
    -2.07379
     -1.9796
    -1.86635
    -1.73512
    -1.58718
    -1.42396
    -1.24703
    -1.05809
   -0.858961
   -0.651562
   -0.437891
   -0.220004
   0.0326221
   0.0649325
   0.0966193
    0.127378
    0.156913
     0.18494
    0.211188
    0.235405
    0.257358
    0.276834
    0.293646
     0.30763
    0.318652
    0.326605
    0.331414
    0.333031
    0.331441
    0.326658
    0.318729
     0.30773
    0.293765
    0.276969
    0.257505
    0.235559
    0.211344
    0.185091
    0.157054
    0.127503
   0.0967213
   0.0650059
   0.0326612
   -0.208402
   -0.414796
   -0.617196
   -0.813651
    -1.00227
    -1.18123
    -1.34882
    -1.50342
    -1.64353
    -1.76782
    -1.87508
    -1.96428
    -2.03457
    -2.08526
    -2.11587
     -2.1261
    -2.11585
    -2.08523
    -2.03452
    -1.96422
    -1.87501
    -1.76774
    -1.64344
    -1.50332
    -1.34872
    -1.18114
    -1.00218
   -0.813573
   -0.617132
   -0.414751
   -0.208379
   0.0312211
   0.0621436
   0.0924683
    0.121905
     0.15017
    0.176992
    0.202111
    0.225286
    0.246295
    0.264933
    0.281022
    0.294405
    0.304954
    0.312567
    0.317169
    0.318718
    0.317197
    0.312621
    0.305033
    0.294508
    0.281144
    0.265073
    0.246447
    0.225446
    0.202272
    0.177148
    0.150315
    0.122032
   0.0925722
   0.0622175
   0.0312603
   -0.197079
    -0.39226
   -0.583663
   -0.769444
   -0.947815
    -1.11706
    -1.27554
    -1.42174
    -1.55424
    -1.67178
    -1.77321
    -1.85757
    -1.92404
    -1.97198
    -2.00092
    -2.01059
     -2.0009
    -1.97194
    -1.92399
    -1.85751
    -1.77314
    -1.67169
    -1.55415
    -1.42164
    -1.27544
    -1.11696
   -0.947723
   -0.769365
   -0.583599
   -0.392215
   -0.197057
   0.0298492
   0.0594125
   0.0884034
    0.116546
    0.143567
    0.169209
    0.193222
    0.215377
    0.235461
    0.253279
     0.26866
    0.281455
     0.29154
    0.298819
    0.303221
    0.304702
     0.30325
    0.298877
    0.291625
    0.281565
    0.268792
     0.25343
    0.235626
     0.21555
    0.193396
    0.169376
    0.143722
    0.116681
   0.0885134
   0.0594898
   0.0298899
   -0.186059
   -0.370326
   -0.551027
   -0.726421
    -0.89482
     -1.0546
    -1.20422
    -1.34225
    -1.46734
    -1.57831
    -1.67407
    -1.75371
    -1.81646
    -1.86172
    -1.88904
    -1.89818
    -1.88903
    -1.86169
    -1.81641
    -1.75365
      -1.674
    -1.57822
    -1.46725
    -1.34215
    -1.20412
     -1.0545
   -0.894732
   -0.726345
   -0.550969
   -0.370286
    -0.18604
    0.028503
   0.0567334
   0.0844172
    0.111291
    0.137095
    0.161581
    0.184513
    0.205671
    0.224851
    0.241868
    0.256558
    0.268779
    0.278413
    0.285367
    0.289574
    0.290993
     0.28961
    0.285438
    0.278516
    0.268911
    0.256716
    0.242046
    0.225044
    0.205872
    0.184714
    0.161774
    0.137273
    0.111446
   0.0845428
   0.0568215
   0.0285494
   -0.175343
   -0.348997
   -0.519291
   -0.684583
   -0.843283
   -0.993861
    -1.13487
    -1.26494
    -1.38284
    -1.48741
    -1.57766
    -1.65271
    -1.71185
     -1.7545
    -1.78025
    -1.78885
    -1.78023
    -1.75447
     -1.7118
    -1.65265
    -1.57759
    -1.48733
    -1.38275
    -1.26486
    -1.13478
   -0.993782
   -0.843212
   -0.684523
   -0.519245
   -0.348966
   -0.175329
   0.0271847
   0.0541098
    0.080514
    0.106146
    0.130758
    0.154114
    0.175989
    0.196172
    0.214469
    0.230704
    0.244719
     0.25638
    0.265574
    0.272212
     0.27623
    0.277589
    0.276275
    0.272301
    0.265702
    0.256543
    0.244912
     0.23092
    0.214701
    0.196412
    0.176228
    0.154343
    0.130968
    0.106329
   0.0806612
   0.0542131
    0.027239
   -0.164929
    -0.32827
   -0.488451
   -0.643928
   -0.793204
   -0.934841
    -1.06747
    -1.18983
    -1.30072
    -1.39908
    -1.48397
    -1.55457
     -1.6102
    -1.65032
    -1.67454
    -1.68263
    -1.67452
    -1.65029
    -1.61016
    -1.55453
    -1.48392
    -1.39903
    -1.30066
    -1.18977
    -1.06742
   -0.934791
    -0.79316
   -0.643892
   -0.488424
   -0.328253
   -0.164923
   0.0258935
   0.0515411
   0.0766938
    0.101112
     0.12456
    0.146812
    0.167655
    0.186887
    0.204323
    0.219795
    0.233153
    0.244268
    0.253033
    0.259363
    0.263197
    0.264496
    0.263248
    0.259464
    0.253181
    0.244457
    0.233376
    0.220046
    0.204593
    0.187167
    0.167935
    0.147081
    0.124808
    0.101328
   0.0768682
   0.0516642
   0.0259586
   -0.154819
   -0.308148
    -0.45851
   -0.604457
   -0.744583
   -0.877539
    -1.00204
     -1.1169
    -1.22099
    -1.31333
    -1.39301
    -1.45929
    -1.51151
    -1.54917
    -1.57191
    -1.57952
    -1.57191
    -1.54917
     -1.5115
    -1.45928
    -1.39301
    -1.31332
    -1.22098
    -1.11688
    -1.00203
   -0.877528
   -0.744576
   -0.604453
   -0.458509
   -0.308149
   -0.154822
   0.0246313
   0.0490302
   0.0729599
   0.0961924
    0.118503
    0.139678
    0.159513
    0.177817
    0.194413
    0.209141
    0.221858
    0.232442
    0.240788
    0.246817
     0.25047
    0.251711
    0.250527
     0.24693
    0.240953
    0.232654
    0.222111
    0.209427
    0.194722
    0.178139
    0.159836
     0.13999
    0.118791
   0.0964442
   0.0731639
    0.049175
   0.0247081
   -0.145012
   -0.288628
   -0.429466
   -0.566169
    -0.69742
   -0.821953
   -0.938572
    -1.04615
    -1.14366
    -1.23015
    -1.30479
    -1.36687
    -1.41578
    -1.45107
    -1.47237
     -1.4795
    -1.47238
    -1.45108
    -1.41581
     -1.3669
    -1.30482
    -1.23018
    -1.14369
    -1.04619
   -0.938609
   -0.821989
   -0.697454
     -0.5662
   -0.429493
   -0.288649
   -0.145025
   0.0233998
   0.0465807
   0.0693184
   0.0913953
    0.112598
    0.132723
    0.151575
    0.168973
    0.184749
    0.198749
    0.210839
    0.220902
    0.228838
    0.234573
    0.238048
    0.239232
    0.238111
    0.234695
    0.229018
    0.221133
    0.211115
    0.199062
    0.185087
    0.169326
    0.151931
    0.133067
    0.112918
   0.0916769
   0.0695481
   0.0467452
   0.0234876
   -0.135507
   -0.269711
   -0.401318
   -0.529061
    -0.65171
   -0.768085
   -0.877064
   -0.977598
    -1.06872
    -1.14955
    -1.21931
    -1.27732
    -1.32304
    -1.35601
    -1.37593
    -1.38259
    -1.37594
    -1.35604
    -1.32308
    -1.27738
    -1.21938
    -1.14963
    -1.06881
   -0.977689
   -0.877155
   -0.768174
   -0.651793
   -0.529133
   -0.401377
   -0.269753
   -0.135531
   0.0221994
   0.0441933
   0.0657694
     0.08672
    0.106843
    0.125944
    0.143838
    0.160352
    0.175327
    0.188617
    0.200094
    0.209648
    0.217184
     0.22263
    0.225933
     0.22706
       0.226
    0.222761
    0.217376
    0.209895
    0.200389
     0.18895
    0.175688
    0.160729
    0.144219
    0.126314
    0.107189
   0.0870264
   0.0660209
   0.0443749
    0.022297
   -0.126307
   -0.251398
    -0.37407
   -0.493142
   -0.607466
   -0.715941
   -0.817526
   -0.911239
   -0.996178
    -1.07152
    -1.13656
    -1.19064
    -1.23326
      -1.264
    -1.28257
    -1.28878
    -1.28259
    -1.26404
    -1.23333
    -1.19073
    -1.13666
    -1.07164
   -0.996306
   -0.911372
    -0.81766
   -0.716072
   -0.607585
   -0.493246
   -0.374155
   -0.251458
   -0.126339
   0.0210338
   0.0418736
   0.0623183
   0.0821709
     0.10124
    0.119341
      0.1363
    0.151951
    0.166145
    0.178742
    0.189622
    0.198679
    0.205825
     0.21099
    0.214123
    0.215195
    0.214193
    0.211127
    0.206026
    0.198938
    0.189931
    0.179092
    0.166524
    0.152348
      0.1367
    0.119731
    0.101604
   0.0824938
   0.0625839
   0.0420659
    0.021137
   -0.117407
   -0.233687
   -0.347721
   -0.458409
   -0.564685
   -0.665528
   -0.759963
   -0.847082
   -0.926045
    -0.99609
    -1.05654
    -1.10682
    -1.14645
    -1.17503
    -1.19229
    -1.19808
    -1.19232
    -1.17508
    -1.14653
    -1.10692
    -1.05666
   -0.996225
   -0.926191
   -0.847235
   -0.760118
   -0.665679
   -0.564827
   -0.458535
   -0.347824
   -0.233762
   -0.117448
   0.0199002
   0.0396172
   0.0589607
   0.0777444
   0.0957872
    0.112915
    0.128962
    0.143772
    0.157204
    0.169126
    0.179424
    0.187997
    0.194761
    0.199652
     0.20262
    0.203637
    0.202692
    0.199794
    0.194969
    0.188264
    0.179743
    0.169488
    0.157596
    0.144182
    0.129375
    0.113318
    0.096164
   0.0780787
   0.0592361
   0.0398168
   0.0200071
   -0.108813
   -0.216584
   -0.322274
   -0.424866
    -0.52337
   -0.616838
   -0.704369
   -0.785117
   -0.858307
   -0.923232
   -0.979267
    -1.02587
     -1.0626
    -1.08909
    -1.10509
    -1.11045
    -1.10512
    -1.08914
    -1.06267
    -1.02597
   -0.979386
   -0.923367
   -0.858454
   -0.785272
   -0.704526
   -0.616994
   -0.523518
   -0.424999
   -0.322385
   -0.216665
   -0.108858
   0.0187974
   0.0374221
   0.0556939
   0.0734375
   0.0904814
    0.106661
    0.121821
    0.135813
    0.148504
    0.159768
    0.169498
    0.177599
    0.183993
    0.188616
    0.191423
    0.192387
    0.191498
    0.188763
    0.184209
    0.177879
    0.169832
    0.160147
    0.148916
    0.136245
    0.122258
    0.107087
   0.0908795
   0.0737903
   0.0559837
   0.0376313
   0.0189089
   -0.100526
   -0.200089
   -0.297733
   -0.392515
   -0.483521
   -0.569873
    -0.65074
   -0.725343
   -0.792962
   -0.852946
   -0.904717
   -0.947775
   -0.981705
    -1.00618
    -1.02096
    -1.02592
    -1.02099
    -1.00623
   -0.981773
   -0.947862
   -0.904822
   -0.853066
   -0.793092
   -0.725481
   -0.650881
   -0.570012
   -0.483654
   -0.392636
   -0.297835
   -0.200166
   -0.100569
   0.0177257
   0.0352887
   0.0525189
   0.0692513
   0.0853243
    0.100583
     0.11488
    0.128076
    0.140045
     0.15067
    0.159849
    0.167491
    0.173523
    0.177886
    0.180537
     0.18145
    0.180615
     0.17804
     0.17375
    0.167784
      0.1602
     0.15107
    0.140481
    0.128534
    0.115344
    0.101036
   0.0857472
   0.0696256
   0.0528252
   0.0355088
   0.0178423
  -0.0925415
   -0.184199
    -0.27409
   -0.361346
   -0.445127
   -0.524624
   -0.599071
   -0.667752
   -0.730003
   -0.785225
   -0.832886
   -0.872525
   -0.903762
   -0.926294
   -0.939905
   -0.944464
   -0.939925
   -0.926334
    -0.90382
   -0.872601
   -0.832976
   -0.785329
   -0.730116
   -0.667872
   -0.599195
   -0.524747
   -0.445246
   -0.361455
   -0.274184
   -0.184271
  -0.0925829
   0.0166842
   0.0332155
   0.0494339
   0.0651841
   0.0803141
    0.094678
    0.108137
    0.120561
     0.13183
    0.141834
    0.150477
    0.157675
    0.163358
     0.16747
    0.169971
    0.170836
    0.170056
    0.167639
    0.163605
    0.157993
    0.150858
    0.142265
    0.132298
    0.121051
    0.108631
   0.0951582
   0.0807613
   0.0655785
   0.0497556
    0.033446
   0.0168059
  -0.0848621
   -0.168914
   -0.251346
   -0.331363
   -0.408192
   -0.481093
   -0.549363
   -0.612344
    -0.66943
   -0.720069
   -0.763774
   -0.800123
   -0.828766
   -0.849428
   -0.861908
   -0.866086
   -0.861922
   -0.849457
   -0.828811
   -0.800183
   -0.763846
   -0.720154
   -0.669525
   -0.612447
   -0.549471
   -0.481202
   -0.408299
   -0.331462
   -0.251433
   -0.168982
  -0.0849012
    0.015674
   0.0312048
   0.0464418
   0.0612395
   0.0754547
   0.0889509
    0.101598
    0.113272
    0.123863
    0.133265
     0.14139
    0.148157
    0.153502
    0.157371
    0.159728
    0.160548
    0.159823
    0.157558
    0.153773
    0.148505
    0.141803
    0.133731
    0.124365
    0.113795
    0.102123
    0.089459
   0.0759258
   0.0616532
   0.0467781
    0.031445
   0.0158005
  -0.0774848
    -0.15423
   -0.229497
   -0.302558
   -0.372709
   -0.439273
   -0.501608
   -0.559114
   -0.611237
   -0.657473
   -0.697379
   -0.730568
   -0.756721
   -0.775586
   -0.786981
   -0.790796
   -0.786994
   -0.775613
   -0.756761
   -0.730622
   -0.697445
   -0.657552
   -0.611326
   -0.559211
    -0.50171
   -0.439378
   -0.372812
   -0.302654
   -0.229581
   -0.154296
  -0.0775228
   0.0146949
   0.0292564
   0.0435433
    0.057419
   0.0707493
   0.0834063
   0.0952676
    0.106219
    0.116154
    0.124976
    0.132601
    0.138953
    0.143972
    0.147606
    0.149822
    0.150596
     0.14992
    0.147799
    0.144253
    0.139314
     0.13303
     0.12546
    0.116675
    0.106761
   0.0958116
   0.0839317
   0.0712355
   0.0578452
   0.0438894
   0.0295034
   0.0148253
  -0.0704108
   -0.140149
   -0.208543
   -0.274932
   -0.338677
   -0.399162
   -0.455804
   -0.508058
    -0.55542
   -0.597434
   -0.633694
   -0.663853
   -0.687618
   -0.704761
   -0.715118
   -0.718587
   -0.715135
   -0.704796
   -0.687669
   -0.663919
   -0.633775
   -0.597525
   -0.555521
   -0.508166
   -0.455916
   -0.399273
   -0.338784
   -0.275031
   -0.208628
   -0.140214
  -0.0704475
   0.0137487
   0.0273734
   0.0407423
   0.0537272
   0.0662028
   0.0780492
   0.0891522
   0.0994045
    0.108707
     0.11697
    0.124112
    0.130063
    0.134766
    0.138173
    0.140251
    0.140979
    0.140349
    0.138366
    0.135048
    0.130426
    0.124544
    0.117458
    0.109235
   0.0999539
   0.0897031
   0.0785811
   0.0666944
   0.0541579
    0.041092
   0.0276232
   0.0138809
  -0.0636382
   -0.126668
   -0.188482
   -0.248484
   -0.306096
   -0.360762
   -0.411955
   -0.459182
   -0.501988
    -0.53996
   -0.572732
   -0.599991
   -0.621471
   -0.636967
    -0.64633
   -0.649467
   -0.646351
   -0.637009
   -0.621533
    -0.60007
   -0.572827
   -0.540066
   -0.502102
   -0.459303
   -0.412077
   -0.360882
    -0.30621
   -0.248587
   -0.188569
   -0.126733
  -0.0636744
   0.0128377
   0.0255606
   0.0380462
    0.050174
   0.0618274
   0.0728936
   0.0832659
   0.0928437
    0.101534
    0.109254
    0.115926
    0.121487
    0.125881
    0.129065
    0.131007
    0.131689
    0.131101
     0.12925
    0.126151
    0.121835
    0.116341
    0.109721
     0.10204
   0.0933706
   0.0837949
   0.0734055
   0.0623019
   0.0505912
    0.038386
   0.0258044
   0.0129673
  -0.0571658
   -0.113784
   -0.169311
    -0.22321
   -0.274961
   -0.324067
   -0.370055
    -0.41248
   -0.450935
   -0.485048
   -0.514491
   -0.538981
   -0.558281
   -0.572204
   -0.580617
   -0.583439
   -0.580641
   -0.572251
    -0.55835
   -0.539071
   -0.514599
    -0.48517
   -0.451067
   -0.412618
   -0.370194
   -0.324203
   -0.275088
   -0.223322
   -0.169404
   -0.113852
  -0.0572028
   0.0119621
   0.0238182
   0.0354544
    0.046758
   0.0576203
   0.0679356
   0.0776038
   0.0865313
   0.0946313
    0.101825
    0.108043
    0.113225
    0.117319
    0.120286
    0.122095
     0.12273
    0.122181
    0.120455
    0.117567
    0.113544
    0.108423
    0.102254
   0.0950951
   0.0870147
   0.0780903
   0.0684078
   0.0580602
   0.0471468
   0.0357726
   0.0240476
   0.0120849
  -0.0509957
   -0.101503
   -0.151036
   -0.199117
   -0.245282
   -0.289088
   -0.330113
   -0.367961
   -0.402268
   -0.432702
   -0.458971
    -0.48082
    -0.49804
   -0.510463
   -0.517971
    -0.52049
   -0.517996
   -0.510513
   -0.498112
   -0.480913
   -0.459082
   -0.432829
   -0.402406
   -0.368105
   -0.330259
   -0.289229
   -0.245413
   -0.199232
    -0.15113
   -0.101571
  -0.0510319
   0.0111249
   0.0221501
   0.0329694
   0.0434789
   0.0535774
   0.0631671
   0.0721551
   0.0804541
   0.0879838
   0.0946713
    0.100451
    0.105267
    0.109072
    0.111829
     0.11351
    0.114098
    0.113587
    0.111981
    0.109295
    0.105553
    0.100792
   0.0950561
   0.0884004
   0.0808885
   0.0725923
   0.0635914
   0.0539724
   0.0438276
   0.0332545
   0.0223552
   0.0112346
  -0.0451249
   -0.089819
   -0.133652
   -0.176201
   -0.217056
   -0.255824
    -0.29213
   -0.325626
   -0.355987
   -0.382922
    -0.40617
   -0.425507
   -0.440747
   -0.451743
   -0.458388
   -0.460618
   -0.458411
   -0.451789
   -0.440815
   -0.425595
   -0.406275
   -0.383041
   -0.356117
   -0.325762
   -0.292269
   -0.255959
   -0.217183
   -0.176314
   -0.133745
  -0.0898869
  -0.0451615
   0.0103219
   0.0205496
   0.0305843
   0.0403306
   0.0496945
    0.058586
   0.0669189
   0.0746129
   0.0815933
   0.0877926
   0.0931505
   0.0976145
    0.101141
    0.103695
    0.105252
    0.105795
    0.105319
    0.103828
    0.101335
   0.0978646
   0.0934485
   0.0881292
   0.0819578
   0.0749928
    0.067301
   0.0589561
   0.0500383
   0.0406332
   0.0308311
   0.0207263
   0.0104163
  -0.0395565
  -0.0787365
   -0.117163
   -0.154464
   -0.190282
    -0.22427
   -0.256101
   -0.285467
   -0.312085
   -0.335699
   -0.356081
   -0.373034
   -0.386395
   -0.396035
   -0.401861
   -0.403816
   -0.401881
   -0.396076
   -0.386454
    -0.37311
   -0.356172
   -0.335802
   -0.312198
   -0.285585
   -0.256222
    -0.22439
   -0.190396
   -0.154568
   -0.117249
  -0.0788001
  -0.0395911
  0.00954771
   0.0190079
    0.028289
   0.0373028
   0.0459621
   0.0541839
   0.0618886
   0.0690019
   0.0754549
   0.0811852
    0.086137
   0.0902624
   0.0935209
   0.0958805
   0.0973177
   0.0978183
   0.0973767
   0.0959968
   0.0936915
   0.0904822
   0.0863993
   0.0814816
   0.0757763
   0.0693375
    0.062227
   0.0545123
   0.0462676
   0.0375719
   0.0285087
   0.0191654
  0.00963165
  -0.0342909
  -0.0682561
   -0.101569
   -0.133908
    -0.16496
   -0.194427
   -0.222023
   -0.247483
   -0.270561
   -0.291033
   -0.308704
   -0.323401
   -0.334984
   -0.343341
   -0.348391
   -0.350085
   -0.348406
   -0.343371
   -0.335029
   -0.323459
   -0.308773
   -0.291112
   -0.270647
   -0.247574
   -0.222116
    -0.19452
   -0.165049
   -0.133989
   -0.101638
  -0.0683082
  -0.0343201
   0.0088041
   0.0175273
   0.0260851
   0.0343959
   0.0423795
   0.0499591
   0.0570615
   0.0636181
   0.0695654
    0.074846
   0.0794086
   0.0832094
   0.0862111
   0.0883843
   0.0897076
    0.090168
   0.0897605
   0.0884884
   0.0863634
   0.0834056
    0.079643
   0.0751113
   0.0698537
   0.0639199
   0.0573668
   0.0502563
   0.0426564
   0.0346404
   0.0262849
   0.0176708
  0.00888026
  -0.0293267
  -0.0583757
  -0.0868679
   -0.114527
   -0.141087
    -0.16629
   -0.189894
    -0.21167
   -0.231409
   -0.248919
   -0.264033
   -0.276604
    -0.28651
   -0.293656
   -0.297974
   -0.299421
   -0.297984
   -0.293677
    -0.28654
   -0.276643
   -0.264081
   -0.248975
    -0.23147
   -0.211736
   -0.189961
   -0.166358
   -0.141153
   -0.114588
  -0.0869215
  -0.0584174
  -0.0293511
  0.00809105
   0.0161073
   0.0239708
   0.0316072
   0.0389424
   0.0459063
   0.0524315
   0.0584553
   0.0639193
   0.0687708
   0.0729626
   0.0764545
   0.0792122
   0.0812091
   0.0824255
   0.0828492
   0.0824761
   0.0813088
   0.0793583
   0.0766426
   0.0731872
   0.0690248
   0.0641951
   0.0587437
   0.0527225
   0.0461887
   0.0392046
   0.0318377
   0.0241583
    0.016241
  0.00816151
  -0.0246647
  -0.0490965
  -0.0730607
  -0.0963242
   -0.118663
   -0.139861
   -0.159713
   -0.178029
    -0.19463
   -0.209357
   -0.222068
    -0.23264
   -0.240971
    -0.24698
    -0.25061
   -0.251826
   -0.250615
    -0.24699
   -0.240986
    -0.23266
   -0.222093
   -0.209388
   -0.194665
   -0.178069
   -0.159757
   -0.139907
    -0.11871
  -0.0963704
  -0.0731027
  -0.0491306
  -0.0246852
  0.00740787
    0.014747
   0.0219455
   0.0289361
   0.0356509
   0.0420258
   0.0479993
    0.053514
   0.0585168
   0.0629592
   0.0667979
    0.069996
   0.0725223
   0.0743522
   0.0754681
   0.0758585
   0.0755196
   0.0744538
   0.0726712
   0.0701876
   0.0670261
   0.0632168
   0.0587959
   0.0538048
   0.0482911
   0.0423075
   0.0359109
   0.0291632
   0.0221288
   0.0148764
  0.00747551
  -0.0203033
  -0.0404153
  -0.0601434
  -0.0792947
  -0.0976847
   -0.115135
   -0.131478
   -0.146555
   -0.160221
   -0.172343
   -0.182806
   -0.191508
   -0.198366
   -0.203312
   -0.206299
   -0.207299
   -0.206301
   -0.203315
   -0.198371
   -0.191517
   -0.182818
   -0.172359
    -0.16024
   -0.146578
   -0.131506
   -0.115168
    -0.09772
   -0.079331
  -0.0601778
  -0.0404445
  -0.0203212
  0.00675274
   0.0134435
   0.0200071
   0.0263814
   0.0325047
   0.0383186
   0.0437668
   0.0487972
   0.0533612
   0.0574148
   0.0609187
   0.0638388
   0.0661469
   0.0678199
   0.0688414
    0.069201
    0.068895
   0.0679255
   0.0663016
   0.0640377
   0.0611549
   0.0576807
   0.0536477
   0.0490943
   0.0440638
   0.0386043
   0.0327679
   0.0266108
   0.0201921
   0.0135744
  0.00682115
   -0.016243
  -0.0323333
  -0.0481168
   -0.063439
  -0.0781523
  -0.0921137
   -0.105188
    -0.11725
   -0.128182
   -0.137879
   -0.146248
   -0.153208
   -0.158692
   -0.162647
   -0.165036
   -0.165835
   -0.165037
   -0.162649
   -0.158696
   -0.153214
   -0.146256
   -0.137891
   -0.128197
   -0.117269
   -0.105211
  -0.0921405
  -0.0781821
  -0.0634703
   -0.048147
  -0.0323591
  -0.0162589
   0.0061275
   0.0121998
    0.018158
   0.0239452
   0.0295054
   0.0347853
   0.0397341
   0.0443042
   0.0484514
    0.052136
   0.0553225
   0.0579794
   0.0600811
   0.0616058
   0.0625383
   0.0628692
   0.0625946
   0.0617168
   0.0602433
   0.0581879
   0.0555696
   0.0524134
    0.048749
   0.0446116
   0.0400405
   0.0350796
   0.0297761
   0.0241812
   0.0183485
    0.012335
  0.00619827
  -0.0124829
  -0.0248487
  -0.0369791
   -0.048755
  -0.0600631
  -0.0707932
  -0.0808419
  -0.0901117
  -0.0985131
   -0.105965
   -0.112396
   -0.117743
   -0.121957
   -0.124996
   -0.126831
   -0.127445
   -0.126833
      -0.125
   -0.121963
   -0.117752
   -0.112407
   -0.105979
  -0.0985311
  -0.0901334
  -0.0808672
  -0.0708217
  -0.0600937
  -0.0487864
  -0.0370088
  -0.0248737
   -0.012498
   0.0055338
    0.011019
   0.0164027
   0.0216332
   0.0266602
   0.0314349
   0.0359115
   0.0400464
   0.0437995
   0.0471346
   0.0500194
   0.0524252
   0.0543286
   0.0557102
   0.0565559
   0.0568573
   0.0566106
   0.0558181
   0.0544867
   0.0526286
   0.0502612
    0.047407
    0.044093
   0.0403508
   0.0362161
   0.0317286
   0.0269312
   0.0218704
   0.0165947
   0.0111557
  0.00560582
 -0.00902458
  -0.0179641
  -0.0267326
  -0.0352445
  -0.0434176
  -0.0511728
  -0.0584353
  -0.0651353
  -0.0712081
  -0.0765952
  -0.0812447
   -0.085112
  -0.0881596
  -0.0903584
  -0.0916872
  -0.0921332
   -0.091692
   -0.090368
  -0.0881739
  -0.0851307
  -0.0812681
  -0.0766229
  -0.0712398
  -0.0651702
  -0.0584725
  -0.0512108
  -0.0434551
  -0.0352798
  -0.0267637
  -0.0179884
 -0.00903841
  0.00497197
  0.00990168
   0.0147418
   0.0194458
   0.0239686
   0.0282657
   0.0322958
    0.036019
   0.0393991
   0.0424031
   0.0450014
   0.0471686
    0.048883
   0.0501276
   0.0508897
   0.0511617
   0.0509403
   0.0502276
   0.0490299
   0.0473582
   0.0452282
   0.0426599
   0.0396778
   0.0363101
   0.0325891
   0.0285504
   0.0242329
   0.0196784
    0.014931
    0.010037
  0.00504386
 -0.00586646
  -0.0116772
  -0.0173762
  -0.0229081
  -0.0282193
  -0.0332589
  -0.0379782
  -0.0423323
  -0.0462794
  -0.0497814
  -0.0528046
  -0.0553197
  -0.0573027
  -0.0587338
  -0.0595993
  -0.0598908
  -0.0596054
  -0.0587459
  -0.0573204
   -0.055343
   -0.052833
  -0.0498144
  -0.0463164
  -0.0423721
  -0.0380192
  -0.0332994
  -0.0282577
  -0.0229428
  -0.0174054
  -0.0116991
  -0.0058782
  0.00444738
  0.00885691
   0.0131866
   0.0173945
   0.0214402
   0.0252842
   0.0288893
     0.03222
   0.0352439
   0.0379314
   0.0402561
   0.0421951
   0.0437291
   0.0448429
    0.045525
   0.0457686
   0.0455707
    0.044933
    0.043861
   0.0423648
   0.0404583
   0.0381598
   0.0354911
   0.0324779
   0.0291489
   0.0255361
   0.0216741
   0.0176006
   0.0133547
   0.0089776
   0.0045118
 -0.00300549
 -0.00598323
 -0.00890435
  -0.0117406
  -0.0144644
  -0.0170495
  -0.0194705
  -0.0217044
  -0.0237297
  -0.0255267
  -0.0270781
  -0.0283689
  -0.0293867
  -0.0301215
  -0.0305664
  -0.0307169
  -0.0305717
  -0.0301319
  -0.0294018
  -0.0283884
  -0.0271015
  -0.0255536
  -0.0237596
  -0.0217366
  -0.0195038
  -0.0170827
  -0.0144964
    -0.01177
 -0.00892944
 -0.00600215
 -0.00301604
  0.00395581
  0.00787746
   0.0117277
   0.0154689
   0.0190649
   0.0224812
   0.0256844
   0.0286436
   0.0313295
   0.0337166
   0.0357814
   0.0375035
   0.0388659
   0.0398549
   0.0404604
   0.0406762
   0.0404996
   0.0399318
   0.0389778
   0.0376466
   0.0359505
   0.0339063
   0.0315335
   0.0288548
   0.0258964
   0.0226861
   0.0192551
   0.0156363
   0.0118647
  0.00797639
  0.00400905
-0.000445861
-0.000888887
 -0.00132457
 -0.00174875
 -0.00215724
 -0.00254555
 -0.00290972
 -0.00324607
 -0.00355124
 -0.00382217
 -0.00405612
 -0.00425085
 -0.00440439
 -0.00451538
 -0.00458289
 -0.00460622
 -0.00458542
  -0.0045202
 -0.00441121
 -0.00425946
 -0.00406633
 -0.00383391
 -0.00356444
 -0.00326067
 -0.00292531
 -0.00256198
 -0.00217394
 -0.00176522
 -0.00133943
-0.000900711
-0.000453106
  0.00349488
    0.006958
   0.0103555
   0.0136561
   0.0168278
   0.0198405
   0.0226649
   0.0252738
   0.0276416
   0.0297457
   0.0315653
   0.0330826
   0.0342825
   0.0351532
   0.0356855
   0.0358742
    0.035717
   0.0352152
   0.0343732
   0.0331989
   0.0317034
    0.029901
   0.0278091
   0.0254477
   0.0228394
    0.020009
   0.0169837
   0.0137925
   0.0104662
  0.00703656
  0.00353682
  0.00181151
  0.00360425
  0.00536128
  0.00706566
  0.00870115
   0.0102523
   0.0117044
   0.0130437
   0.0142572
   0.0153336
   0.0162626
   0.0170354
   0.0176447
   0.0180845
   0.0183508
   0.0184409
   0.0183538
   0.0180906
   0.0176537
   0.0170471
   0.0162766
   0.0153492
    0.014274
   0.0130607
   0.0117211
   0.0102675
  0.00871397
  0.00707522
  0.00536703
  0.00360666
  0.00181081
  0.00306266
  0.00609561
  0.00906814
   0.0119551
   0.0147282
   0.0173618
   0.0198303
   0.0221102
   0.0241792
   0.0260174
   0.0276065
   0.0289312
   0.0299783
   0.0307375
   0.0312009
   0.0313641
   0.0312252
   0.0307856
   0.0300495
   0.0290235
   0.0277173
    0.026143
    0.024316
   0.0222531
   0.0199742
   0.0175006
    0.014856
   0.0120657
  0.00915653
  0.00615655
  0.00309467
  0.00376874
  0.00750003
   0.0111583
   0.0147084
   0.0181163
   0.0213495
   0.0243768
   0.0271694
   0.0297002
   0.0319454
   0.0338833
   0.0354956
   0.0367666
   0.0376844
   0.0382403
   0.0384287
   0.0382479
   0.0376995
   0.0367889
   0.0355241
   0.0339172
   0.0319833
   0.0297412
   0.0272117
   0.0244191
   0.0213897
   0.0181525
   0.0147384
   0.0111802
  0.00751353
  0.00377301
   0.0026547
  0.00528279
  0.00785695
   0.0103563
   0.0127563
   0.0150352
   0.0171708
   0.0191429
   0.0209323
   0.0225219
   0.0238962
   0.0250419
   0.0259477
   0.0266047
   0.0270061
   0.0271481
    0.027029
   0.0266498
   0.0260143
   0.0251277
   0.0239986
   0.0226373
   0.0210569
   0.0192721
      0.0173
   0.0151589
   0.0128694
   0.0104532
  0.00793355
  0.00533475
  0.00268188
   0.0054261
    0.010799
   0.0160673
   0.0211804
   0.0260893
    0.030747
   0.0351088
   0.0391328
   0.0427802
   0.0460162
   0.0488098
   0.0511342
   0.0529671
   0.0542907
   0.0550923
   0.0553641
   0.0551037
   0.0543132
   0.0530004
   0.0511769
   0.0488603
   0.0460724
   0.0428399
   0.0391936
   0.0351685
   0.0308031
    0.026139
   0.0212214
   0.0160971
   0.0108175
  0.00543245
   0.0022734
  0.00452328
  0.00672552
  0.00886332
   0.0109154
   0.0128637
   0.0146892
   0.0163749
   0.0179044
   0.0192633
   0.0204386
   0.0214188
   0.0221945
   0.0227578
   0.0231032
    0.023227
   0.0231279
   0.0228064
   0.0222654
   0.0215093
   0.0205452
    0.019382
   0.0180308
   0.0165042
   0.0148169
   0.0129846
   0.0110247
  0.00895582
  0.00679793
  0.00457166
   0.0022986
  0.00678506
    0.013504
   0.0200926
   0.0264874
   0.0326269
   0.0384525
   0.0439084
   0.0489416
   0.0535037
   0.0575511
   0.0610451
   0.0639519
    0.066244
   0.0678985
   0.0688996
   0.0692377
   0.0689098
   0.0679186
    0.066274
   0.0639907
   0.0610908
   0.0576017
   0.0535569
   0.0489954
   0.0439608
   0.0385016
     0.03267
   0.0265225
   0.0201174
   0.0135189
  0.00678922
  0.00191605
  0.00381267
  0.00566906
  0.00747143
  0.00920181
   0.0108449
    0.012385
   0.0138074
   0.0150987
   0.0162465
   0.0172398
   0.0180688
   0.0187257
   0.0192037
   0.0194982
   0.0196059
   0.0195254
   0.0192571
   0.0188033
   0.0181678
   0.0173561
    0.016376
   0.0152365
   0.0139484
   0.0125238
   0.0109762
  0.00932015
  0.00757179
    0.005748
  0.00386601
  0.00194432
    0.007846
   0.0156162
   0.0232365
   0.0306329
   0.0377344
   0.0444726
   0.0507826
   0.0566035
   0.0618792
   0.0665591
   0.0705985
   0.0739584
   0.0766069
   0.0785176
   0.0796721
   0.0800591
    0.079675
   0.0785235
   0.0766156
   0.0739697
    0.070611
   0.0665722
   0.0618917
   0.0566152
   0.0507932
    0.044482
   0.0377419
   0.0306383
   0.0232387
   0.0156163
   0.0078431
  0.00158579
  0.00315623
  0.00469377
  0.00618735
  0.00762204
  0.00898518
   0.0102637
   0.0114454
   0.0125192
   0.0134745
    0.014302
   0.0149936
   0.0155426
   0.0159434
    0.016192
   0.0162854
   0.0162225
   0.0160033
   0.0156297
   0.0151047
   0.0144329
   0.0136206
   0.0126752
   0.0116056
   0.0104216
  0.00913476
  0.00775722
  0.00630259
  0.00478509
  0.00321881
   0.0016194
  0.00860939
    0.017136
   0.0254986
   0.0336154
   0.0414087
   0.0488026
   0.0557261
   0.0621123
   0.0678996
   0.0730323
   0.0774613
   0.0811441
   0.0840461
    0.086138
      0.0874
   0.0878197
   0.0873929
   0.0861242
   0.0840258
   0.0811184
   0.0774297
   0.0729958
   0.0678592
   0.0620701
   0.0556839
   0.0487624
   0.0413719
   0.0335838
   0.0254725
   0.0171172
  0.00859744
  0.00128387
  0.00255671
  0.00380427
  0.00501727
  0.00618357
  0.00729274
   0.0083341
  0.00929766
   0.0101742
   0.0109549
   0.0116323
   0.0121995
    0.012651
   0.0129819
   0.0131889
   0.0132693
   0.0132219
    0.013047
   0.0127459
    0.012321
   0.0117759
   0.0111159
    0.010347
  0.00947626
  0.00851185
  0.00746285
  0.00633923
  0.00515197
  0.00391264
  0.00263272
  0.00132495
  0.00907789
    0.018068
   0.0268845
   0.0354413
   0.0436566
   0.0514504
   0.0587482
   0.0654784
   0.0715763
   0.0769828
   0.0816455
   0.0855206
   0.0885709
   0.0907674
   0.0920891
   0.0925235
   0.0920665
   0.0907234
   0.0885071
   0.0854394
   0.0815497
   0.0768762
   0.0714635
   0.0653643
   0.0586371
    0.051347
   0.0435636
   0.0353622
   0.0268212
   0.0180237
  0.00905337
  0.00101192
  0.00201685
  0.00300361
  0.00396443
  0.00488965
  0.00577079
  0.00659934
  0.00736708
   0.0080666
  0.00869078
  0.00923344
  0.00968902
   0.0100531
   0.0103213
   0.0104907
   0.0105592
   0.0105257
   0.0103903
   0.0101541
  0.00981885
  0.00938747
  0.00886412
  0.00825388
  0.00756206
  0.00679521
  0.00596026
  0.00506512
  0.00411832
  0.00312903
  0.00210641
  0.00106054
  0.00924951
   0.0184088
     0.02739
   0.0361057
   0.0444724
    0.052409
   0.0598398
   0.0666916
   0.0728987
   0.0784006
   0.0831438
   0.0870842
   0.0901837
   0.0924138
   0.0937532
   0.0941897
   0.0937194
   0.0923476
   0.0900874
   0.0869613
   0.0829994
   0.0782401
   0.0727293
   0.0665203
   0.0596727
   0.0522526
   0.0443312
   0.0359848
   0.0272934
    0.018341
  0.00921336
 0.000769916
  0.00153685
  0.00229267
  0.00303039
  0.00374263
  0.00442239
  0.00506308
  0.00565793
  0.00620103
  0.00668663
  0.00710961
  0.00746583
  0.00775164
  0.00796364
   0.0080994
   0.0081573
  0.00813652
  0.00803684
  0.00785896
  0.00760406
   0.0072743
   0.0068728
  0.00640336
  0.00587007
  0.00527788
  0.00463216
  0.00393899
  0.00320477
  0.00243649
  0.00164125
 0.000826726
  0.00912953
   0.0181674
   0.0270262
   0.0356205
   0.0438678
   0.0516889
   0.0590091
   0.0657577
   0.0718699
   0.0772871
   0.0819571
   0.0858361
   0.0888869
   0.0910812
   0.0923981
   0.0928255
   0.0923596
   0.0910055
   0.0887763
   0.0856939
   0.0817882
    0.077097
   0.0716655
   0.0655462
    0.058798
    0.051486
   0.0436803
   0.0354562
   0.0268926
   0.0180719
  0.00907877
 0.000558957
  0.00111857
   0.0016735
  0.00221722
  0.00274436
  0.00324914
   0.0037266
  0.00417115
  0.00457821
  0.00494315
   0.0052618
  0.00553133
  0.00574879
  0.00591166
  0.00601796
   0.0060666
  0.00605702
  0.00598866
  0.00586192
  0.00567735
  0.00543644
  0.00514132
  0.00479467
  0.00439944
  0.00395923
  0.00347808
   0.0029605
  0.00241104
  0.00183478
  0.00123709
 0.000623525
  0.00871149
    0.017333
   0.0257806
    0.033974
    0.041834
   0.0492863
   0.0562594
   0.0626871
   0.0685078
   0.0736664
   0.0781135
   0.0818071
    0.084712
   0.0868009
   0.0880539
   0.0884596
   0.0880142
   0.0867226
   0.0845972
    0.081659
   0.0779363
   0.0734653
   0.0682889
   0.0624573
   0.0560266
   0.0490587
   0.0416207
   0.0337842
   0.0256246
   0.0172199
  0.00865133
 0.000382852
  0.00076841
  0.00115336
  0.00153249
  0.00190204
  0.00225755
  0.00259536
  0.00291131
  0.00320194
  0.00346401
  0.00369453
  0.00389114
  0.00405172
    0.004174
   0.0042564
  0.00429813
  0.00429872
  0.00425748
  0.00417449
  0.00405012
  0.00388529
   0.0036813
  0.00343996
  0.00316311
  0.00285336
  0.00251282
   0.0021446
  0.00175108
  0.00133515
 0.000901833
 0.000454171
  0.00799446
   0.0159039
   0.0236502
   0.0311624
   0.0383676
   0.0451987
   0.0515901
   0.0574814
   0.0628163
   0.0675442
   0.0716201
   0.0750053
   0.0776676
   0.0795821
   0.0807303
   0.0811019
   0.0806933
    0.079509
   0.0775603
   0.0748665
   0.0714534
   0.0673542
   0.0626085
    0.057262
   0.0513664
   0.0449782
   0.0381591
   0.0309746
   0.0234939
   0.0157884
  0.00793255
 0.000239244
 0.000482674
 0.000728643
 0.000972949
   0.0012132
  0.00144607
  0.00166904
   0.0018792
  0.00207409
  0.00225173
  0.00241018
   0.0025474
  0.00266191
  0.00275163
  0.00281519
  0.00285207
  0.00286182
  0.00284361
  0.00279726
  0.00272304
  0.00262141
  0.00249295
   0.0023387
  0.00215955
  0.00195724
  0.00173207
   0.0014859
  0.00121917
 0.000932834
 0.000632014
 0.000317652
  0.00698329
   0.0138897
   0.0206499
   0.0272048
   0.0334909
   0.0394503
   0.0450259
   0.0501652
   0.0548191
   0.0589437
   0.0624995
   0.0654529
   0.0677757
   0.0694461
   0.0704481
   0.0707725
   0.0704162
    0.069383
   0.0676829
   0.0653324
   0.0623544
   0.0587774
   0.0546363
   0.0499708
   0.0448261
   0.0392514
   0.0333008
    0.027031
   0.0205031
   0.0137787
  0.00692328
 0.000128097
 0.000261528
 0.000399949
 0.000539907
 0.000680139
   0.0008183
 0.000952893
  0.00108172
  0.00120311
   0.0013159
  0.00141884
  0.00151033
  0.00158924
  0.00165417
  0.00170412
  0.00173849
  0.00175682
  0.00175835
  0.00174294
  0.00170991
  0.00165942
  0.00159064
  0.00150352
  0.00139868
  0.00127654
  0.00113731
 0.000981543
 0.000809734
 0.000622023
 0.000422732
 0.000211929
  0.00567523
   0.0112864
   0.0167765
   0.0220994
   0.0272035
   0.0320423
   0.0365696
   0.0407428
   0.0445222
   0.0478719
   0.0507599
    0.053159
   0.0550461
   0.0564035
   0.0572182
   0.0574826
   0.0571943
   0.0563563
   0.0549766
   0.0530686
   0.0506507
   0.0477463
   0.0443834
   0.0405943
   0.0364156
   0.0318873
   0.0270534
   0.0219601
    0.016657
   0.0111942
  0.00562496
 4.92925e-05
 0.000104756
 0.000167052
 0.000233179
  0.00030273
 0.000374067
 0.000446475
 0.000518179
  0.00058806
 0.000655538
 0.000719874
 0.000779751
 0.000834288
 0.000882705
 0.000924294
 0.000958345
 0.000984353
  0.00100159
  0.00100993
   0.0010077
 0.000994741
  0.00096885
 0.000929021
 0.000875832
  0.00080869
 0.000728118
   0.0006338
 0.000526751
 0.000406674
 0.000277365
 0.000138246
  0.00407565
  0.00810345
   0.0120417
   0.0158599
   0.0195207
   0.0229916
   0.0262392
   0.0292333
   0.0319451
   0.0343489
   0.0364217
   0.0381439
   0.0394988
   0.0404737
   0.0410592
   0.0412499
    0.041044
   0.0404436
   0.0394545
   0.0380862
   0.0363518
   0.0342681
   0.0318554
   0.0291365
   0.0261376
   0.0228877
   0.0194182
   0.0157625
   0.0119561
  0.00803507
  0.00403792
 9.18727e-06
 2.31634e-05
 4.25671e-05
 6.62664e-05
 9.41681e-05
 0.000125557
 0.000160047
  0.00019669
 0.000234795
 0.000273941
 0.000313556
 0.000352779
 0.000390902
  0.00042728
 0.000461225
 0.000492047
 0.000519076
 0.000541536
 0.000558859
 0.000569701
 0.000573438
 0.000568439
 0.000553768
 0.000529377
  0.00049476
  0.00045008
 0.000395226
 0.000330846
 0.000257112
 0.000176286
 8.86042e-05
   0.0021781
  0.00433152
   0.0064383
  0.00848154
   0.0104412
   0.0122998
   0.0140394
   0.0156435
   0.0170968
   0.0183854
   0.0194969
   0.0204208
   0.0211481
   0.0216718
    0.021987
   0.0220906
   0.0219818
   0.0216615
   0.0211329
    0.020401
   0.0194729
   0.0183575
   0.0170657
   0.0156096
   0.0140035
   0.0122627
   0.0104041
  0.00844552
  0.00640612
  0.00430523
   0.0021635
  4.2584e-07
 8.47002e-07
 1.11681e-06
 1.37439e-06
 1.56666e-06
 1.74282e-06
 1.87784e-06
 1.99588e-06
 2.07927e-06
 2.14637e-06
 2.17131e-06
 2.18098e-06
 2.15166e-06
 2.10825e-06
 2.02388e-06
 1.92724e-06
 1.78714e-06
 1.63773e-06
 1.44772e-06
 1.25267e-06
 1.04494e-06
 8.37285e-07
 6.49432e-07
 4.66688e-07
 3.08539e-07
 1.59162e-07
 5.67331e-08
-3.58376e-08
-5.19893e-08
 -6.0411e-08
-3.16647e-08
-4.74364e-07
-9.48729e-07
-8.15601e-07
-6.82473e-07
-6.00839e-07
-5.19206e-07
-4.60224e-07
-4.01243e-07
-3.42789e-07
-2.84335e-07
-2.25391e-07
-1.66446e-07
 -1.0718e-07
-4.79138e-08
 6.42262e-09
 6.07591e-08
 1.02243e-07
 1.43728e-07
 1.72178e-07
 2.00628e-07
 2.17294e-07
 2.33959e-07
 2.33177e-07
 2.32394e-07
 2.32062e-07
  2.3173e-07
 2.14094e-07
 1.96458e-07
 1.15831e-07
 3.52038e-08
 1.76019e-08
