0.0980201
0.095622
0.0932529
0.09091030000000001
0.08859460000000001
0.0863063
0.0840457
0.0818124
0.0796071
0.0774303
0.0752819
0.07316189999999999
0.07107100000000001
0.0690091
0.0669763
0.0649732
0.063
0.06105650000000001
0.0591429
0.0572597
0.055406899999999995
0.0535845
0.051792599999999994
0.05003130000000001
0.048300199999999995
0.0465985
0.0449263
0.043282999999999995
0.0416689
0.0400839
0.0385287
0.037005
0.035512300000000004
0.0340523
0.0326229
0.0312218
0.0298498
0.028503800000000003
0.027185700000000004
0.0258948
0.024633000000000002
0.0234019
0.0222019
0.0210364
0.019902700000000002
0.0187999
0.0177282
0.0166866
0.0156765
0.0146974
0.013751300000000001
0.0128404
0.0119647
0.011127
0.0103234
0.00954911
0.00880536
0.00809213
0.00740882
0.00675384
0.00612877
0.00553523
0.00497356
0.00444869
0.00395682
0.00349542
0.00306273
0.00265468
0.00227331
0.00191621
0.00158621
0.00128465
0.00101304
0.000771425
0.000560823
0.00038472800000000003
0.000241107
0.000129937
5.1106499999999996e-05
1.04482e-05
2.4505e-07
