0.0980201
0.095622
0.0932529
0.09091030000000001
0.08859460000000001
0.0863063
0.0840457
0.0818123
0.07960700000000001
0.0774302
0.07528170000000001
0.0731618
0.0710708
0.06900880000000001
0.066976
0.0649729
0.0629996
0.0610561
0.059142499999999994
0.057259300000000006
0.055406500000000004
0.0535841
0.051792099999999994
0.050031
0.0482999
0.0465982
0.044926
0.0432826
0.0416684
0.0400833
0.0385279
0.0370041
0.0355112
0.03405130000000001
0.0326221
0.0312211
0.029849200000000003
0.028502999999999997
0.0271847
0.0258935
0.0246313
0.0233998
0.022199400000000005
0.0210338
0.0199002
0.018797400000000002
0.0177257
0.0166842
0.015674
0.014694899999999999
0.013748699999999999
0.0128377
0.011962100000000002
0.0111249
0.0103219
0.00954771
0.0088041
0.00809105
0.00740787
0.00675274
0.0061275
0.0055338
0.00497197
0.00444738
0.00395581
0.00349488
0.00306266
0.0026547
0.0022734
0.00191605
0.00158579
0.00128387
0.00101192
0.000769916
0.000558957
0.000382852
0.000239244
0.000128097
4.92925e-05
9.18727e-06
4.2583999999999995e-07
