0.0980201
0.095622
0.0932529
0.09091030000000001
0.08859460000000001
0.0863063
0.0840457
0.0818123
0.07960700000000001
0.0774302
0.07528170000000001
0.0731618
0.0710708
0.0690089
0.066976
0.0649729
0.06299969999999999
0.0610562
0.059142499999999994
0.057259199999999996
0.055406399999999995
0.05358400000000001
0.051792099999999994
0.0500307
0.0482996
0.0465978
0.0449255
0.0432821
0.041668000000000004
0.040083
0.0385277
0.037004
0.0355111
0.0340506
0.0326208
0.0312194
0.0298471
0.028501099999999998
0.0271829
0.025892000000000002
0.0246302
0.0233991
0.022199299999999998
0.0210335
0.019899700000000003
0.0187968
0.017724900000000002
0.0166834
0.015673199999999998
0.014694299999999999
0.013748400000000001
0.0128377
0.011962299999999999
0.0111246
0.010320999999999999
0.00954689
0.00880335
0.00809016
0.00740684
0.00675205
0.00612714
0.00553374
0.0049722
0.00444723
0.00395527
0.00349354
0.00306052
0.00265238
0.0022709
0.00191391
0.001584
0.00128263
0.00101123
0.000769979
0.000559771
0.000383844
0.00024041400000000002
0.000129405
5.0739300000000004e-05
9.776900000000001e-06
1.58335e-07
