-0.773238
-0.75169
-0.730441
-0.709489
-0.6888350000000001
-0.6684770000000001
-0.648416
-0.62865
-0.609179
-0.5900029999999999
-0.571121
-0.552529
-0.534227
-0.516217
-0.498504
-0.481091
-0.46398
-0.447172
-0.430667
-0.414463
-0.39856199999999997
-0.382948
-0.367652
-0.352666
-0.337993
-0.323656
-0.309618
-0.29589699999999997
-0.282462
-0.269325
-0.25647
-0.24386799999999997
-0.23157600000000003
-0.21959299999999998
-0.207923
-0.196579
-0.18554500000000002
-0.174819
-0.164406
-0.154302
-0.144509
-0.135029
-0.125851
-0.11696300000000001
-0.10839000000000001
-0.10011
-0.0921555
-0.0845521
-0.077247
-0.0702465
-0.0635357
-0.0571102
-0.0509801
-0.045155
-0.0396163
-0.0343584
-0.029394200000000002
-0.0247028
-0.020325299999999998
-0.016254599999999998
-0.012493700000000002
-0.00906507
-0.00593231
-0.00309263
-0.0005463719999999999
0.00169916
0.00365998
0.00533262
0.0067153000000000004
0.00783374
0.00864243
0.00914388
0.00934074
0.00924322
0.00883997
0.00812116
0.00710497
0.00578164
0.00415771
0.00220682
-3.07226e-06
