-0.773237
-0.751689
-0.73044
-0.709489
-0.6888350000000001
-0.6684770000000001
-0.648417
-0.6286510000000001
-0.6091810000000001
-0.590005
-0.5711229999999999
-0.552531
-0.534229
-0.516219
-0.49850600000000006
-0.48109300000000005
-0.46398199999999995
-0.44717299999999993
-0.43066800000000005
-0.41446400000000005
-0.398563
-0.38295
-0.367654
-0.35267
-0.337998
-0.32366100000000003
-0.309623
-0.295901
-0.282465
-0.269327
-0.256471
-0.24386799999999997
-0.23157600000000003
-0.21959299999999998
-0.20792399999999997
-0.196579
-0.18554400000000001
-0.174818
-0.164404
-0.154301
-0.144507
-0.135026
-0.12584800000000002
-0.116959
-0.108386
-0.100108
-0.0921543
-0.08455080000000001
-0.0772457
-0.0702452
-0.0635342
-0.0571086
-0.0509785
-0.0451527
-0.0396134
-0.0343551
-0.0293904
-0.024699400000000003
-0.0203224
-0.016252700000000002
-0.0124927
-0.00906388
-0.00593088
-0.00309103
-0.000544644
0.00170134
0.00366268
0.00533596
0.0067194
0.00783728
0.00864541
0.00914641
0.00934277
0.00924414
0.00883971
0.00812025
0.00710338
0.00577969
0.00415538
0.00220579
-2.74149e-06
