-0.773238
-0.751689
-0.73044
-0.709489
-0.6888350000000001
-0.6684770000000001
-0.648416
-0.6286510000000001
-0.60918
-0.590005
-0.5711229999999999
-0.552531
-0.534229
-0.516219
-0.49850600000000006
-0.48109300000000005
-0.46398199999999995
-0.44717299999999993
-0.43066800000000005
-0.414465
-0.398564
-0.382949
-0.367652
-0.352665
-0.33799
-0.323652
-0.309614
-0.295894
-0.28246
-0.269325
-0.256472
-0.243869
-0.231577
-0.21959299999999998
-0.207923
-0.196579
-0.18554400000000001
-0.174818
-0.164404
-0.154301
-0.144507
-0.135028
-0.12585
-0.116961
-0.10838800000000001
-0.100107
-0.09215069999999999
-0.0845475
-0.0772428
-0.0702432
-0.0635332
-0.057108500000000006
-0.050979199999999995
-0.0451551
-0.039617599999999996
-0.034360400000000006
-0.0293969
-0.024704900000000002
-0.020326900000000002
-0.0162551
-0.0124931
-0.00906494
-0.00593264
-0.00309311
-0.00054706
0.00169759
0.0036576
0.00532918
0.00671093
0.00783013
0.00863959
0.00914195
0.00933968
0.00924364
0.00884181
0.00812363
0.00710804
0.00578478
0.00416091
0.00220819
-3.47033e-06
