   0.0980201
     0.19509
     0.29028
     0.38268
      0.4714
    0.555571
    0.634391
    0.707111
    0.773011
    0.831471
    0.881921
    0.923881
    0.956941
    0.980791
    0.995181
           1
    0.995181
    0.980791
    0.956941
    0.923881
    0.881921
    0.831471
    0.773011
    0.707111
    0.634391
    0.555571
      0.4714
     0.38268
     0.29028
     0.19509
   0.0980199
   -0.773238
    -1.53904
    -2.29002
    -3.01895
    -3.71882
    -4.38287
    -5.00472
    -5.57837
     -6.0983
     -6.5595
    -6.95753
    -7.28856
    -7.54939
    -7.73752
    -7.85113
    -7.88913
    -7.85116
    -7.73757
    -7.54946
    -7.28864
    -6.95763
    -6.55961
    -6.09843
    -5.57851
    -5.00486
    -4.38301
    -3.71895
    -3.01907
    -2.29012
    -1.53911
   -0.773279
   0.0956247
    0.190328
    0.283199
    0.373343
    0.459892
    0.542011
    0.618911
     0.68985
    0.754146
    0.811179
    0.860399
    0.901334
    0.933588
    0.956852
      0.9709
    0.975597
      0.9709
    0.956852
    0.933589
    0.901335
      0.8604
     0.81118
    0.754147
    0.689852
    0.618912
    0.542013
    0.459894
    0.373345
    0.283201
     0.19033
   0.0956254
    -0.75169
    -1.49615
     -2.2262
    -2.93481
    -3.61516
     -4.2607
    -4.86521
    -5.42286
    -5.92829
    -6.37663
    -6.76356
    -7.08535
     -7.3389
    -7.52178
    -7.63222
    -7.66915
    -7.63222
    -7.52179
    -7.33892
    -7.08537
    -6.76359
    -6.37666
    -5.92833
    -5.42291
    -4.86525
    -4.26075
    -3.61521
    -2.93486
    -2.22623
    -1.49617
   -0.751706
   0.0932584
    0.185619
    0.276192
    0.364105
    0.448512
    0.528599
    0.603596
     0.67278
    0.735485
    0.791107
     0.83911
    0.879032
    0.910488
    0.933176
    0.946876
    0.951458
    0.946877
    0.933176
    0.910489
    0.879033
    0.839111
    0.791109
    0.735487
    0.672783
    0.603598
    0.528602
    0.448514
    0.364107
    0.276194
     0.18562
   0.0932594
   -0.730441
    -1.45385
    -2.16326
    -2.85184
    -3.51295
    -4.14023
    -4.72763
    -5.26951
    -5.76064
     -6.1963
    -6.57228
    -6.88496
    -7.13134
    -7.30903
    -7.41634
    -7.45222
    -7.41633
    -7.30902
    -7.13131
    -6.88493
    -6.57224
    -6.19626
    -5.76061
    -5.26947
    -4.72759
    -4.14019
    -3.51291
     -2.8518
    -2.16323
    -1.45383
   -0.730432
   0.0909187
    0.180962
    0.269263
     0.35497
    0.437259
    0.515337
    0.588453
    0.655901
    0.717033
     0.77126
    0.818058
    0.856979
    0.887646
    0.909764
    0.923121
    0.927588
    0.923121
    0.909765
    0.887646
    0.856979
    0.818059
    0.771261
    0.717035
    0.655903
    0.588455
     0.51534
    0.437262
    0.354973
    0.269265
    0.180964
   0.0909198
   -0.709489
    -1.41215
     -2.1012
    -2.77002
    -3.41216
    -4.02144
    -4.59199
    -5.11831
    -5.59535
    -6.01849
    -6.38368
    -6.68738
    -6.92668
    -7.09927
    -7.20349
    -7.23833
    -7.20346
    -7.09923
    -6.92662
     -6.6873
    -6.38358
    -6.01839
    -5.59523
     -5.1182
    -4.59187
    -4.02132
    -3.41204
    -2.76991
    -2.10111
    -1.41208
   -0.709456
   0.0886052
    0.176357
    0.262412
    0.345938
    0.426134
    0.502227
    0.573482
    0.639214
    0.698791
    0.751637
    0.797245
    0.835175
    0.865062
    0.886618
    0.899636
    0.903989
    0.899636
     0.88662
    0.865064
    0.835177
    0.797247
    0.751639
    0.698792
    0.639216
    0.573483
    0.502228
    0.426136
    0.345941
    0.262415
     0.17636
   0.0886068
   -0.688835
    -1.37103
    -2.04002
    -2.68937
    -3.31281
    -3.90434
    -4.45828
    -4.96927
     -5.4324
    -5.84321
    -6.19776
    -6.49261
    -6.72493
    -6.89248
    -6.99366
    -7.02748
    -6.99362
    -6.89241
    -6.72482
    -6.49247
    -6.19759
    -5.84303
     -5.4322
    -4.96905
    -4.45806
    -3.90413
     -3.3126
    -2.68918
    -2.03987
    -1.37092
   -0.688775
   0.0863188
    0.171807
     0.25564
    0.337012
    0.415138
    0.489267
    0.558684
     0.62272
    0.680759
    0.732242
    0.776673
    0.813625
     0.84274
     0.86374
    0.876421
    0.880662
    0.876421
     0.86374
    0.842741
    0.813625
    0.776675
    0.732244
    0.680762
    0.622724
     0.55869
    0.489274
    0.415146
     0.33702
    0.255648
    0.171813
   0.0863219
   -0.668477
    -1.33051
    -1.97973
    -2.60988
    -3.21489
    -3.78893
    -4.32648
    -4.82237
     -5.2718
    -5.67046
    -6.01452
    -6.30064
    -6.52608
    -6.68867
    -6.78685
    -6.81967
     -6.7868
    -6.68857
    -6.52593
    -6.30044
    -6.01427
    -5.67018
    -5.27149
    -4.82204
    -4.32615
    -3.78861
    -3.21458
    -2.60961
    -1.97951
    -1.33035
    -0.66839
   0.0840597
     0.16731
     0.24895
    0.328192
    0.404274
    0.476462
    0.544062
    0.606422
    0.662942
    0.713078
    0.756346
     0.79233
    0.820684
    0.841134
    0.853483
    0.857612
    0.853482
    0.841133
    0.820684
    0.792332
    0.756349
    0.713082
    0.662948
     0.60643
    0.544073
    0.476476
    0.404289
    0.328207
    0.248964
    0.167321
   0.0840648
   -0.648416
    -1.29058
    -1.92031
    -2.53155
    -3.11839
     -3.6752
    -4.19661
     -4.6776
    -5.11354
    -5.50022
    -5.83394
    -6.11146
    -6.33012
    -6.48783
    -6.58305
    -6.61486
    -6.58296
    -6.48767
     -6.3299
    -6.11117
    -5.83359
    -5.49983
    -5.11311
    -4.67716
    -4.19616
    -3.67477
    -3.11799
    -2.53119
    -1.92002
    -1.29037
   -0.648302
    0.081828
    0.162868
    0.242341
    0.319479
    0.393541
    0.463812
    0.529617
    0.590322
    0.645342
    0.694146
    0.736266
    0.771294
    0.798895
    0.818803
    0.830825
    0.834846
    0.830827
    0.818807
    0.798902
    0.771304
    0.736278
    0.694161
    0.645361
    0.590344
    0.529643
     0.46384
     0.39357
    0.319507
    0.242366
    0.162887
   0.0818364
    -0.62865
    -1.25124
    -1.86177
    -2.45437
    -3.02332
    -3.56315
    -4.06865
    -4.53497
     -4.9576
    -5.33249
    -5.65601
    -5.92506
    -6.13704
    -6.28992
    -6.38222
    -6.41304
    -6.38211
    -6.28972
    -6.13676
    -5.92469
    -5.65556
    -5.33199
    -4.95707
     -4.5344
    -4.06809
     -3.5626
    -3.02281
    -2.45392
     -1.8614
    -1.25098
   -0.628509
   0.0796234
    0.158481
    0.235812
    0.310872
    0.382938
    0.451317
     0.51535
    0.574418
    0.627955
    0.675446
    0.716431
    0.750517
    0.777376
    0.796748
    0.808448
    0.812363
    0.808455
    0.796761
    0.777394
    0.750542
    0.716462
    0.675481
    0.627997
    0.574464
    0.515398
    0.451368
    0.382989
    0.310919
    0.235852
     0.15851
   0.0796369
   -0.609179
    -1.21248
     -1.8041
    -2.37833
    -2.92966
    -3.45275
    -3.94259
    -4.39445
    -4.80398
    -5.16724
    -5.48074
    -5.74144
    -5.94683
    -6.09495
    -6.18437
    -6.21424
    -6.18425
    -6.09472
    -5.94648
    -5.74098
    -5.48019
    -5.16664
    -4.80333
    -4.39378
    -3.94191
     -3.4521
    -2.92905
     -2.3778
    -1.80366
    -1.21217
    -0.60901
   0.0774462
    0.154147
    0.229364
    0.302372
    0.372469
    0.438979
    0.501262
    0.558718
    0.610793
    0.656987
    0.696854
    0.730011
    0.756137
    0.774983
    0.786365
    0.790176
    0.786376
    0.775004
    0.756169
    0.730052
    0.696905
    0.657046
     0.61086
     0.55879
    0.501337
    0.439055
    0.372542
    0.302439
     0.22942
    0.154187
   0.0774647
   -0.590003
    -1.17431
    -1.74731
    -2.30346
    -2.83741
    -3.34403
    -3.81843
    -4.25605
    -4.65268
    -5.00449
    -5.30809
    -5.56056
    -5.75948
    -5.90292
    -5.98951
    -6.01843
    -5.98938
    -5.90265
    -5.75908
    -5.56004
    -5.30747
    -5.00379
    -4.65193
    -4.25528
    -3.81765
    -3.34327
     -2.8367
    -2.30283
    -1.74679
    -1.17395
   -0.589808
   0.0752962
    0.149868
    0.222998
     0.29398
    0.362133
    0.426799
    0.487356
     0.54322
    0.593854
    0.638769
    0.677534
    0.709774
    0.735179
    0.753505
    0.764575
    0.768282
    0.764591
    0.753537
    0.735226
    0.709836
    0.677609
    0.638856
    0.593951
    0.543324
    0.487463
    0.426905
    0.362233
     0.29407
    0.223072
     0.14992
   0.0753209
   -0.571121
    -1.13673
    -1.69137
    -2.22971
    -2.74657
    -3.23696
    -3.69617
    -4.11976
    -4.50368
    -4.84421
    -5.13807
    -5.38245
    -5.57499
    -5.71383
    -5.79764
    -5.82561
    -5.79748
    -5.71352
    -5.57454
    -5.38188
    -5.13739
    -4.84343
    -4.50284
     -4.1189
    -3.69529
    -3.23611
    -2.74578
    -2.22902
     -1.6908
    -1.13632
     -0.5709
   0.0731768
     0.14565
    0.216722
    0.285707
    0.351942
     0.41479
    0.473645
    0.527939
     0.57715
    0.620803
    0.658479
    0.689814
    0.714507
    0.732319
    0.743078
    0.746683
    0.743097
    0.732354
     0.71456
    0.689883
    0.658562
    0.620899
    0.577255
    0.528051
     0.47376
    0.414904
    0.352049
    0.285802
    0.216798
    0.145704
   0.0732032
   -0.552529
    -1.09972
     -1.6363
    -2.15711
    -2.65713
    -3.13154
    -3.57579
    -3.98558
    -4.35698
    -4.68641
     -4.9707
     -5.2071
    -5.39335
    -5.52767
    -5.60874
     -5.6358
    -5.60857
    -5.52734
    -5.39288
    -5.20648
    -4.96996
    -4.68558
    -4.35609
    -3.98464
    -3.57484
    -3.13063
    -2.65628
    -2.15636
    -1.63569
    -1.09927
   -0.552289
    0.071087
    0.141491
    0.210534
     0.27755
    0.341894
    0.402948
    0.460125
    0.512871
    0.560678
    0.603088
     0.63969
    0.670132
     0.69412
    0.711425
    0.721878
     0.72538
    0.721896
     0.71146
    0.694172
    0.670199
     0.63977
     0.60318
     0.56078
    0.512979
    0.460235
    0.403057
    0.341996
    0.277639
    0.210605
    0.141541
   0.0711123
   -0.534227
    -1.06329
    -1.58209
    -2.08564
    -2.56909
    -3.02779
     -3.4573
    -3.85351
     -4.2126
    -4.53111
    -4.80596
    -5.03452
     -5.2146
    -5.34445
    -5.42283
    -5.44899
    -5.42266
    -5.34411
     -5.2141
    -5.03388
    -4.80519
    -4.53023
    -4.21166
    -3.85253
    -3.45631
    -3.02682
     -2.5682
    -2.08485
    -1.58145
    -1.06282
   -0.533975
   0.0690296
    0.137396
    0.204439
    0.269515
    0.331996
    0.391282
    0.446801
    0.498018
     0.54444
    0.585619
    0.621159
    0.650718
     0.67401
    0.690811
     0.70096
    0.704358
    0.700972
    0.690837
    0.674047
    0.650766
    0.621217
    0.585685
    0.544512
    0.498095
     0.44688
     0.39136
    0.332069
    0.269579
     0.20449
    0.137431
   0.0690482
   -0.516217
    -1.02744
    -1.52875
    -2.01533
    -2.48248
     -2.9257
    -3.34074
    -3.72358
    -4.07056
    -4.37832
     -4.6439
    -4.86475
    -5.03875
    -5.16422
    -5.23995
    -5.26521
    -5.23977
    -5.16386
    -5.03823
    -4.86408
     -4.6431
    -4.37741
    -4.06958
    -3.72256
     -3.3397
     -2.9247
    -2.48154
     -2.0145
    -1.52808
    -1.02695
   -0.515955
   0.0670033
    0.133362
    0.198436
      0.2616
    0.322245
    0.379787
    0.433672
     0.48338
    0.528434
    0.568399
     0.60289
    0.631575
    0.654179
    0.670482
    0.680327
    0.683622
    0.680332
     0.67049
    0.654191
    0.631592
     0.60291
    0.568422
    0.528458
    0.483406
    0.433699
    0.379814
    0.322272
    0.261624
    0.198455
    0.133375
   0.0670109
   -0.498504
   -0.992188
     -1.4763
    -1.94618
    -2.39729
    -2.82531
     -3.2261
     -3.5958
    -3.93086
    -4.22806
    -4.48452
    -4.69779
    -4.86581
    -4.98696
    -5.06009
    -5.08448
     -5.0599
     -4.9866
    -4.86527
     -4.6971
    -4.48369
    -4.22712
    -3.92984
    -3.59473
    -3.22502
    -2.82426
    -2.39632
    -1.94531
    -1.47559
   -0.991678
   -0.498234
   0.0650043
    0.129382
    0.192513
    0.253789
    0.312622
    0.368442
    0.420714
    0.468934
    0.512637
    0.551404
     0.58486
    0.612684
    0.634606
    0.650418
    0.659965
    0.663156
    0.659962
    0.650412
    0.634598
    0.612674
     0.58485
    0.551394
    0.512627
    0.468923
    0.420704
    0.368433
    0.312615
    0.253785
     0.19251
     0.12938
   0.0650038
   -0.481091
   -0.957531
    -1.42473
     -1.8782
    -2.31356
    -2.72661
     -3.1134
    -3.47019
    -3.79354
    -4.08035
    -4.32785
    -4.53366
    -4.69581
    -4.81272
    -4.88328
    -4.90681
    -4.88308
    -4.81232
    -4.69523
    -4.53292
    -4.32697
    -4.07935
    -3.79246
    -3.46906
    -3.11226
    -2.72551
    -2.31253
    -1.87729
    -1.42399
   -0.957001
   -0.480813
   0.0630335
    0.125458
    0.186673
    0.246088
    0.303132
    0.357255
    0.407937
    0.454688
     0.49706
    0.534644
    0.567078
    0.594051
    0.615303
    0.630628
    0.639881
    0.642972
    0.639871
    0.630609
    0.615276
    0.594018
    0.567041
    0.534604
    0.497018
    0.454646
    0.407894
    0.357216
    0.303098
     0.24606
    0.186652
    0.125444
    0.063026
    -0.46398
   -0.923474
    -1.37406
    -1.81139
    -2.23126
    -2.62963
    -3.00266
    -3.34675
     -3.6586
     -3.9352
     -4.1739
    -4.37238
    -4.52874
    -4.64149
    -4.70953
    -4.73221
    -4.70932
    -4.64107
    -4.52813
    -4.37159
    -4.17296
    -3.93415
    -3.65747
    -3.34557
    -3.00147
    -2.62848
     -2.2302
    -1.81046
     -1.3733
   -0.922933
   -0.463699
   0.0610864
    0.121583
    0.180905
    0.238484
    0.293763
    0.346212
    0.395324
    0.440629
    0.481688
    0.518108
    0.549538
    0.575675
    0.596268
     0.61112
    0.620087
    0.623084
    0.620081
    0.611107
    0.596249
    0.575651
     0.54951
    0.518076
    0.481654
    0.440592
    0.395287
    0.346176
    0.293731
    0.238455
    0.180882
    0.121566
   0.0610778
   -0.447172
   -0.890021
    -1.32428
    -1.74578
    -2.15044
    -2.53437
    -2.89389
    -3.22551
    -3.52606
    -3.79264
    -4.02267
    -4.21395
    -4.36464
    -4.47329
    -4.53884
    -4.56069
    -4.53861
    -4.47284
    -4.36399
    -4.21312
    -4.02168
    -3.79153
    -3.52487
    -3.22428
    -2.89266
    -2.53319
    -2.14935
    -1.74482
    -1.32352
   -0.889484
     -0.4469
   0.0591665
    0.117761
    0.175218
    0.230986
    0.284526
    0.335324
    0.382891
     0.42677
    0.466537
    0.501811
    0.532252
    0.557569
    0.577517
    0.591905
    0.600594
    0.603501
    0.600597
     0.59191
    0.577524
    0.557576
     0.53226
    0.501817
     0.46654
    0.426769
    0.382887
    0.335316
    0.284516
    0.230974
    0.175207
    0.117751
   0.0591608
   -0.430667
   -0.857171
    -1.27541
    -1.68134
    -2.07107
    -2.44084
    -2.78708
    -3.10648
    -3.39593
    -3.65268
    -3.87422
    -4.05845
    -4.20358
    -4.30822
    -4.37136
    -4.39241
    -4.37117
    -4.30783
    -4.20301
    -4.05772
    -3.87335
     -3.6517
    -3.39489
    -3.10539
      -2.786
     -2.4398
    -2.07011
    -1.68051
    -1.27474
   -0.856708
   -0.430438
    0.057283
    0.114007
    0.169622
    0.223602
    0.275426
    0.324598
    0.370646
    0.413125
    0.451628
    0.485781
    0.515256
    0.539769
    0.559084
    0.573017
    0.581432
     0.58425
    0.581443
    0.573036
    0.559111
    0.539802
    0.515293
    0.485821
    0.451669
    0.413166
    0.370683
    0.324629
    0.275447
    0.223612
    0.169622
    0.113998
    0.057275
   -0.414463
    -0.82492
    -1.22742
    -1.61808
    -1.99315
      -2.349
    -2.68222
     -2.9896
    -3.26818
    -3.51527
    -3.72852
    -3.90584
    -4.04556
     -4.1463
    -4.20712
    -4.22742
    -4.20701
    -4.14609
    -4.04524
    -3.90544
    -3.72803
    -3.51472
    -3.26757
    -2.98896
    -2.68157
    -2.34836
    -1.99254
    -1.61755
    -1.22699
   -0.824618
   -0.414314
   0.0554321
    0.110316
     0.16412
    0.216342
    0.266478
    0.314052
    0.358607
    0.399713
    0.436976
     0.47003
    0.498556
    0.522282
    0.540976
    0.554461
    0.562608
    0.565336
    0.562621
    0.554487
    0.541013
    0.522328
    0.498613
    0.470094
    0.437048
    0.399791
    0.358682
    0.314118
    0.266528
    0.216371
    0.164129
    0.110306
   0.0554202
   -0.398562
   -0.793274
    -1.18033
    -1.55602
     -1.9167
    -2.25892
    -2.57938
    -2.87498
    -3.14289
    -3.38054
    -3.58564
    -3.75621
    -3.89061
    -3.98755
    -4.04607
    -4.06564
    -4.04605
    -3.98749
    -3.89054
    -3.75612
    -3.58552
    -3.38039
    -3.14271
    -2.87476
    -2.57913
    -2.25867
    -1.91646
    -1.55579
    -1.18014
   -0.793138
   -0.398495
   0.0535977
    0.106672
    0.158711
    0.209219
     0.25771
    0.303723
    0.346814
    0.386569
    0.422606
    0.454573
    0.482163
     0.50511
    0.523192
    0.536236
    0.544116
    0.546756
     0.54413
    0.536264
    0.523233
    0.505161
    0.482225
    0.454643
    0.422682
    0.386648
     0.34689
    0.303791
    0.257765
    0.209255
    0.158731
    0.106678
   0.0535972
   -0.382948
   -0.762204
    -1.13412
    -1.49511
     -1.8417
    -2.17057
    -2.47852
    -2.76262
    -3.02011
    -3.24852
    -3.44565
     -3.6096
    -3.73878
    -3.83197
    -3.88825
    -3.90708
    -3.88828
    -3.83204
    -3.73889
    -3.60973
     -3.4458
    -3.24868
    -3.02028
    -2.76278
    -2.47868
    -2.17071
    -1.84183
    -1.49521
    -1.13419
   -0.762256
   -0.382975
   0.0517974
    0.103097
    0.153406
    0.202236
    0.249116
    0.293598
    0.335254
    0.373682
    0.408513
    0.439411
    0.466078
    0.488258
    0.505736
    0.518344
     0.52596
    0.528511
    0.525972
    0.518367
    0.505769
    0.488299
    0.466127
    0.439465
    0.408569
    0.373737
    0.335306
    0.293644
    0.249154
    0.202265
    0.153428
    0.103113
   0.0518062
   -0.367652
   -0.731766
    -1.08884
    -1.43544
    -1.76823
    -2.08401
    -2.37972
    -2.65252
    -2.89978
    -3.11913
    -3.30844
    -3.46588
    -3.58996
    -3.67945
    -3.73351
    -3.75161
    -3.73358
    -3.67958
    -3.59015
    -3.46614
    -3.30874
    -3.11948
    -2.90017
    -2.65292
    -2.38012
    -2.08439
    -1.76859
    -1.43576
     -1.0891
   -0.731942
   -0.367741
   0.0500477
   0.0996132
     0.14822
    0.195398
    0.240693
     0.28367
    0.323915
    0.361041
    0.394691
    0.424541
    0.450303
    0.471729
    0.488612
    0.500791
    0.508146
    0.510608
    0.508153
    0.500803
    0.488631
    0.471753
    0.450332
    0.424575
    0.394729
    0.361083
    0.323961
    0.283719
    0.240745
    0.195448
    0.148262
   0.0996432
   0.0500589
   -0.352666
   -0.701958
    -1.04452
    -1.37703
    -1.69631
    -1.99927
    -2.28298
    -2.54471
    -2.78195
    -2.99239
    -3.17402
    -3.32508
    -3.44412
    -3.52999
    -3.58185
    -3.59922
    -3.58192
    -3.53012
    -3.44432
    -3.32534
    -3.17433
    -2.99274
    -2.78233
    -2.54512
     -2.2834
    -1.99968
     -1.6967
    -1.37739
    -1.04481
   -0.702175
   -0.352783
   0.0483346
   0.0962007
    0.143138
    0.188695
    0.232434
    0.273934
    0.312795
    0.348643
    0.381134
    0.409955
    0.434828
    0.455514
    0.471813
    0.483569
    0.490668
    0.493042
    0.490669
    0.483571
    0.471818
    0.455521
     0.43484
    0.409973
     0.38116
     0.34868
    0.312846
       0.274
    0.232515
    0.188779
     0.14321
   0.0962511
   0.0483509
   -0.337993
   -0.672769
    -1.00111
    -1.31983
    -1.62587
    -1.91625
     -2.1882
    -2.43908
    -2.66647
    -2.86818
    -3.04227
    -3.18706
    -3.30116
    -3.38346
    -3.43316
     -3.4498
     -3.4332
    -3.38354
    -3.30128
    -3.18723
    -3.04248
    -2.86842
    -2.66674
    -2.43937
    -2.18851
    -1.91656
    -1.62617
    -1.32012
    -1.00136
   -0.672973
    -0.33811
   0.0466553
   0.0928563
    0.138159
    0.182128
     0.22434
     0.26439
    0.301892
    0.336487
     0.36784
     0.39565
    0.419651
    0.439611
    0.455338
    0.466682
    0.473534
    0.475828
    0.473543
    0.466703
    0.455373
    0.439662
    0.419723
    0.395743
    0.367952
    0.336616
    0.302035
    0.264541
    0.224492
    0.182267
    0.138269
   0.0929274
   0.0466779
   -0.323656
   -0.644233
   -0.958654
    -1.26386
    -1.55692
    -1.83499
     -2.0954
    -2.33564
    -2.55338
    -2.74652
    -2.91322
    -3.05184
    -3.16107
    -3.23985
    -3.28743
    -3.30333
    -3.28741
    -3.23983
    -3.16104
     -3.0518
    -2.91316
    -2.74648
    -2.55335
    -2.33563
    -2.09542
    -1.83504
    -1.55699
    -1.26396
   -0.958761
   -0.644342
   -0.323727
   0.0450076
   0.0895752
    0.133274
    0.175685
    0.216401
    0.255029
      0.2912
    0.324564
    0.354802
    0.381623
     0.40477
    0.424021
    0.439191
    0.450136
     0.45675
    0.458972
    0.456781
      0.4502
    0.439295
    0.424167
    0.404963
    0.381858
     0.35507
    0.324855
    0.291499
    0.255323
    0.216672
    0.175918
    0.133449
   0.0896845
   0.0450452
   -0.309618
   -0.616292
   -0.917078
    -1.20905
    -1.48939
     -1.7554
     -2.0045
    -2.23429
    -2.44257
    -2.62731
    -2.78675
    -2.91933
    -3.02379
    -3.09912
     -3.1446
    -3.15979
    -3.14454
      -3.099
    -3.02361
    -2.91909
    -2.78647
    -2.62701
    -2.44227
    -2.23401
    -2.00424
    -1.75519
    -1.48924
    -1.20895
   -0.917041
   -0.616305
   -0.309641
   0.0433898
   0.0863537
    0.128478
     0.16936
    0.208607
    0.245842
    0.280708
     0.31287
    0.342021
     0.36788
    0.390201
     0.40877
     0.42341
    0.433981
    0.440382
    0.442549
     0.44046
    0.434136
    0.423637
    0.409063
    0.390553
    0.368278
    0.342449
    0.313312
    0.281144
    0.246254
    0.208974
    0.169665
    0.128702
   0.0864918
    0.043441
   -0.295897
   -0.588974
   -0.876413
    -1.15542
    -1.42331
    -1.67748
     -1.9155
    -2.13507
    -2.33406
    -2.51056
    -2.66287
    -2.78952
     -2.8893
    -2.96125
    -3.00467
    -3.01916
    -3.00456
    -2.96103
    -2.88899
    -2.78912
     -2.6624
    -2.51004
    -2.33352
    -2.13454
      -1.915
    -1.67704
    -1.42293
    -1.15513
   -0.876214
   -0.588867
   -0.295857
   0.0418018
    0.083192
    0.123772
    0.163154
    0.200962
    0.236834
    0.270425
    0.301415
    0.329506
     0.35443
     0.37595
     0.39386
    0.407991
    0.418206
    0.424408
    0.426528
    0.424542
    0.418469
    0.408364
    0.394324
    0.376482
    0.355008
    0.330107
    0.302016
    0.271003
    0.237366
    0.201425
     0.16353
    0.124044
   0.0833582
   0.0418664
   -0.282462
   -0.562222
   -0.836591
     -1.1029
    -1.35859
    -1.60118
    -1.82835
    -2.03789
     -2.2278
    -2.39624
    -2.54159
    -2.66245
    -2.75766
    -2.82631
    -2.86774
    -2.88155
    -2.86761
    -2.82606
     -2.7573
    -2.66199
    -2.54105
    -2.39564
    -2.22717
    -2.03726
    -1.82774
    -1.60062
     -1.3581
     -1.1025
   -0.836294
    -0.56204
    -0.28238
   0.0402423
   0.0800903
    0.119161
    0.157082
     0.19349
    0.228038
    0.260396
    0.290253
    0.317325
    0.341349
    0.362093
    0.379359
    0.392982
    0.402829
    0.408806
     0.41085
    0.408937
    0.403085
    0.393346
    0.379814
    0.362615
    0.341917
    0.317917
    0.290846
    0.260963
    0.228557
    0.193937
    0.157441
    0.119421
   0.0802499
   0.0403087
   -0.269325
   -0.536055
   -0.797624
     -1.0515
    -1.29524
    -1.52649
    -1.74302
    -1.94276
    -2.12378
    -2.28434
     -2.4229
    -2.53811
    -2.62888
    -2.69433
    -2.73383
    -2.74701
    -2.73373
    -2.69413
    -2.62859
    -2.53774
    -2.42245
    -2.28384
    -2.12324
     -1.9422
    -1.74246
    -1.52595
    -1.29474
    -1.05108
   -0.797291
    -0.53583
   -0.269212
   0.0387188
   0.0770611
    0.114659
    0.151155
      0.1862
    0.219461
     0.25062
    0.279377
    0.305458
    0.328603
    0.348589
    0.365221
    0.378338
    0.387815
    0.393557
     0.39551
    0.393652
    0.387999
    0.378603
    0.365554
    0.348975
    0.329029
    0.305905
    0.279831
    0.251056
    0.219858
     0.18654
    0.151424
    0.114851
   0.0771768
   0.0387688
    -0.25647
   -0.510455
   -0.759507
    -1.00123
    -1.23329
    -1.45346
    -1.65961
    -1.84978
    -2.02213
    -2.17501
    -2.30694
    -2.41665
    -2.50308
    -2.56541
    -2.60303
    -2.61559
    -2.60296
    -2.56526
    -2.50287
    -2.41637
    -2.30661
    -2.17464
    -2.02173
    -1.84935
    -1.65917
    -1.45301
    -1.23287
    -1.00085
   -0.759194
   -0.510229
    -0.25635
   0.0372512
   0.0741415
    0.110319
    0.145435
    0.179154
    0.211153
    0.241125
    0.268784
    0.293862
    0.316114
    0.335324
    0.351305
    0.363901
    0.372992
    0.378487
    0.380335
    0.378517
     0.37305
    0.363987
    0.351413
    0.335449
     0.31625
       0.294
    0.268918
    0.241246
    0.211251
    0.179226
    0.145479
     0.11034
   0.0741459
   0.0372499
   -0.243868
   -0.485373
    -0.72219
   -0.952041
    -1.17271
    -1.38208
    -1.57813
    -1.75898
    -1.92289
    -2.06827
    -2.19374
    -2.29808
    -2.38029
    -2.43958
    -2.47537
    -2.48732
    -2.47532
    -2.43949
    -2.38016
    -2.29792
    -2.19355
    -2.06805
    -1.92265
    -1.75873
    -1.57787
    -1.38182
    -1.17246
   -0.951816
   -0.722003
   -0.485236
   -0.243793
   0.0358292
   0.0713109
    0.106108
    0.139879
    0.172301
    0.203061
    0.231864
    0.258433
    0.282511
    0.303868
    0.322296
    0.337618
    0.349684
    0.358377
    0.363614
    0.365346
    0.363556
    0.358264
    0.349523
    0.337414
    0.322055
    0.303595
    0.282211
    0.258113
    0.231534
    0.202732
    0.171988
    0.139598
    0.105878
   0.0711496
   0.0357487
   -0.231576
   -0.460911
   -0.685795
    -0.90407
    -1.11363
    -1.31247
    -1.49866
    -1.67042
    -1.82609
    -1.96417
    -2.08334
    -2.18244
    -2.26053
    -2.31684
    -2.35084
    -2.36221
    -2.35082
     -2.3168
    -2.26047
    -2.18237
    -2.08325
    -1.96408
    -1.82599
    -1.67031
    -1.49855
    -1.31236
    -1.11353
   -0.903977
   -0.685716
    -0.46085
   -0.231542
   0.0344402
   0.0685326
     0.10195
    0.134374
    0.165495
    0.195014
    0.222647
    0.248131
    0.271219
    0.291691
    0.309348
    0.324023
    0.335573
    0.343887
    0.348885
    0.350522
    0.348781
    0.343683
    0.335276
    0.323644
    0.308899
    0.291183
    0.270669
    0.247555
    0.222066
    0.194446
    0.164964
      0.1339
    0.101555
   0.0682433
   0.0342868
   -0.219593
   -0.437068
   -0.650332
   -0.857332
    -1.05608
    -1.24465
    -1.42123
    -1.58412
    -1.73176
    -1.86272
    -1.97574
    -2.06974
     -2.1438
    -2.19722
    -2.22947
    -2.24026
    -2.22947
    -2.19721
    -2.14379
    -2.06973
    -1.97573
    -1.86271
    -1.73175
    -1.58411
    -1.42122
    -1.24464
    -1.05607
   -0.857328
    -0.65033
   -0.437069
   -0.219597
    0.033066
   0.0657819
   0.0978296
    0.128916
    0.158741
    0.187025
    0.213496
    0.237902
    0.260008
    0.279604
    0.296501
    0.310541
    0.321588
    0.329536
     0.33431
    0.335865
    0.334186
    0.329292
    0.321232
    0.310083
    0.295956
    0.278987
     0.25934
    0.237206
    0.212797
    0.186345
    0.158103
     0.12834
   0.0973386
     0.06541
   0.0328617
   -0.207923
   -0.413849
   -0.615793
   -0.811811
    -1.00001
    -1.17859
    -1.34581
    -1.50007
    -1.63988
    -1.76391
    -1.87094
    -1.95996
     -2.0301
     -2.0807
    -2.11125
    -2.12147
    -2.11127
    -2.08073
    -2.03015
    -1.96002
    -1.87101
    -1.76399
    -1.63998
    -1.50017
    -1.34591
    -1.17869
    -1.00012
   -0.811908
   -0.615877
   -0.413916
   -0.207968
   0.0316536
    0.062976
   0.0936617
    0.123425
     0.15198
    0.179057
    0.204396
    0.227757
    0.248915
    0.267669
    0.283841
    0.297275
    0.307846
    0.315452
    0.320021
    0.321511
    0.319909
    0.315231
    0.307523
    0.296858
    0.283342
    0.267102
    0.248296
    0.227108
    0.203743
    0.178419
    0.151382
    0.122886
   0.0932061
   0.0626346
   0.0314665
   -0.196579
   -0.391271
   -0.582199
   -0.767525
   -0.945464
     -1.1143
    -1.27241
    -1.41826
    -1.55046
    -1.66773
    -1.76893
    -1.85311
    -1.91944
    -1.96728
    -1.99618
    -2.00586
    -1.99622
    -1.96736
    -1.91954
    -1.85325
     -1.7691
    -1.66792
    -1.55066
    -1.41848
    -1.27264
    -1.11453
   -0.945689
   -0.767734
    -0.58238
   -0.391409
    -0.19666
    0.030238
   0.0601674
   0.0894971
    0.117949
    0.145249
    0.171139
     0.19537
     0.21771
    0.237946
    0.255886
    0.271358
    0.284214
    0.294332
    0.301616
    0.305999
    0.307439
    0.305925
     0.30147
    0.294116
    0.283934
     0.27102
    0.255497
    0.237513
    0.217248
      0.1949
    0.170677
    0.144813
    0.117555
   0.0891658
   0.0599209
   0.0301023
   -0.185545
   -0.369309
   -0.549523
    -0.72445
   -0.892406
    -1.05177
    -1.20101
    -1.33869
    -1.46348
    -1.57419
    -1.66973
     -1.7492
    -1.81182
      -1.857
    -1.88429
    -1.89344
    -1.88435
    -1.85712
      -1.812
    -1.74943
    -1.67001
     -1.5745
    -1.46383
    -1.33906
    -1.20139
    -1.05215
   -0.892769
   -0.724782
   -0.549805
   -0.369521
   -0.185662
   0.0288528
   0.0574183
   0.0854202
    0.112589
    0.138662
    0.163391
    0.186538
    0.207883
     0.22722
    0.244365
    0.259155
    0.271447
    0.281125
    0.288097
    0.292296
    0.293682
    0.292242
    0.287992
    0.280974
    0.271252
     0.25892
    0.244095
    0.226919
    0.207562
     0.18621
    0.163068
    0.138357
    0.112315
   0.0851924
   0.0572519
   0.0287624
   -0.174819
   -0.347963
   -0.517763
   -0.682585
    -0.84084
   -0.991005
    -1.13163
    -1.26137
    -1.37896
    -1.48328
    -1.57332
    -1.64821
    -1.70723
    -1.74982
    -1.77555
    -1.78419
    -1.77565
    -1.75001
    -1.70751
    -1.64856
    -1.57374
    -1.48375
    -1.37947
     -1.2619
    -1.13218
   -0.991539
   -0.841343
   -0.683034
   -0.518136
   -0.348236
   -0.174967
   0.0274935
   0.0547219
   0.0814231
    0.107336
    0.132209
    0.155804
    0.177893
    0.198264
    0.216724
    0.233094
    0.247218
    0.258961
    0.268209
    0.274873
     0.27889
    0.280219
    0.278848
    0.274794
    0.268097
    0.258821
    0.247055
     0.23291
    0.216524
    0.198055
    0.177681
    0.155598
    0.132018
     0.10717
   0.0812909
    0.054631
    0.027447
   -0.164406
   -0.327237
   -0.486927
   -0.641937
   -0.790774
   -0.932004
    -1.06427
    -1.18629
    -1.29689
    -1.39501
    -1.47971
    -1.55016
    -1.60568
    -1.64574
    -1.66995
    -1.67809
    -1.67007
    -1.64596
    -1.60601
    -1.55058
    -1.48021
    -1.39558
    -1.29751
    -1.18693
    -1.06492
   -0.932637
   -0.791366
   -0.642462
   -0.487358
    -0.32755
   -0.164574
   0.0261837
   0.0521155
   0.0775457
    0.102227
    0.125921
    0.148399
    0.169446
    0.188858
    0.206449
    0.222051
    0.235513
    0.246707
    0.255524
     0.26188
    0.265713
    0.266986
    0.265687
    0.261829
    0.255452
    0.246617
    0.235408
    0.221933
    0.206322
    0.188726
    0.169314
    0.148272
    0.125805
    0.102128
   0.0774682
   0.0520633
   0.0261578
   -0.154302
   -0.307131
   -0.457013
   -0.602505
   -0.742205
   -0.874768
   -0.998915
    -1.11345
    -1.21727
    -1.30938
    -1.38889
    -1.45502
    -1.50714
    -1.54475
    -1.56749
    -1.57513
     -1.5676
    -1.54498
    -1.50747
    -1.45545
     -1.3894
    -1.30997
    -1.21791
    -1.11412
   -0.999592
   -0.875428
   -0.742823
   -0.603054
   -0.457467
   -0.307462
   -0.154483
   0.0249075
   0.0495748
   0.0737635
     0.09724
    0.119778
    0.141161
    0.161183
    0.179651
    0.196387
    0.211231
    0.224039
    0.234691
    0.243082
    0.249132
    0.252783
       0.254
    0.252771
    0.249107
    0.243045
    0.234644
    0.223983
    0.211167
    0.196317
    0.179578
    0.161111
    0.141092
    0.119716
   0.0971874
   0.0737228
   0.0495477
   0.0248949
   -0.144509
   -0.287639
   -0.428012
   -0.564276
   -0.695117
   -0.819273
   -0.935546
    -1.04282
    -1.14006
    -1.22634
    -1.30082
    -1.36277
     -1.4116
    -1.44683
    -1.46813
     -1.4753
    -1.46826
    -1.44708
    -1.41196
    -1.36324
    -1.30139
    -1.22699
    -1.14078
    -1.04357
   -0.936296
   -0.819999
   -0.695795
   -0.564879
   -0.428512
   -0.288004
   -0.144709
   0.0236439
   0.0470622
   0.0700282
   0.0923208
    0.113725
    0.134034
    0.153053
    0.170598
    0.186499
    0.200604
    0.212777
    0.222901
    0.230879
    0.236634
     0.24011
    0.241274
    0.240114
    0.236641
     0.23089
    0.222915
    0.212793
    0.200621
    0.186517
    0.170617
    0.153073
    0.134054
    0.113745
   0.0923401
   0.0700462
   0.0470776
   0.0236556
   -0.135029
   -0.268769
    -0.39993
   -0.527253
   -0.649512
   -0.765522
   -0.874162
   -0.974395
    -1.06526
    -1.14587
    -1.21547
    -1.27336
      -1.319
    -1.35194
    -1.37187
    -1.37859
    -1.37203
    -1.35226
    -1.31947
    -1.27396
    -1.21618
    -1.14668
    -1.06612
   -0.975291
   -0.875054
   -0.766376
   -0.650305
   -0.527956
   -0.400508
   -0.269186
   -0.135256
   0.0224007
    0.044591
   0.0663556
   0.0874862
    0.107779
    0.127037
    0.145074
    0.161716
    0.176802
    0.190186
     0.20174
    0.211351
    0.218928
    0.224396
    0.227703
    0.228817
    0.227727
    0.224443
    0.218997
     0.21144
    0.201845
    0.190304
    0.176929
    0.161848
    0.145207
    0.127166
      0.1079
   0.0875947
   0.0664464
   0.0446586
   0.0224419
   -0.125851
   -0.250499
   -0.372741
   -0.491411
   -0.605367
   -0.713498
   -0.814759
   -0.908188
   -0.992885
    -1.06804
    -1.13292
     -1.1869
    -1.22947
     -1.2602
    -1.27881
     -1.2851
    -1.27902
    -1.26061
    -1.23007
    -1.18767
    -1.13383
    -1.06906
    -0.99398
   -0.909312
   -0.815872
   -0.714558
   -0.606345
   -0.492274
   -0.373446
   -0.251001
   -0.126119
   0.0211803
   0.0421681
   0.0627601
   0.0827562
    0.101963
    0.120194
    0.137273
    0.153033
    0.167322
    0.180002
    0.190949
    0.200058
     0.20724
    0.212425
    0.215564
    0.216624
    0.215596
     0.21249
    0.207336
    0.200183
    0.191101
    0.180178
    0.167518
    0.153243
    0.137491
    0.120414
    0.102176
   0.0829511
   0.0629233
   0.0422911
   0.0212543
   -0.116963
   -0.232808
   -0.346419
   -0.456715
   -0.562633
   -0.663149
   -0.757294
   -0.844166
   -0.922929
   -0.992823
    -1.05317
     -1.1034
    -1.14301
    -1.17162
    -1.18895
    -1.19484
    -1.18922
    -1.17215
    -1.14378
    -1.10439
    -1.05435
   -0.994147
   -0.924351
   -0.845635
   -0.758756
   -0.664548
   -0.563918
   -0.457835
   -0.347322
   -0.233442
   -0.117294
   0.0199906
   0.0398058
   0.0592546
   0.0781447
   0.0962931
    0.113522
    0.129665
    0.144564
    0.158075
    0.170066
     0.18042
    0.189036
     0.19583
    0.200736
    0.203705
    0.204709
    0.203737
      0.2008
    0.195927
    0.189166
    0.180583
    0.170261
      0.1583
    0.144814
    0.129934
    0.113801
   0.0965717
    0.078405
   0.0594746
   0.0399738
   0.0200919
    -0.10839
   -0.215748
   -0.321038
   -0.423262
   -0.521434
   -0.614612
   -0.701897
   -0.782448
   -0.855488
   -0.920309
   -0.976286
    -1.02288
    -1.05963
    -1.08618
    -1.10228
    -1.10777
    -1.10259
    -1.08678
    -1.06051
      -1.024
   -0.977624
   -0.921815
   -0.857112
   -0.784135
   -0.703585
   -0.616235
   -0.522927
   -0.424558
   -0.322078
   -0.216474
   -0.108766
   0.0188382
   0.0375147
   0.0558497
   0.0736602
   0.0907733
    0.107021
    0.122245
    0.136297
     0.14904
    0.160349
    0.170115
    0.178243
    0.184654
    0.189286
    0.192095
    0.193052
    0.192149
    0.189394
    0.184814
    0.178452
     0.17037
    0.160641
    0.149359
    0.136639
    0.122607
    0.107393
   0.0911446
   0.0740088
   0.0561492
   0.0377436
   0.0189691
    -0.10011
   -0.199286
   -0.296574
   -0.391039
   -0.481772
   -0.567896
   -0.648581
   -0.723046
   -0.790572
   -0.850505
   -0.902264
   -0.945347
   -0.979334
     -1.0039
    -1.01879
    -1.02388
     -1.0191
     -1.0045
   -0.980214
   -0.946479
   -0.903616
   -0.852035
   -0.792232
    -0.72478
   -0.650327
   -0.569588
   -0.483342
   -0.392418
   -0.297694
   -0.200085
    -0.10053
   0.0177206
   0.0352915
   0.0525435
    0.069303
   0.0854066
    0.100696
    0.115021
    0.128243
    0.140233
    0.150875
    0.160063
    0.167712
    0.173748
    0.178114
     0.18077
    0.181687
    0.180858
    0.178288
    0.174002
    0.168037
    0.160448
    0.151301
    0.140683
    0.128712
    0.115504
    0.101184
   0.0858883
   0.0697531
   0.0529316
   0.0355866
   0.0178831
  -0.0921555
   -0.183468
    -0.27306
   -0.360061
   -0.443632
   -0.522962
   -0.597285
    -0.66588
   -0.728085
   -0.783296
   -0.830979
   -0.870668
    -0.90198
   -0.924608
   -0.938331
   -0.943017
   -0.938617
   -0.925172
   -0.902808
   -0.871739
   -0.832263
   -0.784757
   -0.729679
   -0.667554
    -0.59898
   -0.524617
   -0.445179
   -0.361435
   -0.274189
   -0.184285
  -0.0925907
   0.0166193
   0.0331036
   0.0492948
   0.0650272
    0.080148
   0.0945075
    0.107966
    0.120393
    0.131668
    0.141681
    0.150335
    0.157546
    0.163245
    0.167376
    0.169898
    0.170784
    0.170023
    0.167628
    0.163621
    0.158037
    0.150927
    0.142351
    0.132389
    0.121146
     0.10873
   0.0952593
   0.0808625
   0.0656729
   0.0498344
   0.0335024
   0.0168336
  -0.0845521
   -0.168332
   -0.250534
   -0.330361
   -0.407041
    -0.47983
   -0.548023
   -0.610957
   -0.668026
   -0.718674
   -0.762411
   -0.798814
    -0.82753
   -0.848279
   -0.860861
   -0.865152
   -0.861111
   -0.848772
   -0.828253
    -0.79975
   -0.763536
   -0.719958
   -0.669433
   -0.612444
   -0.549536
   -0.481317
    -0.40844
   -0.331609
   -0.251563
   -0.169078
   -0.084947
   0.0155455
   0.0309714
   0.0461305
   0.0608658
   0.0750346
   0.0884965
    0.101121
    0.112786
    0.123381
    0.132799
    0.140951
    0.147754
    0.153143
    0.157061
    0.159467
     0.16033
     0.15964
    0.157417
    0.153683
    0.148469
    0.141822
    0.133797
    0.124468
    0.113925
    0.102266
   0.0896059
   0.0760651
   0.0617755
   0.0468734
   0.0315082
   0.0158287
   -0.077247
   -0.153788
   -0.228888
   -0.301816
   -0.371869
   -0.438364
   -0.500658
   -0.558146
    -0.61027
   -0.656528
    -0.69647
   -0.729712
   -0.755931
   -0.774874
   -0.786358
   -0.790271
   -0.786574
   -0.775299
   -0.756553
   -0.730516
   -0.697437
   -0.657632
   -0.611484
   -0.559431
   -0.501971
   -0.439659
   -0.373092
   -0.302912
   -0.229793
   -0.154444
  -0.0775916
   0.0145179
   0.0289376
    0.043125
   0.0569238
   0.0702013
   0.0828239
   0.0946697
    0.105621
    0.115572
    0.124421
    0.132081
    0.138481
    0.143558
    0.147257
     0.14954
    0.150377
    0.149756
    0.147691
    0.144202
     0.13932
     0.13309
    0.125565
    0.116815
    0.106924
    0.095985
   0.0841045
   0.0713964
   0.0579841
   0.0439968
   0.0295743
   0.0148571
  -0.0702465
   -0.139847
   -0.208131
   -0.274434
   -0.338116
   -0.398559
   -0.455177
   -0.507424
   -0.554795
   -0.596832
    -0.63313
   -0.663338
   -0.687163
   -0.704376
   -0.714809
    -0.71836
   -0.714995
   -0.704742
   -0.687697
   -0.664025
   -0.633951
   -0.597764
    -0.55581
   -0.508492
   -0.456262
   -0.399623
   -0.339117
   -0.275326
   -0.208864
   -0.140375
  -0.0705197
    0.013547
   0.0270172
   0.0402898
   0.0532081
   0.0656484
    0.077483
   0.0885971
   0.0988759
    0.108218
    0.116526
    0.123714
    0.129724
    0.134497
    0.137979
    0.140135
    0.140937
    0.140371
    0.138445
    0.135175
    0.130595
    0.124745
    0.117683
    0.109472
    0.100194
   0.0899364
    0.078799
   0.0668893
   0.0543212
   0.0412165
   0.0277048
   0.0139178
  -0.0635357
   -0.126482
   -0.188233
   -0.248186
   -0.305763
   -0.360405
   -0.411586
   -0.458811
   -0.501625
   -0.539617
    -0.57242
   -0.599716
   -0.621242
   -0.636789
   -0.646206
   -0.649402
   -0.646345
   -0.637062
    -0.62164
   -0.600228
   -0.573029
   -0.540305
    -0.50237
    -0.45959
   -0.412376
   -0.361178
   -0.306488
   -0.248831
   -0.188761
   -0.126861
  -0.0637269
   0.0126961
   0.0253128
   0.0377383
   0.0498297
   0.0614708
   0.0725451
   0.0829441
   0.0925612
      0.1013
    0.109071
    0.115795
    0.121414
    0.125873
    0.129123
    0.131133
    0.131874
    0.131338
    0.129529
    0.126463
     0.12217
     0.11669
    0.110074
    0.102386
   0.0936991
   0.0840967
   0.0736736
   0.0625309
   0.0507759
   0.0385232
    0.025893
   0.0130089
  -0.0571102
   -0.113685
   -0.169179
   -0.223055
   -0.274793
   -0.323893
    -0.36988
   -0.412309
   -0.450771
   -0.484895
   -0.514353
    -0.53886
   -0.558179
   -0.572123
   -0.580557
     -0.5834
   -0.580623
   -0.572254
   -0.558372
   -0.539112
   -0.514657
   -0.485243
   -0.451152
   -0.412713
   -0.370293
   -0.324302
    -0.27518
   -0.223401
   -0.169462
   -0.113887
  -0.0572109
    0.011924
   0.0237605
   0.0354041
   0.0467251
   0.0576144
   0.0679669
   0.0776812
   0.0866594
   0.0948119
    0.102057
    0.108321
    0.113549
    0.117689
    0.120698
    0.122547
    0.123213
    0.122688
    0.120977
    0.118096
    0.114071
     0.10894
     0.10275
   0.0955613
   0.0874411
   0.0784678
   0.0687311
   0.0583262
   0.0473544
   0.0359232
   0.0241437
   0.0121313
  -0.0509801
   -0.101475
   -0.150997
   -0.199071
   -0.245234
   -0.289038
   -0.330062
   -0.367906
   -0.402206
   -0.432632
   -0.458891
   -0.480729
   -0.497937
   -0.510347
   -0.517839
   -0.520343
   -0.517834
   -0.510338
   -0.497929
   -0.480725
   -0.458894
   -0.432644
   -0.402227
   -0.367936
   -0.330101
   -0.289086
   -0.245286
   -0.199123
   -0.151041
   -0.101505
  -0.0509929
   0.0111982
   0.0222935
   0.0331841
   0.0437621
   0.0539263
   0.0635821
   0.0726364
   0.0809997
   0.0885901
   0.0953312
    0.101156
     0.10601
    0.109846
    0.112625
     0.11432
    0.114913
    0.114395
    0.112775
    0.110066
    0.106293
    0.101493
   0.0957098
   0.0889993
   0.0814252
   0.0730608
   0.0639883
   0.0542958
    0.044078
   0.0334344
   0.0224695
   0.0112901
   -0.045155
  -0.0898697
    -0.13371
   -0.176259
   -0.217106
   -0.255858
   -0.292144
   -0.325611
   -0.355937
   -0.382832
   -0.406036
   -0.425327
   -0.440519
   -0.451465
    -0.45806
   -0.460243
   -0.457993
   -0.451333
   -0.440328
   -0.425087
   -0.405756
   -0.382522
    -0.35561
   -0.325278
   -0.291819
   -0.255555
   -0.216834
   -0.176026
   -0.133524
  -0.0897371
  -0.0450851
   0.0105106
   0.0209011
   0.0310725
   0.0409392
   0.0504076
   0.0593942
   0.0678139
   0.0755859
    0.082636
   0.0888927
   0.0942949
     0.09879
    0.102334
    0.104892
    0.106438
    0.106958
    0.106446
    0.104909
    0.102363
   0.0988301
   0.0943454
   0.0889511
   0.0826995
     0.07565
   0.0678711
   0.0594371
   0.0504297
   0.0409361
   0.0310484
   0.0208647
    0.010484
  -0.0396163
  -0.0788355
   -0.117275
   -0.154573
    -0.19037
   -0.224325
   -0.256112
   -0.285426
   -0.311984
   -0.335533
   -0.355847
    -0.37273
   -0.386021
   -0.395591
    -0.40135
   -0.403244
   -0.401255
   -0.395405
    -0.38575
   -0.372384
   -0.355437
   -0.335074
   -0.311492
   -0.284918
   -0.255609
   -0.223845
   -0.189932
   -0.154192
   -0.116967
  -0.0786144
  -0.0395018
  0.00981467
   0.0195115
   0.0289972
   0.0381895
   0.0470019
   0.0553563
   0.0631743
   0.0703831
   0.0769145
   0.0827054
   0.0877003
   0.0918509
   0.0951173
   0.0974673
   0.0988785
   0.0993371
   0.0988389
   0.0973896
   0.0950037
   0.0917032
     0.08752
   0.0824939
   0.0766728
   0.0701145
   0.0628821
   0.0550489
   0.0466918
   0.0378917
   0.0287351
   0.0193087
  0.00970451
  -0.0343584
  -0.0683627
   -0.101679
      -0.134
   -0.165014
   -0.194427
   -0.221958
   -0.247343
    -0.27034
   -0.290731
   -0.308319
   -0.322936
   -0.334444
   -0.342731
   -0.347718
   -0.349361
   -0.347643
   -0.342582
   -0.334226
   -0.322658
   -0.307988
   -0.290358
   -0.269936
   -0.246919
   -0.221528
   -0.194009
   -0.164626
   -0.133656
   -0.101397
  -0.0681545
  -0.0342485
  0.00913617
   0.0181593
   0.0269828
   0.0355267
   0.0437103
   0.0514599
   0.0587027
   0.0653731
   0.0714086
   0.0767543
   0.0813604
    0.085183
   0.0881867
   0.0903416
    0.091628
   0.0920327
   0.0915521
   0.0901906
   0.0879614
    0.084885
   0.0809906
   0.0763156
   0.0709041
   0.0648122
   0.0580988
   0.0508375
   0.0431012
   0.0349647
   0.0265096
   0.0178112
  0.00895437
  -0.0293942
  -0.0584768
  -0.0869615
   -0.114592
   -0.141102
   -0.166243
   -0.189772
   -0.211469
   -0.231126
   -0.248556
   -0.263593
   -0.276093
   -0.285937
    -0.29303
   -0.297305
   -0.298722
   -0.297268
   -0.292957
    -0.28583
   -0.275956
    -0.26343
   -0.248369
   -0.230919
   -0.211245
   -0.189535
   -0.166001
    -0.14087
   -0.114378
  -0.0867788
  -0.0583339
  -0.0293157
  0.00846562
   0.0168268
   0.0250036
   0.0329189
   0.0404983
   0.0476718
   0.0543726
    0.060539
   0.0661138
   0.0710461
   0.0752902
   0.0788062
   0.0815614
   0.0835291
   0.0846907
   0.0850345
   0.0845568
   0.0832641
   0.0811684
   0.0782955
   0.0746742
   0.0703377
   0.0653287
   0.0596979
   0.0535015
   0.0468044
   0.0396744
   0.0321801
   0.0243962
   0.0163908
  0.00824096
  -0.0247028
  -0.0491443
  -0.0730836
  -0.0963089
   -0.118596
   -0.139737
    -0.15953
   -0.177785
    -0.19433
   -0.209005
   -0.221672
   -0.232207
    -0.24051
   -0.246502
   -0.250125
   -0.251344
   -0.250149
   -0.246548
   -0.240577
   -0.232291
   -0.221769
   -0.209112
   -0.194439
   -0.177891
   -0.159627
   -0.139821
   -0.118664
  -0.0963556
  -0.0731085
  -0.0491458
  -0.0246968
  0.00780814
   0.0155223
   0.0230694
   0.0303757
   0.0373726
   0.0439935
   0.0501771
   0.0558647
   0.0610038
   0.0655458
   0.0694487
   0.0726753
   0.0751955
    0.076985
   0.0780265
   0.0783098
   0.0778316
   0.0766008
   0.0746293
   0.0719489
   0.0685891
   0.0645789
   0.0599597
   0.0547764
    0.049082
   0.0429319
   0.0363881
   0.0295127
   0.0223736
   0.0150325
  0.00755899
  -0.0203253
  -0.0404373
  -0.0601373
  -0.0792545
  -0.0976046
   -0.115016
   -0.131323
   -0.146368
   -0.160008
   -0.172111
   -0.182563
   -0.191261
   -0.198123
   -0.203081
   -0.206088
   -0.207116
   -0.206156
   -0.203211
    -0.19831
     -0.1915
   -0.182844
   -0.172425
   -0.160341
    -0.14671
   -0.131661
   -0.115336
  -0.0978915
   -0.079493
  -0.0603158
   -0.040546
  -0.0203729
  0.00717633
   0.0142694
   0.0212131
   0.0279352
   0.0343724
   0.0404612
   0.0461442
   0.0513666
   0.0560791
   0.0602359
   0.0637974
   0.0667329
   0.0690147
   0.0706294
   0.0715639
   0.0718052
   0.0713523
   0.0702118
   0.0683967
   0.0659325
   0.0628468
   0.0591672
   0.0549317
   0.0501809
   0.0449626
   0.0393282
   0.0333337
   0.0270355
   0.0204948
   0.0137689
  0.00692064
  -0.0162546
   -0.032347
  -0.0481198
  -0.0634318
  -0.0781355
  -0.0920912
   -0.105164
   -0.117229
   -0.128168
   -0.137879
   -0.146269
   -0.153254
   -0.158768
   -0.162756
   -0.165179
   -0.166014
   -0.165253
   -0.162902
   -0.158984
   -0.153533
   -0.146604
   -0.138259
   -0.128577
   -0.117653
   -0.105589
  -0.0924997
  -0.0785103
  -0.0637548
  -0.0483736
  -0.0325166
  -0.0163358
  0.00656219
   0.0130531
   0.0194128
   0.0255704
   0.0314672
   0.0370424
   0.0422423
   0.0470156
   0.0513158
   0.0551006
   0.0583324
   0.0609879
   0.0630426
   0.0644945
   0.0653353
   0.0655487
   0.0651358
   0.0640996
    0.062453
   0.0602134
   0.0574052
   0.0540542
   0.0501942
   0.0458616
   0.0410987
   0.0359541
   0.0304779
    0.024722
   0.0187414
   0.0125899
  0.00632476
  -0.0124937
   -0.024871
  -0.0370119
  -0.0488024
  -0.0601294
  -0.0708822
  -0.0809573
   -0.090256
  -0.0986885
   -0.106176
   -0.112648
   -0.118039
   -0.122296
   -0.125376
   -0.127249
   -0.127896
   -0.127313
   -0.125506
   -0.122491
   -0.118296
   -0.112961
   -0.106536
  -0.0990804
  -0.0906654
  -0.0813702
   -0.071284
  -0.0605027
  -0.0491303
  -0.0372753
  -0.0250539
  -0.0125833
  0.00597359
   0.0118822
   0.0176702
   0.0232724
   0.0286339
   0.0337015
   0.0384256
   0.0427667
   0.0466844
   0.0501355
   0.0530874
   0.0555152
   0.0573981
    0.058729
   0.0594998
   0.0596996
    0.059329
   0.0583914
   0.0568977
   0.0548637
   0.0523106
   0.0492615
   0.0457466
   0.0417995
   0.0374585
   0.0327687
    0.027776
   0.0225281
   0.0170756
   0.0114686
  0.00576012
 -0.00906507
  -0.0180423
  -0.0268437
  -0.0353908
  -0.0436022
  -0.0513982
  -0.0587041
  -0.0654467
  -0.0715605
  -0.0769886
  -0.0816793
  -0.0855856
  -0.0886699
  -0.0909006
  -0.0922554
  -0.0927221
  -0.0922956
  -0.0909809
  -0.0887904
  -0.0857458
  -0.0818762
  -0.0772176
   -0.071814
  -0.0657146
  -0.0589765
  -0.0516647
   -0.043848
  -0.0356026
  -0.0270068
  -0.0181477
 -0.00911044
  0.00540311
   0.0107475
   0.0159816
   0.0210463
   0.0258909
   0.0304704
   0.0347402
   0.0386733
   0.0422359
    0.045383
   0.0480864
   0.0503176
   0.0520576
    0.053292
   0.0540113
   0.0542097
   0.0538868
   0.0530469
   0.0516993
   0.0498586
   0.0475436
   0.0447756
   0.0415812
   0.0379925
   0.0340439
   0.0297781
   0.0252369
   0.0204645
   0.0155075
   0.0104124
  0.00522814
 -0.00593231
  -0.0118025
  -0.0175515
  -0.0231333
  -0.0284948
   -0.033584
  -0.0383531
  -0.0427518
  -0.0467373
  -0.0502729
  -0.0533246
   -0.055863
  -0.0578637
  -0.0593067
   -0.060178
  -0.0604689
  -0.0601764
  -0.0593038
  -0.0578595
    -0.05586
   -0.053325
  -0.0502786
  -0.0467501
  -0.0427701
  -0.0383757
  -0.0336101
  -0.0285172
  -0.0231479
  -0.0175518
  -0.0117887
 -0.00591308
   0.0048536
  0.00966187
   0.0143793
    0.018949
   0.0233257
   0.0274672
   0.0313337
   0.0348963
   0.0381232
   0.0409774
   0.0434322
   0.0454619
   0.0470477
   0.0481751
   0.0488338
   0.0490185
    0.048728
   0.0479676
   0.0467458
   0.0450783
   0.0429825
   0.0404778
   0.0375893
   0.0343444
   0.0307751
   0.0269191
   0.0228146
   0.0185009
     0.01402
  0.00941374
  0.00472583
 -0.00309263
 -0.00614937
 -0.00913798
  -0.0120351
  -0.0148125
  -0.0174436
  -0.0199034
  -0.0221667
  -0.0242115
    -0.02602
  -0.0275753
  -0.0288629
  -0.0298712
  -0.0305904
  -0.0310139
  -0.0311374
  -0.0309597
  -0.0304816
  -0.0297071
  -0.0286475
  -0.0273134
  -0.0257196
  -0.0238819
  -0.0218183
  -0.0195485
  -0.0170967
  -0.0144864
   -0.011744
 -0.00889518
 -0.00596933
 -0.00299357
  0.00434148
  0.00865101
   0.0128896
   0.0170016
   0.0209472
   0.0246851
   0.0281792
   0.0313968
   0.0343074
    0.036882
   0.0390956
   0.0409262
    0.042356
   0.0433709
   0.0439611
   0.0441214
   0.0438504
    0.043155
   0.0420432
   0.0405319
   0.0386383
   0.0363798
     0.03378
   0.0308619
   0.0276547
   0.0241906
   0.0205043
   0.0166296
   0.0126039
  0.00846394
  0.00424846
-0.000546372
 -0.00107899
  -0.0015892
 -0.00207426
 -0.00252802
 -0.00294741
 -0.00332819
 -0.00366775
 -0.00396327
 -0.00421376
 -0.00441792
 -0.00457515
 -0.00468531
 -0.00474836
  -0.0047648
 -0.00473476
 -0.00465912
 -0.00453671
 -0.00436801
 -0.00415963
 -0.00391328
 -0.00363519
 -0.00332807
 -0.00299791
 -0.00264754
 -0.00228327
 -0.00190872
 -0.00152806
 -0.00114519
-0.000762177
 -0.00038262
  0.00389365
  0.00775439
   0.0115478
   0.0152279
   0.0187588
    0.022104
   0.0252305
   0.0281086
     0.03071
   0.0330096
   0.0349849
    0.036617
   0.0378905
   0.0387939
    0.039319
   0.0394608
   0.0392189
   0.0385972
   0.0376034
   0.0362509
   0.0345549
   0.0325312
   0.0302002
   0.0275838
   0.0247074
   0.0216031
   0.0183023
   0.0148365
   0.0112406
  0.00754618
  0.00378922
  0.00169916
  0.00339923
  0.00508878
  0.00674577
  0.00835569
  0.00990045
   0.0113651
   0.0127341
   0.0139937
   0.0151293
   0.0161291
   0.0169801
   0.0176729
   0.0181986
   0.0185506
   0.0187231
   0.0187131
   0.0185197
   0.0181443
   0.0175868
   0.0168518
    0.015944
   0.0148716
   0.0136423
   0.0122677
   0.0107641
   0.0091465
  0.00743336
  0.00564226
  0.00379283
  0.00190402
   0.0034859
  0.00693469
   0.0103151
   0.0135908
   0.0167296
   0.0197007
   0.0224745
   0.0250251
   0.0273273
   0.0293599
   0.0311033
   0.0325423
   0.0336639
   0.0344596
   0.0349234
     0.03505
     0.03484
   0.0342936
   0.0334172
   0.0322202
   0.0307149
    0.028915
   0.0268379
   0.0245044
   0.0219368
   0.0191679
   0.0162269
   0.0131439
  0.00995165
   0.0066774
  0.00335431
  0.00365998
  0.00731056
   0.0109228
   0.0144522
   0.0178654
   0.0211252
   0.0241994
   0.0270557
   0.0296662
   0.0320022
   0.0340405
   0.0357567
   0.0371333
   0.0381539
   0.0388079
   0.0390848
   0.0389808
   0.0384941
   0.0376285
   0.0363908
   0.0347921
    0.032847
   0.0305736
   0.0279917
   0.0251248
   0.0220082
   0.0186723
   0.0151544
     0.01149
  0.00771713
  0.00387411
  0.00308492
  0.00613401
  0.00911897
   0.0120099
    0.014779
   0.0173988
   0.0198441
   0.0220919
   0.0241208
   0.0259118
   0.0274479
   0.0287152
    0.029702
   0.0304005
   0.0308046
     0.03091
    0.030716
   0.0302242
   0.0294389
   0.0283707
   0.0270303
   0.0254305
   0.0235872
   0.0215202
   0.0192511
   0.0168078
   0.0142175
   0.0115077
  0.00870883
  0.00584257
  0.00293849
  0.00533262
   0.0106513
   0.0159132
   0.0210492
   0.0260104
   0.0307396
   0.0351895
   0.0393131
   0.0430688
   0.0464168
   0.0493235
   0.0517566
   0.0536912
   0.0551067
   0.0559882
   0.0563238
   0.0561091
   0.0553436
   0.0540337
   0.0521956
    0.049847
   0.0470124
   0.0437194
    0.039999
   0.0358868
   0.0314258
   0.0266594
    0.021636
   0.0164052
   0.0110195
  0.00553247
   0.0026993
  0.00536527
  0.00797275
   0.0104983
   0.0129182
   0.0152081
   0.0173466
   0.0193134
   0.0210905
   0.0226601
   0.0240075
   0.0251187
   0.0259829
   0.0265919
   0.0269393
   0.0270215
   0.0268367
   0.0263881
   0.0256793
   0.0247227
   0.0235288
   0.0221099
   0.0204815
   0.0186632
   0.0166755
   0.0145417
   0.0122868
  0.00993525
  0.00751458
  0.00504079
  0.00253958
   0.0067153
   0.0134115
   0.0200334
     0.02649
   0.0327197
   0.0386489
   0.0442183
   0.0493693
   0.0540503
   0.0582129
   0.0618157
   0.0648208
    0.067198
   0.0689237
   0.0699808
   0.0703565
   0.0700461
   0.0690504
   0.0673773
   0.0650508
   0.0620934
   0.0585371
    0.054417
   0.0497727
   0.0446497
   0.0390964
   0.0331669
   0.0269184
    0.020412
   0.0137122
  0.00688482
  0.00234119
    0.004652
  0.00691033
   0.0090964
   0.0111896
   0.0131693
   0.0150164
   0.0167135
   0.0182439
   0.0195922
   0.0207445
   0.0216899
   0.0224181
   0.0229252
   0.0232061
   0.0232583
   0.0230813
   0.0226774
    0.022051
    0.021212
   0.0201708
   0.0189384
   0.0175295
     0.01596
   0.0142487
   0.0124167
   0.0104861
  0.00847656
  0.00641146
  0.00430223
  0.00216943
  0.00783374
   0.0156303
    0.023322
    0.030809
   0.0380189
   0.0448702
   0.0512945
   0.0572262
   0.0626066
   0.0673821
   0.0715054
   0.0749344
   0.0776349
   0.0795834
   0.0807612
   0.0811576
    0.080769
   0.0795979
    0.077655
   0.0749636
   0.0715499
   0.0674488
   0.0627003
   0.0573492
    0.051447
   0.0450498
    0.038219
   0.0310205
   0.0235235
   0.0158027
  0.00793325
  0.00200711
  0.00398687
  0.00591968
   0.0077888
  0.00957594
   0.0112637
   0.0128349
   0.0142744
   0.0155668
   0.0166989
   0.0176579
   0.0184365
   0.0190256
   0.0194265
   0.0196362
    0.019654
   0.0194811
   0.0191188
   0.0185727
   0.0178496
   0.0169593
   0.0159109
   0.0147177
   0.0133917
   0.0119492
   0.0104086
  0.00878918
  0.00710578
  0.00537744
   0.0036114
  0.00182366
  0.00864243
   0.0172322
   0.0256923
    0.033917
   0.0418262
   0.0493331
   0.0563633
   0.0628468
   0.0687199
   0.0739258
   0.0784137
   0.0821382
   0.0850624
   0.0871632
   0.0884206
   0.0888259
   0.0883762
   0.0870754
   0.0849367
   0.0819821
   0.0782409
     0.07375
   0.0685534
   0.0626993
   0.0562439
   0.0492488
   0.0417807
   0.0339115
   0.0257158
   0.0172755
  0.00867155
  0.00168186
  0.00333743
  0.00494799
  0.00650269
  0.00798507
  0.00938202
   0.0106787
    0.011865
   0.0129287
   0.0138586
    0.014645
   0.0152804
   0.0157583
   0.0160795
   0.0162426
   0.0162476
   0.0160966
   0.0157896
   0.0153318
   0.0147289
   0.0139896
   0.0131215
   0.0121358
   0.0110418
  0.00985307
   0.0085837
  0.00724903
  0.00586188
  0.00443737
   0.0029814
  0.00150666
  0.00914388
   0.0182208
   0.0271477
   0.0358175
   0.0441457
   0.0520421
   0.0594282
   0.0662339
   0.0723929
   0.0778477
   0.0825458
   0.0864416
   0.0894976
   0.0916879
   0.0929921
      0.0934
   0.0929089
   0.0915239
   0.0892594
   0.0861386
   0.0821923
   0.0774599
   0.0719875
   0.0658275
   0.0590391
   0.0516876
   0.0438431
   0.0355812
   0.0269804
   0.0181251
  0.00909984
  0.00136646
  0.00270719
  0.00400425
  0.00525285
  0.00643863
  0.00755313
  0.00858422
  0.00952734
    0.010374
   0.0111151
    0.011744
   0.0122525
   0.0126365
   0.0128948
   0.0130274
    0.013034
   0.0129172
   0.0126749
   0.0123116
   0.0118319
   0.0112429
   0.0105507
  0.00976412
  0.00889036
  0.00793991
  0.00692269
  0.00585031
  0.00473407
  0.00358584
  0.00241098
  0.00121953
  0.00934074
   0.0186028
   0.0276998
   0.0365266
   0.0449974
   0.0530217
   0.0605202
   0.0674246
   0.0736681
   0.0791938
   0.0839496
   0.0878904
   0.0909794
   0.0931887
   0.0944982
   0.0948969
   0.0943819
   0.0929599
   0.0906454
   0.0874623
   0.0834421
   0.0786251
   0.0730581
   0.0667956
   0.0598981
   0.0524321
   0.0444692
   0.0360859
   0.0273618
   0.0183815
  0.00923024
  0.00102611
  0.00204169
  0.00303215
  0.00399004
  0.00490422
  0.00576486
  0.00656266
  0.00729367
   0.0079518
  0.00852989
   0.0090234
  0.00942479
  0.00973112
  0.00994087
    0.010054
     0.01007
  0.00999085
  0.00981516
  0.00954655
  0.00918756
  0.00874371
  0.00821901
  0.00762024
  0.00695227
  0.00622289
  0.00543869
  0.00460809
  0.00373857
  0.00283844
  0.00191215
 0.000966636
  0.00924322
   0.0183927
   0.0273602
   0.0360524
   0.0443854
   0.0522758
   0.0596468
    0.066431
   0.0725632
   0.0779874
   0.0826522
   0.0865143
   0.0895375
   0.0916947
   0.0929665
   0.0933425
   0.0928202
   0.0914065
   0.0891163
   0.0859734
    0.082009
    0.077263
    0.071782
   0.0656196
   0.0588356
   0.0514957
   0.0436705
    0.035435
   0.0268675
   0.0180496
  0.00906474
 0.000692133
  0.00139109
  0.00208683
  0.00276931
  0.00343036
  0.00405794
  0.00464476
  0.00518647
  0.00567842
  0.00611495
  0.00649276
  0.00680492
  0.00704922
  0.00722351
  0.00732761
  0.00736061
  0.00732397
  0.00721673
  0.00704171
  0.00679934
  0.00649357
  0.00612629
  0.00570219
  0.00522402
  0.00469699
  0.00412457
  0.00351212
   0.0028634
  0.00218337
  0.00147584
 0.000745219
  0.00883997
   0.0175758
   0.0261207
   0.0343963
   0.0423226
   0.0498256
   0.0568335
   0.0632814
    0.069108
   0.0742592
   0.0786865
    0.082349
   0.0852124
   0.0872511
   0.0884465
   0.0887892
   0.0882771
   0.0869171
   0.0847236
   0.0817197
   0.0779358
     0.07341
   0.0681873
   0.0623193
   0.0558635
   0.0488833
   0.0414463
   0.0336243
   0.0254916
   0.0171245
  0.00860105
 0.000377573
 0.000781903
  0.00120887
  0.00164236
  0.00207699
  0.00249974
  0.00290513
  0.00328739
  0.00364286
  0.00396596
  0.00425404
  0.00450114
  0.00470549
  0.00486397
  0.00497611
   0.0050399
  0.00505586
  0.00502219
  0.00494014
  0.00480893
  0.00463038
  0.00440461
  0.00413374
  0.00381812
  0.00345984
  0.00306049
  0.00262214
  0.00214901
  0.00164368
  0.00111251
 0.000559285
  0.00812116
   0.0161382
   0.0239703
    0.031551
   0.0388075
    0.045674
   0.0520857
   0.0579833
   0.0633113
     0.06802
   0.0720653
   0.0754093
   0.0780208
    0.079876
   0.0809578
   0.0812576
   0.0807736
   0.0795122
   0.0774869
   0.0747194
   0.0712379
   0.0670785
   0.0622827
   0.0568982
   0.0509779
   0.0445843
   0.0377807
   0.0306351
   0.0232173
   0.0155944
  0.00783822
 9.18001e-05
 0.000230383
 0.000417761
 0.000631623
 0.000869368
  0.00111684
  0.00137021
  0.00162193
  0.00186892
  0.00210519
  0.00232833
  0.00253295
   0.0027173
  0.00287696
   0.0030108
  0.00311532
  0.00318975
  0.00323111
  0.00323884
  0.00321078
  0.00314653
   0.0030445
  0.00290424
  0.00272391
  0.00250279
  0.00224115
  0.00193854
  0.00160053
  0.00122831
 0.000831645
 0.000414303
  0.00710497
   0.0141099
    0.020943
   0.0275528
    0.033876
   0.0398578
    0.045442
   0.0505773
   0.0552155
   0.0593135
   0.0628325
   0.0657394
   0.0680067
   0.0696136
   0.0705447
   0.0707929
   0.0703563
   0.0692407
   0.0674579
   0.0650279
   0.0619758
   0.0583342
   0.0541403
   0.0494357
   0.0442672
    0.038693
   0.0327695
   0.0265578
   0.0201206
   0.0135131
  0.00679881
-0.000134467
 -0.00020369
 -0.00019896
-0.000151345
-6.12449e-05
 5.61844e-05
 0.000197931
 0.000355761
 0.000526495
 0.000704074
 0.000885492
  0.00106515
  0.00124022
  0.00140588
  0.00155946
  0.00169715
  0.00181641
  0.00191377
  0.00198672
  0.00203218
  0.00204764
  0.00203038
  0.00197789
  0.00188997
   0.0017648
  0.00160254
  0.00140236
  0.00116826
 0.000901295
 0.000611233
 0.000302054
  0.00578164
   0.0114758
   0.0170234
   0.0223873
   0.0275164
   0.0323678
   0.0368958
   0.0410593
   0.0448187
   0.0481394
   0.0509894
   0.0533418
   0.0551736
   0.0564682
   0.0572131
   0.0574027
   0.0570352
   0.0561136
   0.0546467
    0.052654
   0.0501564
   0.0471834
   0.0437668
   0.0399427
   0.0357514
   0.0312376
   0.0264485
   0.0214319
   0.0162399
   0.0109113
  0.00549742
-0.000303464
-0.000524226
-0.000647521
 -0.00071389
-0.000722162
-0.000689026
-0.000617124
-0.000515716
-0.000388425
-0.000241695
 -7.9432e-05
 9.22487e-05
 0.000269228
 0.000446185
 0.000618863
 0.000783317
 0.000935358
  0.00107133
  0.00118713
  0.00127925
  0.00134363
  0.00137723
  0.00137627
  0.00134322
  0.00127606
  0.00117553
   0.0010409
  0.00087466
 0.000677726
 0.000459571
 0.000224148
  0.00415771
  0.00824562
   0.0122212
   0.0160644
   0.0197383
   0.0232143
   0.0264593
   0.0294441
   0.0321398
   0.0345217
   0.0365665
   0.0382546
   0.0395687
   0.0404976
   0.0410314
   0.0411668
   0.0409019
   0.0402363
   0.0391751
   0.0377354
   0.0359318
   0.0337881
   0.0313279
    0.028579
   0.0255725
   0.0223371
   0.0189092
   0.0153214
   0.0116137
  0.00780838
  0.00394354
-0.000282943
 -0.00051571
-0.000685613
-0.000807398
-0.000879386
-0.000909319
-0.000899303
-0.000855221
-0.000780618
-0.000680629
-0.000559421
-0.000422272
-0.000273669
-0.000118633
 3.82725e-05
 0.000192758
 0.000340429
 0.000477316
 0.000599323
 0.000702861
  0.00078431
 0.000840764
 0.000869474
 0.000871101
 0.000844535
 0.000790279
 0.000708565
 0.000601328
 0.000470373
 0.000321787
   0.0001595
  0.00220682
  0.00438059
  0.00649956
  0.00855056
   0.0105137
   0.0123734
   0.0141117
   0.0157128
   0.0171611
   0.0184431
   0.0195463
   0.0204599
   0.0211748
   0.0216844
   0.0219834
   0.0220698
   0.0219423
   0.0216006
   0.0210473
   0.0202904
   0.0193371
   0.0181992
   0.0168887
   0.0154198
   0.0138085
   0.0120702
   0.0102239
  0.00828736
  0.00628224
  0.00422315
   0.0021317
 3.01966e-06
 5.76051e-06
 7.98529e-06
 9.66823e-06
  1.0793e-05
 1.14877e-05
 1.18078e-05
 1.18454e-05
  1.1638e-05
 1.12335e-05
  1.0659e-05
 9.94864e-06
 9.12513e-06
 8.21745e-06
 7.24657e-06
  6.2374e-06
 5.21148e-06
 4.19149e-06
 3.20241e-06
 2.26575e-06
 1.40876e-06
 6.46037e-07
 2.30369e-10
-5.24108e-07
-9.07917e-07
 -1.1523e-06
-1.24213e-06
-1.19168e-06
-1.00719e-06
-7.26371e-07
-3.78217e-07
-3.07226e-06
-6.14452e-06
-5.56321e-06
 -4.9819e-06
-4.61929e-06
-4.25668e-06
-4.01149e-06
-3.76631e-06
-3.45746e-06
 -3.1486e-06
-2.78045e-06
 -2.4123e-06
 -1.8285e-06
 -1.2447e-06
-6.21731e-07
  1.2384e-09
 5.90378e-07
 1.17952e-06
  2.4806e-06
 3.78169e-06
 5.10676e-06
 6.43184e-06
 7.42173e-06
 8.41162e-06
 8.79937e-06
 9.18712e-06
 8.84077e-06
 8.49443e-06
 5.48176e-06
 2.46909e-06
 1.23455e-06
