   0.0980201
     0.19509
     0.29028
     0.38268
      0.4714
    0.555571
    0.634391
    0.707111
    0.773011
    0.831471
    0.881921
    0.923881
    0.956941
    0.980791
    0.995181
           1
    0.995181
    0.980791
    0.956941
    0.923881
    0.881921
    0.831471
    0.773011
    0.707111
    0.634391
    0.555571
      0.4714
     0.38268
     0.29028
     0.19509
   0.0980199
   -0.773237
    -1.53903
    -2.29002
    -3.01895
    -3.71881
    -4.38287
    -5.00471
    -5.57837
     -6.0983
     -6.5595
    -6.95753
    -7.28855
    -7.54939
    -7.73752
    -7.85113
    -7.88913
    -7.85115
    -7.73756
    -7.54945
    -7.28864
    -6.95763
    -6.55961
    -6.09843
    -5.57851
    -5.00486
    -4.38301
    -3.71895
    -3.01907
    -2.29012
    -1.53911
   -0.773279
   0.0956247
    0.190328
    0.283199
    0.373343
    0.459892
    0.542011
    0.618911
     0.68985
    0.754146
    0.811179
    0.860399
    0.901334
    0.933588
    0.956852
    0.970899
    0.975597
      0.9709
    0.956852
    0.933589
    0.901335
      0.8604
     0.81118
    0.754147
    0.689852
    0.618912
    0.542013
    0.459894
    0.373345
    0.283201
     0.19033
   0.0956254
   -0.751689
    -1.49614
     -2.2262
    -2.93481
    -3.61516
     -4.2607
    -4.86521
    -5.42286
    -5.92829
    -6.37663
    -6.76356
    -7.08535
     -7.3389
    -7.52178
    -7.63221
    -7.66915
    -7.63222
    -7.52179
    -7.33892
    -7.08537
    -6.76359
    -6.37666
    -5.92833
    -5.42291
    -4.86525
    -4.26075
    -3.61521
    -2.93486
    -2.22624
    -1.49617
   -0.751707
   0.0932584
    0.185619
    0.276192
    0.364105
    0.448512
    0.528599
    0.603596
     0.67278
    0.735485
    0.791107
     0.83911
    0.879032
    0.910488
    0.933176
    0.946876
    0.951458
    0.946877
    0.933176
    0.910489
    0.879033
    0.839111
    0.791109
    0.735487
    0.672783
    0.603598
    0.528602
    0.448514
    0.364107
    0.276194
     0.18562
   0.0932594
    -0.73044
    -1.45385
    -2.16326
    -2.85184
    -3.51295
    -4.14023
    -4.72763
    -5.26951
    -5.76064
     -6.1963
    -6.57228
    -6.88496
    -7.13134
    -7.30903
    -7.41634
    -7.45222
    -7.41633
    -7.30902
    -7.13131
    -6.88493
    -6.57224
    -6.19626
    -5.76061
    -5.26948
     -4.7276
    -4.14019
    -3.51291
     -2.8518
    -2.16323
    -1.45383
   -0.730433
   0.0909186
    0.180962
    0.269263
     0.35497
    0.437259
    0.515337
    0.588453
    0.655901
    0.717033
    0.771259
    0.818058
    0.856978
    0.887646
    0.909764
    0.923121
    0.927588
    0.923121
    0.909764
    0.887646
    0.856979
    0.818059
    0.771261
    0.717035
    0.655903
    0.588455
     0.51534
    0.437262
    0.354973
    0.269265
    0.180964
   0.0909198
   -0.709489
    -1.41215
     -2.1012
    -2.77002
    -3.41217
    -4.02144
    -4.59199
    -5.11832
    -5.59535
    -6.01849
    -6.38368
    -6.68738
    -6.92669
    -7.09928
    -7.20349
    -7.23834
    -7.20347
    -7.09923
    -6.92662
    -6.68731
    -6.38359
    -6.01839
    -5.59524
     -5.1182
    -4.59187
    -4.02132
    -3.41205
    -2.76992
    -2.10112
    -1.41208
   -0.709456
   0.0886051
    0.176357
    0.262412
    0.345938
    0.426134
    0.502227
    0.573482
    0.639214
     0.69879
    0.751637
    0.797245
    0.835175
    0.865062
    0.886618
    0.899635
    0.903989
    0.899636
    0.886619
    0.865064
    0.835177
    0.797247
    0.751639
    0.698792
    0.639216
    0.573483
    0.502228
    0.426136
    0.345941
    0.262414
     0.17636
   0.0886068
   -0.688835
    -1.37103
    -2.04003
    -2.68937
    -3.31281
    -3.90435
    -4.45828
    -4.96927
     -5.4324
    -5.84322
    -6.19776
    -6.49262
    -6.72494
    -6.89249
    -6.99366
    -7.02749
    -6.99363
    -6.89242
    -6.72483
    -6.49248
     -6.1976
    -5.84303
     -5.4322
    -4.96906
    -4.45806
    -3.90413
    -3.31261
    -2.68919
    -2.03988
    -1.37092
   -0.688775
   0.0863187
    0.171806
     0.25564
    0.337012
    0.415138
    0.489267
    0.558683
    0.622719
    0.680758
    0.732242
    0.776673
    0.813624
     0.84274
     0.86374
    0.876421
    0.880662
    0.876421
     0.86374
    0.842741
    0.813625
    0.776674
    0.732244
    0.680762
    0.622724
    0.558689
    0.489273
    0.415146
     0.33702
    0.255647
    0.171812
   0.0863216
   -0.668477
    -1.33051
    -1.97973
    -2.60988
    -3.21489
    -3.78894
    -4.32649
    -4.82237
    -5.27181
    -5.67047
    -6.01452
    -6.30065
    -6.52609
    -6.68868
    -6.78686
    -6.81968
    -6.78681
    -6.68858
    -6.52594
    -6.30045
    -6.01427
    -5.67018
     -5.2715
    -4.82204
    -4.32615
    -3.78861
    -3.21459
    -2.60961
    -1.97951
    -1.33035
   -0.668391
   0.0840597
     0.16731
     0.24895
    0.328192
    0.404274
    0.476462
    0.544061
    0.606422
    0.662942
    0.713078
    0.756346
     0.79233
    0.820684
    0.841133
    0.853483
    0.857612
    0.853482
    0.841133
    0.820684
    0.792331
    0.756348
    0.713082
    0.662948
     0.60643
    0.544072
    0.476475
    0.404288
    0.328206
    0.248963
     0.16732
   0.0840644
   -0.648417
    -1.29058
    -1.92032
    -2.53155
     -3.1184
     -3.6752
    -4.19662
    -4.67761
    -5.11354
    -5.50023
    -5.83395
    -6.11147
    -6.33013
    -6.48784
    -6.58306
    -6.61487
    -6.58298
    -6.48769
    -6.32991
    -6.11118
     -5.8336
    -5.49984
    -5.11312
    -4.67717
    -4.19617
    -3.67477
    -3.11799
    -2.53119
    -1.92002
    -1.29037
   -0.648303
   0.0818279
    0.162868
     0.24234
    0.319479
     0.39354
    0.463812
    0.529617
    0.590322
    0.645342
    0.694146
    0.736265
    0.771294
    0.798895
    0.818802
    0.830824
    0.834845
    0.830826
    0.818806
    0.798901
    0.771303
    0.736277
     0.69416
    0.645359
    0.590343
    0.529641
    0.463839
    0.393568
    0.319506
    0.242364
    0.162886
   0.0818358
   -0.628651
    -1.25124
    -1.86178
    -2.45437
    -3.02333
    -3.56315
    -4.06866
    -4.53498
    -4.95761
     -5.3325
    -5.65602
    -5.92507
    -6.13706
    -6.28994
    -6.38223
    -6.41306
    -6.38213
    -6.28973
    -6.13677
     -5.9247
    -5.65558
      -5.332
    -4.95708
    -4.53441
     -4.0681
    -3.56261
    -3.02282
    -2.45392
    -1.86141
    -1.25098
    -0.62851
   0.0796233
     0.15848
    0.235811
    0.310872
    0.382938
    0.451317
    0.515349
    0.574418
    0.627955
    0.675445
     0.71643
    0.750516
    0.777375
    0.796747
    0.808447
    0.812362
    0.808453
     0.79676
    0.777393
     0.75054
     0.71646
     0.67548
    0.627995
    0.574461
    0.515396
    0.451366
    0.382987
    0.310917
     0.23585
    0.158508
    0.079636
   -0.609181
    -1.21249
    -1.80411
    -2.37834
    -2.92966
    -3.45276
     -3.9426
    -4.39446
    -4.80399
    -5.16725
    -5.48075
    -5.74145
    -5.94685
    -6.09496
    -6.18439
    -6.21425
    -6.18427
    -6.09473
     -5.9465
      -5.741
    -5.48021
    -5.16665
    -4.80334
    -4.39379
    -3.94192
    -3.45211
    -2.92905
     -2.3778
    -1.80366
    -1.21217
   -0.609011
   0.0774461
    0.154147
    0.229363
    0.302372
    0.372469
    0.438979
    0.501262
    0.558718
    0.610792
    0.656986
    0.696853
     0.73001
    0.756136
    0.774981
    0.786364
    0.790174
    0.786374
    0.775002
    0.756167
     0.73005
    0.696903
    0.657044
    0.610857
    0.558787
    0.501334
    0.439052
    0.372539
    0.302437
    0.229417
    0.154185
   0.0774638
   -0.590005
    -1.17432
    -1.74731
    -2.30346
    -2.83742
    -3.34404
    -3.81844
    -4.25606
     -4.6527
     -5.0045
     -5.3081
    -5.56058
    -5.75949
    -5.90294
    -5.98953
    -6.01844
     -5.9894
    -5.90267
     -5.7591
    -5.56006
    -5.30749
    -5.00381
    -4.65194
    -4.25529
    -3.81766
    -3.34328
    -2.83671
    -2.30284
     -1.7468
    -1.17395
   -0.589809
   0.0752961
    0.149868
    0.222997
     0.29398
    0.362133
    0.426798
    0.487355
    0.543219
    0.593852
    0.638768
    0.677532
    0.709772
    0.735177
    0.753502
    0.764572
    0.768279
    0.764587
    0.753534
    0.735223
    0.709832
    0.677605
    0.638853
    0.593947
     0.54332
    0.487459
    0.426902
     0.36223
    0.294067
    0.223069
    0.149918
   0.0753199
   -0.571123
    -1.13673
    -1.69138
    -2.22972
    -2.74658
    -3.23697
    -3.69618
    -4.11978
     -4.5037
    -4.84423
    -5.13809
    -5.38247
      -5.575
    -5.71385
    -5.79765
    -5.82563
     -5.7975
    -5.71354
    -5.57455
    -5.38189
     -5.1374
    -4.84345
    -4.50285
    -4.11891
     -3.6953
    -3.23612
    -2.74579
    -2.22902
     -1.6908
    -1.13632
   -0.570902
   0.0731766
     0.14565
    0.216721
    0.285706
    0.351941
    0.414789
    0.473643
    0.527937
    0.577148
    0.620801
    0.658476
    0.689811
    0.714503
    0.732315
    0.743075
    0.746679
    0.743093
     0.73235
    0.714556
    0.689879
    0.658558
    0.620895
    0.577251
    0.528047
    0.473756
      0.4149
    0.352046
    0.285799
    0.216796
    0.145702
   0.0732023
   -0.552531
    -1.09972
    -1.63631
    -2.15712
    -2.65714
    -3.13156
     -3.5758
     -3.9856
      -4.357
    -4.68642
    -4.97071
    -5.20712
    -5.39337
    -5.52769
    -5.60876
    -5.63582
    -5.60859
    -5.52735
     -5.3929
     -5.2065
    -4.96997
    -4.68559
     -4.3561
    -3.98466
    -3.57485
    -3.13064
    -2.65629
    -2.15636
    -1.63569
    -1.09928
   -0.552291
   0.0710866
     0.14149
    0.210533
    0.277548
    0.341893
    0.402947
    0.460123
    0.512868
    0.560675
    0.603084
    0.639686
    0.670128
    0.694116
     0.71142
    0.721874
    0.725375
    0.721892
    0.711455
    0.694167
    0.670194
    0.639766
    0.603175
    0.560776
    0.512975
    0.460232
    0.403054
    0.341993
    0.277636
    0.210603
     0.14154
   0.0711116
   -0.534229
    -1.06329
     -1.5821
    -2.08565
     -2.5691
     -3.0278
    -3.45732
    -3.85353
    -4.21262
    -4.53112
    -4.80598
    -5.03454
    -5.21462
    -5.34447
    -5.42285
    -5.44901
    -5.42268
    -5.34413
    -5.21412
     -5.0339
    -4.80521
    -4.53025
    -4.21168
    -3.85254
    -3.45632
    -3.02683
    -2.56821
    -2.08486
    -1.58145
    -1.06282
   -0.533976
   0.0690291
    0.137394
    0.204438
    0.269513
    0.331994
    0.391279
    0.446798
    0.498015
    0.544436
    0.585615
    0.621154
    0.650712
    0.674005
    0.690806
    0.700954
    0.704352
    0.700967
    0.690831
    0.674042
    0.650761
    0.621213
    0.585681
    0.544508
    0.498092
    0.446876
    0.391357
    0.332067
    0.269577
    0.204489
     0.13743
   0.0690476
   -0.516219
    -1.02745
    -1.52876
    -2.01534
    -2.48249
    -2.92571
    -3.34075
     -3.7236
    -4.07057
    -4.37833
    -4.64392
    -4.86477
    -5.03877
    -5.16424
    -5.23997
    -5.26523
    -5.23979
    -5.16388
    -5.03825
     -4.8641
    -4.64312
    -4.37743
    -4.06959
    -3.72257
    -3.33971
    -2.92471
    -2.48155
    -2.01451
    -1.52808
    -1.02696
   -0.515957
   0.0670025
     0.13336
    0.198434
    0.261597
    0.322242
    0.379783
    0.433667
    0.483375
    0.528429
    0.568393
    0.602884
     0.63157
    0.654173
    0.670476
    0.680322
    0.683616
    0.680326
    0.670485
    0.654186
    0.631587
    0.602906
    0.568417
    0.528455
    0.483403
    0.433696
    0.379812
     0.32227
    0.261622
    0.198454
    0.133374
   0.0670106
   -0.498506
   -0.992192
    -1.47631
    -1.94618
     -2.3973
    -2.82532
    -3.22611
    -3.59582
    -3.93088
    -4.22807
    -4.48454
    -4.69781
    -4.86583
    -4.98698
    -5.06011
     -5.0845
    -5.05992
    -4.98662
    -4.86529
    -4.69711
    -4.48371
    -4.22713
    -3.92986
    -3.59475
    -3.22503
    -2.82427
    -2.39632
    -1.94532
     -1.4756
   -0.991682
   -0.498235
   0.0650034
     0.12938
     0.19251
    0.253786
    0.312618
    0.368438
     0.42071
    0.468929
    0.512632
    0.551398
    0.584854
    0.612678
    0.634601
    0.650412
    0.659959
    0.663151
    0.659956
    0.650407
    0.634594
    0.612669
    0.584846
     0.55139
    0.512624
    0.468921
    0.420702
    0.368431
    0.312614
    0.253784
    0.192509
     0.12938
   0.0650035
   -0.481093
   -0.957536
    -1.42474
     -1.8782
    -2.31357
    -2.72663
    -3.11341
     -3.4702
    -3.79356
    -4.08037
    -4.32787
    -4.53368
    -4.69582
    -4.81274
     -4.8833
    -4.90683
     -4.8831
    -4.81234
    -4.69525
    -4.53294
    -4.32698
    -4.07936
    -3.79247
    -3.46907
    -3.11227
    -2.72552
    -2.31253
     -1.8773
      -1.424
   -0.957006
   -0.480815
   0.0630325
    0.125456
     0.18667
    0.246084
    0.303128
    0.357251
    0.407931
    0.454683
    0.497054
    0.534638
    0.567072
    0.594046
    0.615297
    0.630623
    0.639875
    0.642967
    0.639867
    0.630605
    0.615272
    0.594014
    0.567038
      0.5346
    0.497015
    0.454643
    0.407892
    0.357214
    0.303097
    0.246059
    0.186651
    0.125443
   0.0630257
   -0.463982
   -0.923478
    -1.37406
     -1.8114
    -2.23127
    -2.62964
    -3.00267
    -3.34676
    -3.65862
    -3.93522
    -4.17391
    -4.37239
    -4.52876
     -4.6415
    -4.70954
    -4.73222
    -4.70933
    -4.64109
    -4.52815
    -4.37161
    -4.17297
    -3.93416
    -3.65748
    -3.34558
    -3.00148
    -2.62849
    -2.23021
    -1.81046
     -1.3733
   -0.922938
   -0.463701
   0.0610855
    0.121581
    0.180902
     0.23848
    0.293759
    0.346207
     0.39532
    0.440624
    0.481683
    0.518103
    0.549532
     0.57567
    0.596263
    0.611115
    0.620082
    0.623079
    0.620076
    0.611103
    0.596245
    0.575647
    0.549506
    0.518073
    0.481651
     0.44059
    0.395285
    0.346174
     0.29373
    0.238454
    0.180882
    0.121566
   0.0610775
   -0.447173
   -0.890024
    -1.32429
    -1.74578
    -2.15045
    -2.53438
     -2.8939
    -3.22553
    -3.52608
    -3.79265
    -4.02269
    -4.21397
    -4.36466
     -4.4733
    -4.53886
     -4.5607
    -4.53863
    -4.47285
      -4.364
    -4.21313
     -4.0217
    -3.79154
    -3.52488
    -3.22429
    -2.89267
     -2.5332
    -2.14936
    -1.74483
    -1.32353
   -0.889492
   -0.446904
   0.0591656
    0.117759
    0.175216
    0.230983
    0.284522
     0.33532
    0.382887
    0.426765
    0.466532
    0.501807
    0.532248
    0.557564
    0.577513
    0.591901
     0.60059
    0.603497
    0.600593
    0.591907
    0.577521
    0.557574
    0.532258
    0.501815
    0.466538
    0.426767
    0.382885
    0.335315
    0.284514
    0.230973
    0.175206
    0.117751
   0.0591606
   -0.430668
   -0.857174
    -1.27541
    -1.68135
    -2.07108
    -2.44085
    -2.78709
    -3.10649
    -3.39595
    -3.65269
    -3.87424
    -4.05847
     -4.2036
    -4.30823
    -4.37138
    -4.39243
    -4.37119
    -4.30785
    -4.20303
    -4.05774
    -3.87337
    -3.65172
    -3.39491
    -3.10541
    -2.78602
    -2.43981
    -2.07013
    -1.68052
    -1.27475
   -0.856718
   -0.430444
   0.0572817
    0.114004
    0.169619
    0.223599
    0.275423
    0.324595
    0.370642
    0.413122
    0.451625
    0.485778
    0.515252
    0.539765
    0.559081
    0.573013
    0.581429
    0.584247
     0.58144
    0.573033
    0.559109
      0.5398
    0.515291
    0.485819
    0.451668
    0.413165
    0.370682
    0.324628
    0.275447
    0.223611
    0.169621
    0.113997
   0.0572749
   -0.414464
   -0.824923
    -1.22742
    -1.61809
    -1.99316
    -2.34901
    -2.68223
    -2.98961
    -3.26819
    -3.51529
    -3.72853
    -3.90586
    -4.04557
    -4.14632
    -4.20714
    -4.22744
    -4.20703
    -4.14611
    -4.04526
    -3.90546
    -3.72805
    -3.51474
    -3.26759
    -2.98897
    -2.68158
    -2.34837
    -1.99256
    -1.61756
      -1.227
   -0.824627
   -0.414318
   0.0554305
    0.110313
    0.164117
    0.216339
    0.266476
     0.31405
    0.358605
    0.399712
    0.436974
    0.470027
    0.498554
    0.522279
    0.540974
    0.554459
    0.562605
    0.565334
    0.562619
    0.554485
    0.541011
    0.522327
    0.498611
    0.470093
    0.437047
     0.39979
    0.358682
    0.314118
    0.266528
    0.216371
    0.164129
    0.110306
   0.0554201
   -0.398563
   -0.793276
    -1.18034
    -1.55602
    -1.91671
    -2.25893
    -2.57938
    -2.87499
    -3.14291
    -3.38056
    -3.58566
    -3.75623
    -3.89063
    -3.98757
    -4.04609
    -4.06566
    -4.04607
    -3.98752
    -3.89056
    -3.75614
    -3.58554
    -3.38041
    -3.14273
    -2.87478
    -2.57915
    -2.25868
    -1.91647
     -1.5558
    -1.18015
   -0.793145
   -0.398499
   0.0535969
    0.106671
    0.158709
    0.209217
    0.257709
    0.303721
    0.346813
    0.386568
    0.422604
    0.454572
    0.482161
    0.505108
    0.523191
    0.536235
    0.544115
    0.546755
    0.544129
    0.536263
    0.523232
     0.50516
    0.482224
    0.454642
    0.422681
    0.386648
     0.34689
     0.30379
    0.257764
    0.209256
    0.158731
    0.106678
   0.0535973
    -0.38295
   -0.762207
    -1.13412
    -1.49511
    -1.84171
    -2.17058
    -2.47854
    -2.76263
    -3.02012
    -3.24853
    -3.44566
    -3.60962
     -3.7388
    -3.83199
    -3.88827
     -3.9071
     -3.8883
    -3.83206
    -3.73891
    -3.60975
    -3.44582
     -3.2487
    -3.02029
     -2.7628
    -2.47869
    -2.17072
    -1.84184
    -1.49522
     -1.1342
   -0.762261
   -0.382978
   0.0517976
    0.103098
    0.153406
    0.202235
    0.249116
    0.293598
    0.335253
    0.373681
    0.408512
    0.439411
    0.466078
    0.488258
    0.505736
    0.518344
     0.52596
    0.528511
    0.525972
    0.518366
    0.505769
    0.488299
    0.466127
    0.439465
    0.408569
    0.373737
    0.335306
    0.293644
    0.249154
    0.202265
    0.153428
    0.103113
   0.0518062
   -0.367654
   -0.731771
    -1.08885
    -1.43545
    -1.76824
    -2.08402
    -2.37973
    -2.65254
     -2.8998
    -3.11915
    -3.30846
     -3.4659
    -3.58998
    -3.67947
    -3.73353
    -3.75163
     -3.7336
     -3.6796
    -3.59017
    -3.46616
    -3.30876
     -3.1195
    -2.90018
    -2.65293
    -2.38013
     -2.0844
     -1.7686
    -1.43576
     -1.0891
   -0.731945
   -0.367742
    0.050048
   0.0996136
     0.14822
    0.195398
    0.240693
     0.28367
    0.323916
    0.361042
    0.394692
    0.424542
    0.450304
     0.47173
    0.488613
    0.500791
    0.508147
    0.510609
    0.508153
    0.500804
    0.488631
    0.471754
    0.450333
    0.424575
     0.39473
    0.361083
    0.323961
    0.283719
    0.240744
    0.195446
     0.14826
   0.0996413
    0.050058
    -0.35267
   -0.701964
    -1.04452
    -1.37704
    -1.69632
    -1.99928
      -2.283
    -2.54473
    -2.78196
    -2.99241
    -3.17404
     -3.3251
    -3.44414
    -3.53001
    -3.58187
    -3.59924
    -3.58194
    -3.53014
    -3.44433
    -3.32535
    -3.17434
    -2.99276
    -2.78234
    -2.54513
     -2.2834
    -1.99969
    -1.69671
    -1.37739
    -1.04481
   -0.702177
   -0.352785
   0.0483349
   0.0962013
    0.143139
    0.188696
    0.232435
    0.273935
    0.312796
    0.348644
    0.381135
    0.409956
    0.434829
    0.455515
    0.471814
     0.48357
    0.490669
    0.493044
     0.49067
    0.483573
    0.471819
    0.455522
    0.434841
    0.409974
    0.381161
    0.348681
    0.312847
       0.274
    0.232513
    0.188776
    0.143207
   0.0962471
   0.0483489
   -0.337998
   -0.672778
    -1.00112
    -1.31985
    -1.62588
    -1.91627
    -2.18821
    -2.43909
    -2.66649
     -2.8682
    -3.04229
    -3.18709
    -3.30118
    -3.38348
    -3.43318
    -3.44982
    -3.43322
    -3.38355
     -3.3013
    -3.18724
    -3.04249
    -2.86843
    -2.66675
    -2.43938
    -2.18851
    -1.91657
    -1.62617
    -1.32012
    -1.00137
   -0.672974
   -0.338111
   0.0466556
    0.092857
     0.13816
    0.182129
    0.224342
    0.264392
    0.301894
    0.336488
    0.367841
    0.395652
    0.419653
    0.439613
     0.45534
    0.466684
    0.473536
     0.47583
    0.473545
    0.466704
    0.455374
    0.439663
    0.419724
    0.395743
    0.367951
    0.336614
    0.302033
    0.264539
    0.224488
    0.182262
    0.138264
    0.092922
   0.0466752
   -0.323661
   -0.644243
   -0.958665
    -1.26388
    -1.55694
    -1.83501
    -2.09542
    -2.33565
     -2.5534
    -2.74654
    -2.91323
    -3.05186
    -3.16109
    -3.23987
    -3.28744
    -3.30335
    -3.28743
    -3.23984
    -3.16105
    -3.05181
    -2.91318
    -2.74649
    -2.55335
    -2.33563
    -2.09542
    -1.83504
    -1.55699
    -1.26396
   -0.958764
   -0.644344
   -0.323728
   0.0450079
   0.0895759
    0.133275
    0.175687
    0.216402
    0.255031
    0.291201
    0.324566
    0.354804
    0.381625
    0.404772
    0.424023
    0.439194
    0.450138
    0.456752
    0.458974
    0.456784
    0.450203
    0.439297
    0.424169
    0.404964
    0.381857
    0.355068
    0.324851
    0.291494
    0.255318
    0.216666
    0.175911
    0.133442
   0.0896778
   0.0450419
   -0.309623
   -0.616302
    -0.91709
    -1.20906
    -1.48941
    -1.75541
    -2.00452
    -2.23431
    -2.44259
    -2.62733
    -2.78676
    -2.91935
    -3.02381
    -3.09914
    -3.14462
     -3.1598
    -3.14455
    -3.09901
    -3.02362
     -2.9191
    -2.78648
    -2.62702
    -2.44227
    -2.23401
    -2.00425
    -1.75519
    -1.48924
    -1.20896
   -0.917043
   -0.616306
   -0.309642
   0.0433901
   0.0863542
    0.128479
    0.169361
    0.208608
    0.245843
     0.28071
    0.312873
    0.342023
    0.367883
    0.390204
    0.408772
    0.423413
    0.433984
    0.440385
    0.442551
    0.440462
    0.434137
    0.423638
    0.409063
    0.390552
    0.368276
    0.342446
    0.313308
     0.28114
    0.246248
    0.208968
    0.169658
    0.128696
   0.0864857
   0.0434379
   -0.295901
   -0.588982
   -0.876423
    -1.15543
    -1.42332
     -1.6775
    -1.91552
    -2.13508
    -2.33407
    -2.51057
    -2.66288
    -2.78954
    -2.88932
    -2.96126
    -3.00468
    -3.01917
    -3.00457
    -2.96104
      -2.889
    -2.78913
    -2.66241
    -2.51005
    -2.33353
    -2.13454
    -1.91501
    -1.67704
    -1.42294
    -1.15513
   -0.876217
   -0.588869
   -0.295858
   0.0418019
    0.083192
    0.123772
    0.163155
    0.200963
    0.236835
    0.270427
    0.301417
    0.329509
    0.354433
    0.375953
    0.393864
    0.407995
     0.41821
    0.424411
    0.426529
    0.424543
    0.418469
    0.408363
    0.394322
    0.376479
    0.355005
    0.330103
    0.302012
    0.270998
     0.23736
    0.201419
    0.163523
    0.124038
   0.0833527
   0.0418636
   -0.282465
   -0.562229
   -0.836599
    -1.10291
     -1.3586
    -1.60119
    -1.82836
     -2.0379
    -2.22781
    -2.39625
     -2.5416
    -2.66246
    -2.75767
    -2.82632
    -2.86775
    -2.88156
    -2.86762
    -2.82607
    -2.75731
      -2.662
    -2.54106
    -2.39565
    -2.22718
    -2.03727
    -1.82774
    -1.60062
     -1.3581
     -1.1025
   -0.836296
   -0.562042
   -0.282381
   0.0402424
   0.0800905
    0.119161
    0.157083
    0.193491
     0.22804
    0.260398
    0.290256
    0.317328
    0.341351
    0.362095
    0.379361
    0.392983
    0.402831
    0.408807
     0.41085
    0.408937
    0.403084
    0.393345
    0.379812
    0.362614
    0.341916
    0.317915
    0.290844
    0.260961
    0.228554
    0.193935
    0.157439
    0.119418
   0.0802474
   0.0403074
   -0.269327
   -0.536059
   -0.797629
    -1.05151
    -1.29524
    -1.52649
    -1.74303
    -1.94277
    -2.12379
    -2.28435
     -2.4229
    -2.53812
    -2.62889
    -2.69434
    -2.73384
    -2.74701
    -2.73374
    -2.69414
    -2.62859
    -2.53774
    -2.42245
    -2.28385
    -2.12325
     -1.9422
    -1.74247
    -1.52595
    -1.29475
    -1.05108
   -0.797293
   -0.535832
   -0.269212
   0.0387189
   0.0770614
     0.11466
    0.151156
    0.186202
    0.219463
    0.250623
     0.27938
     0.30546
    0.328605
     0.34859
    0.365221
    0.378338
    0.387814
    0.393557
    0.395509
    0.393651
    0.387998
    0.378602
    0.365553
    0.348975
    0.329029
    0.305906
    0.279831
    0.251056
    0.219859
    0.186541
    0.151424
    0.114851
   0.0771772
    0.038769
   -0.256471
   -0.510456
   -0.759508
    -1.00123
    -1.23329
    -1.45346
    -1.65962
    -1.84979
    -2.02214
    -2.17501
    -2.30694
    -2.41665
    -2.50308
    -2.56541
    -2.60304
    -2.61559
    -2.60296
    -2.56527
    -2.50287
    -2.41638
    -2.30661
    -2.17464
    -2.02173
    -1.84935
    -1.65917
    -1.45302
    -1.23287
    -1.00085
   -0.759195
    -0.51023
    -0.25635
   0.0372514
   0.0741419
    0.110319
    0.145435
    0.179154
    0.211153
    0.241126
    0.268785
    0.293862
    0.316114
    0.335324
    0.351305
    0.363902
    0.372992
    0.378488
    0.380337
    0.378519
    0.373053
     0.36399
    0.351416
    0.335453
    0.316254
    0.294005
    0.268923
    0.241251
    0.211256
     0.17923
    0.145483
    0.110343
   0.0741489
   0.0372514
   -0.243868
   -0.485374
   -0.722191
   -0.952043
    -1.17271
    -1.38208
    -1.57813
    -1.75898
    -1.92289
    -2.06828
    -2.19375
    -2.29809
     -2.3803
    -2.43958
    -2.47537
    -2.48733
    -2.47533
    -2.43949
    -2.38017
    -2.29792
    -2.19355
    -2.06806
    -1.92265
    -1.75873
    -1.57787
    -1.38182
    -1.17246
   -0.951816
   -0.722003
   -0.485235
   -0.243793
   0.0358295
   0.0713115
    0.106108
    0.139879
      0.1723
     0.20306
    0.231862
    0.258431
     0.28251
    0.303868
    0.322296
    0.337618
    0.349685
    0.358379
    0.363617
     0.36535
    0.363561
     0.35827
    0.349529
    0.337421
    0.322063
    0.303603
     0.28222
    0.258122
    0.231543
    0.202741
    0.171996
    0.139606
    0.105885
    0.071155
   0.0357514
   -0.231576
   -0.460911
   -0.685796
   -0.904072
    -1.11364
    -1.31247
    -1.49866
    -1.67042
    -1.82609
    -1.96417
    -2.08334
    -2.18244
    -2.26053
    -2.31684
    -2.35084
    -2.36221
    -2.35082
     -2.3168
    -2.26047
    -2.18237
    -2.08325
    -1.96407
    -1.82598
    -1.67031
    -1.49855
    -1.31236
    -1.11353
   -0.903975
   -0.685715
   -0.460849
   -0.231542
   0.0344398
   0.0685317
    0.101949
    0.134374
    0.165494
    0.195013
    0.222647
    0.248132
    0.271221
    0.291693
    0.309351
    0.324027
    0.335578
    0.343893
    0.348892
    0.350529
    0.348789
    0.343692
    0.335286
    0.323654
    0.308909
    0.291193
    0.270679
    0.247565
    0.222075
    0.194455
    0.164971
    0.133906
     0.10156
   0.0682474
   0.0342888
   -0.219593
   -0.437069
   -0.650333
   -0.857333
    -1.05608
    -1.24465
    -1.42123
    -1.58412
    -1.73176
    -1.86272
    -1.97574
    -2.06974
     -2.1438
    -2.19721
    -2.22947
    -2.24025
    -2.22946
     -2.1972
    -2.14379
    -2.06972
    -1.97573
    -1.86271
    -1.73175
    -1.58411
    -1.42122
    -1.24463
    -1.05606
   -0.857325
   -0.650328
   -0.437068
   -0.219597
   0.0330649
   0.0657797
   0.0978278
    0.128914
     0.15874
    0.187025
    0.213498
    0.237905
    0.260012
    0.279609
    0.296508
    0.310548
    0.321596
    0.329545
     0.33432
    0.335875
    0.334197
    0.329304
    0.321244
    0.310095
    0.295968
    0.278998
    0.259351
    0.237216
    0.212806
    0.186352
    0.158109
    0.128343
   0.0973419
   0.0654126
    0.032863
   -0.207924
   -0.413849
   -0.615794
   -0.811811
    -1.00001
    -1.17859
    -1.34581
    -1.50007
    -1.63988
     -1.7639
    -1.87094
    -1.95995
     -2.0301
    -2.08069
    -2.11124
    -2.12147
    -2.11126
    -2.08072
    -2.03014
    -1.96001
    -1.87101
    -1.76398
    -1.63997
    -1.50016
    -1.34591
    -1.17868
    -1.00011
   -0.811904
   -0.615875
   -0.413915
   -0.207967
   0.0316536
   0.0629757
   0.0936622
    0.123426
    0.151982
     0.17906
    0.204401
    0.227762
    0.248921
    0.267676
    0.283848
    0.297284
    0.307855
    0.315462
    0.320031
    0.321521
    0.319919
    0.315241
    0.307533
    0.296868
    0.283351
    0.267111
    0.248304
    0.227116
    0.203749
    0.178425
    0.151386
    0.122889
   0.0932082
   0.0626361
   0.0314672
   -0.196579
    -0.39127
   -0.582199
   -0.767524
   -0.945462
     -1.1143
     -1.2724
    -1.41826
    -1.55045
    -1.66772
    -1.76893
     -1.8531
    -1.91943
    -1.96727
    -1.99617
    -2.00585
    -1.99621
    -1.96735
    -1.91953
    -1.85323
    -1.76909
     -1.6679
    -1.55065
    -1.41847
    -1.27263
    -1.11452
   -0.945683
   -0.767729
   -0.582376
   -0.391407
   -0.196659
   0.0302389
    0.060169
   0.0894997
    0.117953
    0.145254
    0.171144
    0.195376
    0.217717
    0.237954
    0.255894
    0.271366
    0.284223
    0.294341
    0.301626
    0.306009
    0.307449
    0.305934
    0.301478
    0.294124
    0.283941
    0.271027
    0.255503
    0.237518
    0.217253
    0.194904
     0.17068
    0.144815
    0.117557
   0.0891668
   0.0599214
   0.0301025
   -0.185544
   -0.369308
   -0.549521
   -0.724447
   -0.892402
    -1.05177
    -1.20101
    -1.33869
    -1.46348
    -1.57418
    -1.66972
    -1.74918
    -1.81181
    -1.85698
    -1.88428
    -1.89343
    -1.88434
    -1.85711
    -1.81199
    -1.74942
    -1.66999
    -1.57449
    -1.46382
    -1.33905
    -1.20138
    -1.05214
   -0.892762
   -0.724776
   -0.549801
   -0.369518
    -0.18566
   0.0288538
   0.0574203
    0.085423
    0.112592
    0.138667
    0.163396
    0.186544
    0.207889
    0.227226
    0.244371
    0.259161
    0.271454
    0.281132
    0.288104
    0.292302
    0.293688
    0.292248
    0.287998
    0.280979
    0.271257
    0.258924
    0.244099
    0.226922
    0.207565
    0.186213
     0.16307
    0.138359
    0.112316
   0.0851933
   0.0572524
   0.0287627
   -0.174818
   -0.347961
    -0.51776
    -0.68258
   -0.840834
   -0.990998
    -1.13162
    -1.26136
    -1.37895
    -1.48327
    -1.57331
     -1.6482
    -1.70722
     -1.7498
    -1.77554
    -1.78418
    -1.77563
    -1.74999
    -1.70749
    -1.64855
    -1.57372
    -1.48373
    -1.37946
    -1.26189
    -1.13216
   -0.991529
   -0.841334
   -0.683027
   -0.518131
   -0.348232
   -0.174966
   0.0274947
   0.0547242
   0.0814259
    0.107339
    0.132213
    0.155808
    0.177897
    0.198269
    0.216728
    0.233098
    0.247222
    0.258965
    0.268213
    0.274877
    0.278893
    0.280222
    0.278851
    0.274797
      0.2681
    0.258823
    0.247057
    0.232912
    0.216526
    0.198056
    0.177682
    0.155599
    0.132019
    0.107171
   0.0812916
   0.0546315
   0.0274472
   -0.164404
   -0.327234
   -0.486922
   -0.641931
   -0.790766
   -0.931994
    -1.06426
    -1.18628
    -1.29688
      -1.395
    -1.47969
    -1.55014
    -1.60566
    -1.64572
    -1.66994
    -1.67807
    -1.67005
    -1.64594
    -1.60599
    -1.55056
    -1.48019
    -1.39556
    -1.29749
    -1.18692
     -1.0649
   -0.932626
   -0.791355
   -0.642453
   -0.487352
   -0.327546
   -0.164572
   0.0261842
   0.0521165
   0.0775468
    0.102228
    0.125922
    0.148401
    0.169447
    0.188859
    0.206451
    0.222052
    0.235514
    0.246708
    0.255525
    0.261881
    0.265714
    0.266987
    0.265687
     0.26183
    0.255453
    0.246617
    0.235408
    0.221933
    0.206322
    0.188726
    0.169314
    0.148273
    0.125806
    0.102128
   0.0774686
   0.0520637
    0.026158
   -0.154301
   -0.307127
   -0.457007
   -0.602498
   -0.742196
   -0.874757
   -0.998902
    -1.11344
    -1.21726
    -1.30936
    -1.38887
      -1.455
    -1.50712
    -1.54473
    -1.56747
    -1.57511
    -1.56758
    -1.54496
    -1.50745
    -1.45543
    -1.38938
    -1.30995
     -1.2179
    -1.11411
   -0.999579
   -0.875417
   -0.742814
   -0.603047
   -0.457462
   -0.307459
   -0.154482
   0.0249073
   0.0495744
   0.0737629
   0.0972392
    0.119777
     0.14116
    0.161182
    0.179649
    0.196385
    0.211229
    0.224038
    0.234689
     0.24308
     0.24913
    0.252782
    0.253998
    0.252769
    0.249106
    0.243044
    0.234642
    0.223982
    0.211166
    0.196316
    0.179578
     0.16111
    0.141092
    0.119716
   0.0971873
   0.0737228
   0.0495479
    0.024895
   -0.144507
   -0.287635
   -0.428006
   -0.564267
   -0.695106
   -0.819259
   -0.935531
     -1.0428
    -1.14005
    -1.22632
     -1.3008
    -1.36275
    -1.41157
    -1.44681
    -1.46811
    -1.47528
    -1.46824
    -1.44706
    -1.41194
    -1.36322
    -1.30137
    -1.22698
    -1.14076
    -1.04355
   -0.936284
   -0.819989
   -0.695787
   -0.564873
   -0.428507
   -0.288002
   -0.144708
   0.0236434
   0.0470613
   0.0700269
   0.0923192
    0.113723
    0.134032
    0.153051
    0.170595
    0.186496
    0.200601
    0.212774
    0.222898
    0.230876
     0.23663
    0.240106
     0.24127
     0.24011
    0.236638
    0.230887
    0.222912
     0.21279
    0.200619
    0.186515
    0.170615
    0.153071
    0.134053
    0.113744
     0.09234
   0.0700464
   0.0470781
   0.0236558
   -0.135026
   -0.268763
   -0.399922
   -0.527243
   -0.649499
   -0.765506
   -0.874145
   -0.974377
    -1.06524
    -1.14585
    -1.21544
    -1.27334
    -1.31898
    -1.35192
    -1.37185
    -1.37856
    -1.37201
    -1.35224
    -1.31945
    -1.27394
    -1.21616
    -1.14666
    -1.06611
   -0.975278
   -0.875043
   -0.766367
   -0.650297
    -0.52795
   -0.400504
   -0.269184
   -0.135255
   0.0223999
   0.0445894
   0.0663535
   0.0874837
    0.107776
    0.127033
     0.14507
    0.161712
    0.176797
    0.190182
    0.201735
    0.211346
    0.218922
     0.22439
    0.227698
    0.228812
    0.227722
    0.224438
    0.218992
    0.211435
    0.201841
    0.190301
    0.176926
    0.161846
    0.145205
    0.127165
    0.107899
   0.0875946
   0.0664468
   0.0446595
   0.0224424
   -0.125848
   -0.250492
   -0.372732
   -0.491399
   -0.605352
    -0.71348
   -0.814739
   -0.908167
   -0.992863
    -1.06801
     -1.1329
    -1.18688
    -1.22944
    -1.26018
    -1.27878
    -1.28508
      -1.279
     -1.2606
    -1.23005
    -1.18766
    -1.13382
    -1.06905
   -0.993967
   -0.909301
   -0.815863
    -0.71455
   -0.606339
    -0.49227
   -0.373443
   -0.250999
   -0.126118
   0.0211795
   0.0421666
   0.0627578
   0.0827532
     0.10196
     0.12019
    0.137268
    0.153027
    0.167316
    0.179996
    0.190943
    0.200051
    0.207233
    0.212419
    0.215557
    0.216618
     0.21559
    0.212484
     0.20733
    0.200178
    0.191097
    0.180174
    0.167515
     0.15324
    0.137489
    0.120413
    0.102176
   0.0829508
   0.0629239
   0.0422925
    0.021255
   -0.116959
   -0.232801
    -0.34641
   -0.456703
   -0.562619
   -0.663133
   -0.757276
   -0.844148
    -0.92291
   -0.992803
    -1.05315
    -1.10338
    -1.14298
     -1.1716
    -1.18893
    -1.19482
     -1.1892
    -1.17213
    -1.14377
    -1.10438
    -1.05434
   -0.994134
   -0.924339
   -0.845624
   -0.758746
    -0.66454
   -0.563911
    -0.45783
   -0.347317
   -0.233439
   -0.117293
   0.0199898
   0.0398045
   0.0592523
   0.0781415
    0.096289
    0.113517
     0.12966
    0.144558
    0.158068
    0.170059
    0.180412
    0.189028
    0.195822
    0.200728
    0.203697
    0.204701
     0.20373
    0.200794
    0.195921
    0.189161
    0.180579
    0.170258
    0.158297
    0.144812
    0.129932
      0.1138
   0.0965713
   0.0784047
   0.0594754
   0.0399755
   0.0200928
   -0.108386
    -0.21574
   -0.321028
    -0.42325
   -0.521421
   -0.614597
   -0.701882
   -0.782432
   -0.855471
   -0.920292
   -0.976268
    -1.02286
    -1.05961
    -1.08616
    -1.10227
    -1.10775
    -1.10257
    -1.08677
    -1.06049
    -1.02399
    -0.97761
   -0.921802
     -0.8571
   -0.784124
   -0.703575
   -0.616227
   -0.522919
   -0.424552
   -0.322072
    -0.21647
   -0.108764
   0.0188375
   0.0375134
   0.0558473
   0.0736569
    0.090769
    0.107016
    0.122239
     0.13629
    0.149033
    0.160342
    0.170108
    0.178235
    0.184646
    0.189279
    0.192088
    0.193046
    0.192143
    0.189388
    0.184809
    0.178447
    0.170365
    0.160636
    0.149355
    0.136637
    0.122605
    0.107392
   0.0911433
   0.0740075
   0.0561484
   0.0377434
   0.0189691
   -0.100108
   -0.199281
   -0.296567
    -0.39103
   -0.481761
   -0.567884
   -0.648567
   -0.723032
   -0.790557
   -0.850489
   -0.902247
    -0.94533
   -0.979317
    -1.00388
    -1.01877
    -1.02386
    -1.01908
    -1.00448
   -0.980198
   -0.946464
   -0.903602
   -0.852022
    -0.79222
   -0.724769
   -0.650316
   -0.569579
   -0.483333
   -0.392411
   -0.297689
   -0.200081
   -0.100528
     0.01772
   0.0352903
   0.0525413
   0.0692998
   0.0854023
    0.100691
    0.115015
    0.128237
    0.140226
    0.150867
    0.160056
    0.167705
    0.173741
    0.178108
    0.180764
    0.181681
    0.180853
    0.178283
    0.173997
    0.168032
    0.160442
    0.151295
    0.140678
    0.128708
    0.115502
    0.101182
   0.0858862
   0.0697509
   0.0529295
   0.0355846
   0.0178821
  -0.0921543
   -0.183466
   -0.273056
   -0.360055
   -0.443625
   -0.522953
   -0.597274
   -0.665869
   -0.728072
   -0.783282
   -0.830964
   -0.870653
   -0.901964
   -0.924591
   -0.938315
      -0.943
   -0.938601
   -0.925156
   -0.902792
   -0.871724
   -0.832248
   -0.784744
   -0.729666
   -0.667542
   -0.598969
   -0.524607
   -0.445171
   -0.361427
   -0.274183
   -0.184281
  -0.0925885
   0.0166192
   0.0331035
   0.0492939
   0.0650256
   0.0801455
   0.0945042
    0.107962
    0.120388
    0.131663
    0.141675
    0.150329
     0.15754
    0.163238
    0.167369
    0.169891
    0.170776
    0.170016
    0.167621
    0.163614
     0.15803
     0.15092
    0.142343
    0.132382
    0.121139
    0.108724
   0.0952538
   0.0808573
    0.065668
   0.0498302
    0.033499
   0.0168319
  -0.0845508
   -0.168329
    -0.25053
   -0.330355
   -0.407034
   -0.479821
   -0.548012
   -0.610946
   -0.668013
    -0.71866
   -0.762396
   -0.798799
   -0.827514
   -0.848263
   -0.860844
   -0.865136
   -0.861095
   -0.848756
   -0.828238
   -0.799736
   -0.763522
   -0.719944
    -0.66942
   -0.612432
   -0.549525
   -0.481306
   -0.408431
   -0.331601
   -0.251557
   -0.169072
  -0.0849444
   0.0155461
   0.0309725
   0.0461311
   0.0608659
    0.075034
   0.0884952
    0.101119
    0.112784
    0.123378
    0.132796
    0.140947
     0.14775
    0.153138
    0.157054
    0.159459
    0.160321
    0.159632
    0.157409
    0.153675
    0.148461
    0.141814
    0.133788
    0.124459
    0.113915
    0.102257
   0.0895974
   0.0760572
   0.0617684
   0.0468675
   0.0315036
   0.0158263
  -0.0772457
   -0.153786
   -0.228884
   -0.301811
   -0.371863
   -0.438356
   -0.500648
   -0.558134
   -0.610258
   -0.656514
   -0.696455
   -0.729697
   -0.755915
   -0.774859
   -0.786342
   -0.790255
   -0.786558
   -0.775284
   -0.756538
   -0.730502
   -0.697423
   -0.657619
   -0.611471
   -0.559419
    -0.50196
   -0.439649
   -0.373083
   -0.302903
   -0.229785
   -0.154438
  -0.0775885
   0.0145194
   0.0289404
   0.0431271
   0.0569254
   0.0702018
   0.0828234
    0.094668
    0.105618
    0.115568
    0.124416
    0.132075
    0.138474
     0.14355
    0.147249
     0.14953
    0.150366
    0.149745
    0.147681
    0.144192
     0.13931
     0.13308
    0.125556
    0.116806
    0.106915
   0.0959768
    0.084097
   0.0713896
    0.057978
   0.0439918
   0.0295703
   0.0148551
  -0.0702452
   -0.139844
   -0.208127
   -0.274429
   -0.338109
    -0.39855
   -0.455167
   -0.507413
   -0.554782
   -0.596819
   -0.633116
   -0.663324
   -0.687149
   -0.704361
   -0.714794
   -0.718346
    -0.71498
   -0.704727
   -0.687683
   -0.664011
   -0.633937
   -0.597751
   -0.555797
    -0.50848
   -0.456251
   -0.399612
   -0.339107
   -0.275317
   -0.208855
   -0.140368
  -0.0705161
   0.0135494
   0.0270219
   0.0402937
   0.0532114
   0.0656503
   0.0774836
   0.0885959
   0.0988731
    0.108213
    0.116519
    0.123707
    0.129717
    0.134488
     0.13797
    0.140125
    0.140926
     0.14036
    0.138434
    0.135164
    0.130584
    0.124735
    0.117673
    0.109464
    0.100186
   0.0899294
   0.0787928
   0.0668838
   0.0543164
   0.0412125
   0.0277015
   0.0139162
  -0.0635342
   -0.126479
   -0.188229
    -0.24818
   -0.305756
   -0.360397
   -0.411576
     -0.4588
   -0.501614
   -0.539605
   -0.572407
   -0.599703
   -0.621228
   -0.636775
   -0.646192
   -0.649388
   -0.646331
   -0.637047
   -0.621626
   -0.600213
   -0.573014
   -0.540291
   -0.502357
   -0.459577
   -0.412363
   -0.361166
   -0.306476
    -0.24882
   -0.188751
   -0.126852
  -0.0637227
   0.0126975
   0.0253157
   0.0377401
   0.0498305
   0.0614704
   0.0725435
   0.0829411
   0.0925569
    0.101295
    0.109064
    0.115788
    0.121407
    0.125865
    0.129116
    0.131124
    0.131866
    0.131329
    0.129521
    0.126455
    0.122163
    0.116683
    0.110068
     0.10238
   0.0936937
   0.0840921
   0.0736697
   0.0625275
   0.0507731
    0.038521
   0.0258913
    0.013008
  -0.0571086
   -0.113682
   -0.169175
   -0.223049
   -0.274786
   -0.323885
   -0.369871
   -0.412299
   -0.450759
   -0.484883
    -0.51434
   -0.538847
   -0.558165
   -0.572109
   -0.580542
   -0.583385
   -0.580608
   -0.572239
   -0.558357
   -0.539097
   -0.514642
   -0.485229
   -0.451138
   -0.412699
   -0.370281
    -0.32429
   -0.275169
   -0.223391
   -0.169454
    -0.11388
  -0.0572075
   0.0119247
   0.0237619
   0.0354042
   0.0467241
   0.0576123
   0.0679639
   0.0776771
   0.0866545
   0.0948061
     0.10205
    0.108315
    0.113543
    0.117682
    0.120692
    0.122541
    0.123207
    0.122683
    0.120973
    0.118092
    0.114067
    0.108937
    0.102747
   0.0955584
   0.0874384
   0.0784656
   0.0687295
    0.058325
   0.0473536
   0.0359227
   0.0241435
   0.0121311
  -0.0509785
   -0.101472
   -0.150993
   -0.199066
   -0.245227
    -0.28903
   -0.330053
   -0.367896
   -0.402194
   -0.432619
   -0.458877
   -0.480715
   -0.497922
   -0.510331
   -0.517823
   -0.520326
   -0.517817
   -0.510322
   -0.497912
   -0.480709
   -0.458878
   -0.432628
   -0.402212
   -0.367922
   -0.330087
   -0.289074
   -0.245275
   -0.199114
   -0.151033
     -0.1015
  -0.0509901
   0.0111982
   0.0222935
   0.0331836
   0.0437612
   0.0539252
    0.063581
    0.072635
   0.0809982
   0.0885883
   0.0953291
    0.101154
    0.106008
    0.109844
    0.112624
    0.114319
    0.114911
    0.114395
    0.112774
    0.110066
    0.106293
    0.101493
     0.09571
   0.0889995
   0.0814254
   0.0730611
   0.0639886
   0.0542961
   0.0440783
   0.0334349
     0.02247
   0.0112904
  -0.0451527
  -0.0898654
   -0.133704
   -0.176252
   -0.217098
   -0.255849
   -0.292133
   -0.325599
   -0.355924
   -0.382818
   -0.406022
   -0.425312
   -0.440503
   -0.451449
   -0.458044
   -0.460226
   -0.457976
   -0.451317
   -0.440312
   -0.425072
   -0.405741
   -0.382508
   -0.355597
   -0.325266
   -0.291808
   -0.255546
   -0.216826
   -0.176019
   -0.133519
  -0.0897334
  -0.0450833
     0.01051
   0.0208999
   0.0310716
   0.0409386
   0.0504078
   0.0593951
   0.0678154
    0.075588
   0.0826383
   0.0888951
   0.0942975
   0.0987927
    0.102337
    0.104894
    0.106441
    0.106961
    0.106449
    0.104913
    0.102366
   0.0988338
    0.094349
   0.0889545
   0.0827026
   0.0756529
   0.0678737
   0.0594392
   0.0504314
   0.0409375
   0.0310497
   0.0208659
   0.0104846
  -0.0396134
  -0.0788298
   -0.117268
   -0.154564
    -0.19036
   -0.224313
   -0.256099
   -0.285412
    -0.31197
   -0.335518
   -0.355831
   -0.372714
   -0.386004
   -0.395574
   -0.401332
   -0.403226
   -0.401238
   -0.395389
   -0.385734
   -0.372369
   -0.355423
   -0.335062
   -0.311481
   -0.284908
     -0.2556
   -0.223838
   -0.189926
   -0.154187
   -0.116964
  -0.0786124
  -0.0395008
  0.00981519
   0.0195123
   0.0289989
    0.038192
   0.0470054
   0.0553607
   0.0631796
   0.0703891
    0.076921
   0.0827124
   0.0877076
   0.0918584
   0.0951249
    0.097475
    0.098886
   0.0993444
    0.098846
   0.0973965
   0.0950102
   0.0917093
   0.0875256
   0.0824989
   0.0766776
   0.0701188
   0.0628864
   0.0550532
    0.046696
   0.0378958
   0.0287388
    0.019312
  0.00970614
  -0.0343551
  -0.0683561
   -0.101671
   -0.133991
   -0.165003
   -0.194415
   -0.221945
    -0.24733
   -0.270326
   -0.290716
   -0.308304
   -0.322921
   -0.334428
   -0.342715
   -0.347703
   -0.349346
   -0.347628
   -0.342567
   -0.334213
   -0.322645
   -0.307976
   -0.290346
   -0.269925
    -0.24691
    -0.22152
   -0.194002
    -0.16462
   -0.133651
   -0.101393
  -0.0681524
  -0.0342475
  0.00913771
   0.0181621
   0.0269869
    0.035532
   0.0437167
   0.0514673
   0.0587112
   0.0653825
   0.0714189
   0.0767654
    0.081372
   0.0851949
   0.0881987
   0.0903536
   0.0916397
   0.0920438
   0.0915627
   0.0902005
   0.0879704
   0.0848932
    0.080998
   0.0763221
   0.0709101
   0.0648178
   0.0581049
   0.0508439
   0.0431077
   0.0349714
   0.0265157
   0.0178166
  0.00895705
  -0.0293904
  -0.0584692
  -0.0869521
   -0.114581
    -0.14109
    -0.16623
   -0.189759
   -0.211455
   -0.231112
   -0.248542
   -0.263579
   -0.276079
   -0.285923
   -0.293016
   -0.297292
   -0.298709
   -0.297256
   -0.292945
   -0.285819
   -0.275946
    -0.26342
    -0.24836
    -0.23091
   -0.211236
   -0.189527
   -0.165995
   -0.140865
   -0.114374
  -0.0867757
  -0.0583319
  -0.0293148
  0.00846817
   0.0168316
   0.0250103
   0.0329273
   0.0405081
   0.0476829
   0.0543847
   0.0605519
   0.0661275
   0.0710602
   0.0753046
   0.0788206
   0.0815756
   0.0835429
    0.084704
   0.0850472
   0.0845691
   0.0832757
     0.08118
   0.0783068
   0.0746851
   0.0703481
   0.0653387
   0.0597074
   0.0535109
   0.0468137
   0.0396833
   0.0321886
   0.0244036
   0.0163971
  0.00824406
  -0.0246994
  -0.0491376
  -0.0730757
  -0.0962997
   -0.118586
   -0.139727
   -0.159519
   -0.177774
   -0.194319
   -0.208994
    -0.22166
   -0.232196
   -0.240499
   -0.246491
   -0.250114
   -0.251333
   -0.250138
   -0.246538
   -0.240566
    -0.23228
   -0.221759
   -0.209101
   -0.194429
   -0.177882
   -0.159618
   -0.139814
   -0.118657
  -0.0963499
   -0.073104
  -0.0491426
  -0.0246953
  0.00781157
   0.0155288
   0.0230783
   0.0303866
   0.0373851
   0.0440074
    0.050192
   0.0558804
   0.0610199
   0.0655621
   0.0694649
   0.0726913
   0.0752111
       0.077
   0.0780408
   0.0783234
   0.0778448
   0.0766136
   0.0746428
   0.0719631
   0.0686032
   0.0645928
   0.0599733
   0.0547896
   0.0490945
   0.0429438
   0.0363992
   0.0295229
   0.0223823
   0.0150395
   0.0075625
  -0.0203224
  -0.0404315
  -0.0601308
  -0.0792472
   -0.097597
   -0.115009
   -0.131315
    -0.14636
       -0.16
   -0.172103
   -0.182555
   -0.191253
   -0.198114
   -0.203072
    -0.20608
   -0.207108
   -0.206147
   -0.203202
     -0.1983
    -0.19149
   -0.182834
   -0.172415
   -0.160332
   -0.146701
   -0.131652
   -0.115328
   -0.097884
  -0.0794863
  -0.0603103
  -0.0405418
  -0.0203708
  0.00718004
   0.0142765
   0.0212225
   0.0279466
   0.0343852
   0.0404752
   0.0461591
   0.0513822
   0.0560949
   0.0602519
   0.0638137
   0.0667493
   0.0690318
    0.070647
   0.0715813
   0.0718223
    0.071369
   0.0702281
    0.068413
   0.0659487
   0.0628623
    0.059182
   0.0549456
   0.0501939
   0.0449745
   0.0393392
   0.0333434
   0.0270442
   0.0205019
   0.0137743
  0.00692334
  -0.0162527
  -0.0323431
  -0.0481152
  -0.0634265
  -0.0781298
   -0.092085
   -0.105158
   -0.117222
   -0.128161
   -0.137872
   -0.146261
   -0.153246
    -0.15876
   -0.162747
    -0.16517
   -0.166004
   -0.165244
   -0.162893
   -0.158974
   -0.153524
   -0.146594
   -0.138249
   -0.128568
   -0.117644
    -0.10558
  -0.0924918
   -0.078503
  -0.0637482
  -0.0483681
  -0.0325122
  -0.0163337
  0.00656601
   0.0130604
   0.0194223
   0.0255817
   0.0314797
   0.0370559
   0.0422564
   0.0470301
   0.0513306
   0.0551154
   0.0583479
    0.061004
   0.0630605
   0.0645141
   0.0653553
   0.0655688
   0.0651556
    0.064119
   0.0624716
   0.0602312
   0.0574219
   0.0540696
   0.0502082
   0.0458741
   0.0411099
    0.035964
   0.0304863
   0.0247291
   0.0187468
   0.0125937
  0.00632665
  -0.0124927
  -0.0248691
  -0.0370094
  -0.0487994
  -0.0601257
  -0.0708779
  -0.0809523
  -0.0902504
  -0.0986826
    -0.10617
   -0.112641
   -0.118031
   -0.122288
   -0.125367
   -0.127239
   -0.127887
   -0.127304
   -0.125497
   -0.122482
   -0.118287
   -0.112952
   -0.106527
  -0.0990719
  -0.0906572
  -0.0813624
  -0.0712766
  -0.0604958
  -0.0491241
  -0.0372699
  -0.0250493
  -0.0125811
  0.00597674
   0.0118883
   0.0176781
    0.023282
   0.0286449
   0.0337137
   0.0384395
    0.042782
   0.0467004
   0.0501519
   0.0531043
   0.0555326
   0.0574163
    0.058748
   0.0595189
   0.0597186
   0.0593474
   0.0584092
   0.0569148
     0.05488
   0.0523257
   0.0492754
   0.0457591
   0.0418107
   0.0374685
   0.0327775
   0.0277835
   0.0225344
   0.0170805
    0.011472
  0.00576184
 -0.00906388
  -0.0180399
  -0.0268408
  -0.0353875
  -0.0435983
  -0.0513937
  -0.0586989
  -0.0654408
  -0.0715542
  -0.0769821
  -0.0816723
  -0.0855783
  -0.0886622
  -0.0908926
  -0.0922473
  -0.0927138
  -0.0922875
  -0.0909728
  -0.0887825
  -0.0857381
  -0.0818687
  -0.0772103
  -0.0718067
  -0.0657073
  -0.0589693
  -0.0516577
  -0.0438414
  -0.0355964
  -0.0270013
  -0.0181431
 -0.00910814
  0.00540549
   0.0107522
   0.0159878
   0.0210539
      0.0259
    0.030481
   0.0347535
   0.0386891
   0.0422528
   0.0454008
   0.0481045
    0.050336
   0.0520761
   0.0533104
   0.0540294
   0.0542274
   0.0539039
   0.0530632
   0.0517148
   0.0498732
    0.047557
   0.0447878
   0.0415923
   0.0380022
   0.0340527
   0.0297858
   0.0252436
   0.0204701
   0.0155118
   0.0104155
  0.00522968
 -0.00593088
  -0.0117997
  -0.0175484
  -0.0231298
  -0.0284908
  -0.0335797
  -0.0383479
  -0.0427459
   -0.046731
  -0.0502663
  -0.0533177
   -0.055856
  -0.0578565
  -0.0592994
  -0.0601706
  -0.0604615
   -0.060169
  -0.0592965
  -0.0578524
  -0.0558531
  -0.0533183
  -0.0502719
  -0.0467432
   -0.042763
  -0.0383685
  -0.0336028
  -0.0285102
  -0.0231411
  -0.0175459
  -0.0117837
 -0.00591056
  0.00485601
   0.0096667
   0.0143855
   0.0189564
   0.0233345
   0.0274771
   0.0313455
   0.0349097
   0.0381376
   0.0409926
   0.0434478
   0.0454779
   0.0470639
   0.0481912
   0.0488499
   0.0490343
   0.0487435
   0.0479828
   0.0467607
   0.0450927
   0.0429962
   0.0404907
    0.037601
    0.034355
   0.0307847
   0.0269275
   0.0228217
   0.0185068
   0.0140244
  0.00941669
  0.00472729
 -0.00309103
 -0.00614629
 -0.00913423
  -0.0120308
  -0.0148077
  -0.0174384
  -0.0198977
  -0.0221605
  -0.0242052
  -0.0260135
  -0.0275687
  -0.0288563
  -0.0298645
  -0.0305837
  -0.0310071
  -0.0311305
  -0.0309527
  -0.0304743
     -0.0297
  -0.0286406
  -0.0273067
  -0.0257131
  -0.0238756
  -0.0218122
  -0.0195427
  -0.0170914
  -0.0144816
  -0.0117397
 -0.00889176
 -0.00596675
 -0.00299227
  0.00434402
  0.00865616
    0.012896
   0.0170093
   0.0209559
   0.0246947
   0.0281897
   0.0314083
   0.0343196
   0.0368948
   0.0391089
   0.0409398
   0.0423698
   0.0433848
   0.0439749
   0.0441352
   0.0438642
   0.0431688
   0.0420571
   0.0405459
   0.0386519
   0.0363929
    0.033792
   0.0308729
   0.0276646
   0.0241994
   0.0205116
   0.0166355
   0.0126082
  0.00846659
  0.00424978
-0.000544644
 -0.00107569
 -0.00158495
 -0.00206918
 -0.00252246
 -0.00294142
 -0.00332189
 -0.00366119
  -0.0039566
 -0.00420699
 -0.00441109
 -0.00456826
  -0.0046783
 -0.00474124
 -0.00475751
 -0.00472726
 -0.00465119
 -0.00452834
 -0.00435968
 -0.00415132
 -0.00390539
 -0.00362768
  -0.0033212
  -0.0029917
 -0.00264231
 -0.00227901
 -0.00190547
 -0.00152585
 -0.00114389
-0.000761828
-0.000382414
  0.00389554
  0.00775823
   0.0115527
   0.0152339
   0.0187657
   0.0221119
   0.0252393
   0.0281183
   0.0307206
   0.0330209
   0.0349969
   0.0366297
   0.0379036
   0.0388073
   0.0393326
   0.0394745
   0.0392324
   0.0386106
   0.0376166
   0.0362639
   0.0345673
    0.032543
   0.0302111
   0.0275938
   0.0247168
   0.0216118
     0.01831
   0.0148433
    0.011246
  0.00755013
  0.00379117
  0.00170134
  0.00340343
  0.00509396
  0.00675183
  0.00836221
  0.00990741
   0.0113724
   0.0127417
   0.0140014
   0.0151372
   0.0161369
   0.0169879
   0.0176807
   0.0182063
   0.0185583
   0.0187307
   0.0187207
   0.0185273
   0.0181516
   0.0175938
   0.0168584
     0.01595
   0.0148768
   0.0136467
   0.0122715
   0.0107671
  0.00914895
  0.00743519
  0.00564352
  0.00379343
  0.00190434
  0.00348724
  0.00693736
   0.0103187
   0.0135953
    0.016735
   0.0197069
   0.0224816
    0.025033
   0.0273362
   0.0293697
   0.0311139
   0.0325537
    0.033676
   0.0344724
   0.0349364
   0.0350632
   0.0348529
   0.0343062
   0.0334294
   0.0322319
   0.0307259
   0.0289253
   0.0268475
   0.0245133
   0.0219456
   0.0191766
   0.0162352
   0.0131517
  0.00995827
  0.00668272
  0.00335691
  0.00366268
  0.00731579
   0.0109291
   0.0144595
   0.0178733
   0.0211336
   0.0242082
    0.027065
   0.0296757
   0.0320119
   0.0340502
   0.0357664
   0.0371428
   0.0381633
   0.0388168
   0.0390933
   0.0389888
   0.0385015
   0.0376353
   0.0363969
   0.0347975
   0.0328516
   0.0305773
   0.0279943
    0.025127
   0.0220099
   0.0186739
   0.0151558
   0.0114912
  0.00771795
  0.00387452
   0.0030862
  0.00613652
  0.00912248
   0.0120144
   0.0147843
   0.0174049
   0.0198509
   0.0220995
    0.024129
   0.0259206
   0.0274574
   0.0287251
   0.0297124
   0.0304112
   0.0308155
   0.0309211
   0.0307271
   0.0302352
   0.0294502
   0.0283821
   0.0270416
   0.0254417
   0.0235982
   0.0215311
   0.0192621
   0.0168188
   0.0142282
    0.011518
  0.00871777
  0.00585001
  0.00294215
  0.00533596
   0.0106579
   0.0159207
   0.0210576
   0.0260189
   0.0307483
   0.0351983
   0.0393219
   0.0430776
   0.0464258
   0.0493323
   0.0517652
   0.0536997
   0.0551149
   0.0559961
   0.0563313
    0.056116
   0.0553499
   0.0540398
   0.0522013
   0.0498525
   0.0470175
   0.0437241
   0.0400031
   0.0358905
    0.031429
   0.0266621
   0.0216382
   0.0164069
   0.0110206
    0.005533
  0.00270045
  0.00536748
    0.007976
   0.0105025
   0.0129231
   0.0152138
   0.0173529
   0.0193203
   0.0210978
   0.0226678
   0.0240154
   0.0251269
   0.0259913
   0.0266004
    0.026948
   0.0270304
   0.0268458
   0.0263976
   0.0256896
   0.0247338
   0.0235404
    0.022122
    0.020494
    0.018676
   0.0166885
   0.0145548
   0.0122998
  0.00994785
   0.0075257
  0.00505026
  0.00254426
   0.0067194
   0.0134196
   0.0200424
      0.0265
   0.0327294
   0.0386584
   0.0442274
   0.0493782
   0.0540589
   0.0582214
   0.0618237
   0.0648285
   0.0672054
   0.0689308
   0.0699874
   0.0703626
   0.0700515
   0.0690551
   0.0673821
   0.0650556
   0.0620985
   0.0585423
   0.0544222
   0.0497778
   0.0446544
   0.0391006
   0.0331704
   0.0269212
    0.020414
   0.0137134
  0.00688538
  0.00234187
   0.0046533
  0.00691227
  0.00909895
   0.0111926
   0.0131728
   0.0150204
   0.0167179
   0.0182487
   0.0195974
   0.0207502
   0.0216961
   0.0224252
   0.0229332
    0.023215
   0.0232681
   0.0230918
   0.0226887
   0.0220632
    0.021225
   0.0201843
   0.0189523
   0.0175436
   0.0159742
   0.0142629
   0.0124307
   0.0104996
  0.00848942
  0.00642263
  0.00431156
  0.00217407
  0.00783728
   0.0156373
   0.0233298
   0.0308176
   0.0380274
   0.0448785
   0.0513025
    0.057234
   0.0626142
   0.0673895
   0.0715124
   0.0749411
   0.0776415
   0.0795899
   0.0807675
   0.0811638
   0.0807749
   0.0796034
   0.0776605
   0.0749689
   0.0715552
   0.0674539
   0.0627051
   0.0573536
   0.0514508
   0.0450529
   0.0382213
    0.031022
   0.0235242
   0.0158027
  0.00793323
  0.00200726
  0.00398714
  0.00592018
  0.00778952
  0.00957689
   0.0112648
   0.0128364
   0.0142762
    0.015569
   0.0167016
   0.0176614
   0.0184408
   0.0190315
    0.019434
   0.0196452
   0.0196644
   0.0194927
   0.0191316
   0.0185863
    0.017864
   0.0169742
   0.0159261
    0.014733
   0.0134068
   0.0119641
   0.0104232
  0.00880291
  0.00711863
  0.00538844
  0.00362042
  0.00182817
  0.00864541
   0.0172382
   0.0256989
   0.0339242
   0.0418332
     0.04934
   0.0563699
   0.0628532
   0.0687261
   0.0739318
   0.0784193
   0.0821434
   0.0850677
   0.0871685
   0.0884261
   0.0888316
   0.0883818
    0.087081
   0.0849421
   0.0819873
   0.0782458
   0.0737545
   0.0685573
   0.0627025
   0.0562463
   0.0492504
   0.0417814
   0.0339113
   0.0257151
   0.0172743
   0.0086709
  0.00168146
  0.00333664
   0.0049474
  0.00650231
  0.00798516
  0.00938262
   0.0106802
   0.0118673
   0.0129319
   0.0138627
   0.0146501
   0.0152865
   0.0157658
   0.0160883
   0.0162527
   0.0162588
   0.0161086
   0.0158024
   0.0153451
   0.0147427
   0.0140035
   0.0131355
   0.0121496
   0.0110553
  0.00986616
  0.00859629
  0.00726085
  0.00587288
  0.00444679
  0.00298914
  0.00151054
  0.00914641
   0.0182258
   0.0271532
   0.0358234
   0.0441513
   0.0520473
   0.0594333
   0.0662389
   0.0723979
   0.0778526
   0.0825506
   0.0864462
   0.0895022
   0.0916924
   0.0929966
   0.0934045
   0.0929132
   0.0915281
   0.0892633
   0.0861422
   0.0821957
   0.0774629
   0.0719901
   0.0658295
   0.0590405
   0.0516884
   0.0438434
    0.035581
   0.0269798
   0.0181241
  0.00909933
  0.00136554
  0.00270538
  0.00400261
  0.00525143
  0.00643791
  0.00755319
   0.0085857
  0.00953026
   0.0103783
   0.0111206
   0.0117506
   0.0122601
   0.0126452
   0.0129047
   0.0130382
   0.0130458
   0.0129293
   0.0126873
   0.0123242
   0.0118447
   0.0112556
   0.0105632
  0.00977629
  0.00890214
  0.00795109
  0.00693323
  0.00586017
  0.00474321
  0.00359369
  0.00241744
  0.00122277
  0.00934277
   0.0186068
    0.027704
    0.036531
   0.0450013
   0.0530251
   0.0605235
   0.0674277
   0.0736714
   0.0791972
    0.083953
   0.0878938
   0.0909827
   0.0931919
   0.0945012
   0.0948996
   0.0943844
   0.0929621
   0.0906473
   0.0874639
   0.0834435
   0.0786262
   0.0730589
   0.0667962
   0.0598983
   0.0524321
    0.044469
   0.0360854
   0.0273612
   0.0183807
  0.00922984
  0.00102607
  0.00204165
  0.00303261
  0.00399103
  0.00490583
  0.00576715
  0.00656605
  0.00729821
  0.00795733
  0.00853645
  0.00903069
  0.00943283
   0.0097399
  0.00995041
   0.0100641
   0.0100807
   0.0100018
  0.00982638
  0.00955773
  0.00919869
  0.00875456
  0.00822959
  0.00763033
  0.00696186
  0.00623178
  0.00544686
  0.00461543
  0.00374506
  0.00284375
  0.00191621
  0.00096869
  0.00924414
   0.0183945
   0.0273621
   0.0360545
   0.0443873
   0.0522773
   0.0596484
   0.0664325
   0.0725648
   0.0779889
   0.0826537
   0.0865156
   0.0895387
   0.0916959
   0.0929675
   0.0933432
   0.0928207
   0.0914069
   0.0891164
   0.0859732
   0.0820087
   0.0772626
   0.0717813
   0.0656188
   0.0588347
   0.0514948
   0.0436696
    0.035434
   0.0268666
   0.0180489
  0.00906434
 0.000692981
  0.00139283
   0.0020894
  0.00277277
  0.00343434
  0.00406251
  0.00465012
  0.00519265
  0.00568529
  0.00612254
  0.00650077
  0.00681338
  0.00705806
  0.00723276
  0.00733715
  0.00737048
  0.00733393
  0.00722678
  0.00705154
  0.00680896
  0.00650277
  0.00613507
  0.00571034
  0.00523155
  0.00470371
  0.00413046
  0.00351702
   0.0028673
  0.00218616
  0.00147751
 0.000746088
  0.00883971
   0.0175752
   0.0261202
   0.0343958
   0.0423222
   0.0498251
   0.0568331
   0.0632809
   0.0691075
   0.0742586
   0.0786858
   0.0823482
   0.0852115
   0.0872501
   0.0884454
   0.0887879
   0.0882757
   0.0869155
   0.0847219
   0.0817179
   0.0779339
   0.0734081
   0.0681854
   0.0623174
   0.0558617
   0.0488816
   0.0414448
    0.033623
   0.0254906
   0.0171238
   0.0086007
 0.000379547
  0.00078586
  0.00121376
  0.00164821
  0.00208316
  0.00250629
  0.00291199
  0.00329461
  0.00365025
  0.00397357
  0.00426163
  0.00450875
  0.00471298
  0.00487138
  0.00498331
  0.00504694
  0.00506255
  0.00502858
  0.00494603
  0.00481434
  0.00463516
  0.00440879
  0.00413716
   0.0038208
  0.00346173
  0.00306157
  0.00262258
  0.00214876
  0.00164303
  0.00111146
  0.00055879
  0.00812025
   0.0161363
   0.0239683
   0.0315488
   0.0388054
   0.0456719
   0.0520836
   0.0579812
   0.0633091
   0.0680178
    0.072063
   0.0754069
   0.0780183
   0.0798734
   0.0809551
   0.0812549
   0.0807708
   0.0795094
   0.0774841
   0.0747167
   0.0712354
   0.0670762
   0.0622806
   0.0568963
   0.0509767
   0.0445838
   0.0377811
   0.0306364
   0.0232192
   0.0155968
   0.0078394
 9.49297e-05
 0.000236621
 0.000425036
  0.00063997
 0.000877846
  0.00112551
  0.00137874
  0.00163037
  0.00187704
  0.00211308
  0.00233578
  0.00254003
   0.0027238
  0.00288294
  0.00301609
  0.00311999
  0.00319366
  0.00323433
  0.00324127
  0.00321247
   0.0031474
  0.00304457
  0.00290342
  0.00272221
  0.00250028
  0.00223782
  0.00193483
  0.00159643
  0.00122444
 0.000828016
 0.000412506
  0.00710338
   0.0141067
   0.0209395
   0.0275489
   0.0338722
    0.039854
   0.0454382
   0.0505736
   0.0552118
   0.0593098
   0.0628287
   0.0657356
   0.0680029
   0.0696096
   0.0705408
    0.070789
   0.0703525
    0.069237
   0.0674544
   0.0650247
   0.0619729
   0.0583318
   0.0541383
   0.0494342
   0.0442669
    0.038694
    0.032772
   0.0265618
   0.0201255
   0.0135187
  0.00680158
-0.000130485
-0.000195759
-0.000190356
-0.000142026
-5.23711e-05
 6.46825e-05
 0.000205642
 0.000362767
 0.000532599
 0.000709369
 0.000889845
  0.00106865
  0.00124276
  0.00140755
  0.00156023
  0.00169711
  0.00181556
  0.00191218
   0.0019844
  0.00202919
  0.00204399
  0.00202611
  0.00197319
  0.00188485
  0.00175938
  0.00159679
  0.00139659
  0.00116242
 0.000896005
 0.000606517
 0.000299704
  0.00577969
   0.0114718
    0.017019
   0.0223825
   0.0275115
   0.0323629
    0.036891
   0.0410545
   0.0448141
   0.0481348
   0.0509849
   0.0533373
   0.0551693
   0.0564642
   0.0572094
   0.0573993
   0.0570321
   0.0561108
   0.0546446
   0.0526527
   0.0501561
   0.0471843
   0.0437688
   0.0399459
   0.0357559
   0.0312434
   0.0264555
   0.0214402
   0.0162483
   0.0109197
  0.00550164
-0.000298584
-0.000514507
-0.000637436
-0.000703385
-0.000712613
-0.000680353
-0.000609809
-0.000509666
-0.000383803
-0.000238398
-7.75297e-05
 9.28565e-05
 0.000268536
  0.00044429
 0.000615883
 0.000779337
  0.00093051
  0.00106568
  0.00118078
  0.00127225
  0.00133609
  0.00136915
  0.00136816
  0.00133508
  0.00126806
  0.00116762
  0.00103326
 0.000867243
 0.000671138
 0.000453851
 0.000221291
  0.00415538
  0.00824095
   0.0122159
   0.0160585
   0.0197325
   0.0232084
   0.0264535
   0.0294384
   0.0321343
   0.0345164
   0.0365615
   0.0382498
   0.0395644
   0.0404937
   0.0410283
   0.0411644
      0.0409
   0.0402349
    0.039175
   0.0377366
   0.0359348
   0.0337929
   0.0313345
   0.0285874
   0.0255823
   0.0223483
   0.0189213
   0.0153344
    0.011626
  0.00781981
  0.00394922
-0.000281395
-0.000512606
-0.000682828
-0.000804871
-0.000877686
-0.000908364
-0.000899273
-0.000856023
-0.000782275
-0.000683039
-0.000562557
-0.000426036
-0.000278009
-0.000123456
 3.30701e-05
 0.000187256
 0.000334727
 0.000471474
 0.000593414
 0.000696918
 0.000778385
 0.000834869
 0.000863839
 0.000865715
 0.000839462
 0.000785488
   0.0007041
 0.000597152
 0.000466734
  0.00031869
  0.00015794
  0.00220579
  0.00437852
  0.00649715
   0.0085478
   0.0105109
   0.0123706
   0.0141089
     0.01571
   0.0171584
   0.0184405
   0.0195438
   0.0204576
   0.0211726
   0.0216825
   0.0219819
   0.0220686
   0.0219413
   0.0215999
   0.0210472
   0.0202909
   0.0193384
   0.0182014
   0.0168917
   0.0154237
   0.0138131
   0.0120754
   0.0102295
  0.00829349
  0.00628816
  0.00422876
  0.00213448
 2.34096e-06
 4.51434e-06
 6.38368e-06
 7.87488e-06
 8.96456e-06
 9.67906e-06
  1.0062e-05
 1.01686e-05
 1.00453e-05
 9.73408e-06
 9.26744e-06
 8.67449e-06
  7.9798e-06
 7.20693e-06
 6.37748e-06
 5.51271e-06
 4.63322e-06
 3.75941e-06
 2.91161e-06
 2.10963e-06
 1.37268e-06
 7.17172e-07
 1.58377e-07
-2.92637e-07
-6.26046e-07
-8.37842e-07
-9.26942e-07
-9.00687e-07
-7.71251e-07
 -5.6071e-07
-2.94465e-07
-2.74149e-06
-5.48299e-06
-4.96344e-06
-4.44389e-06
-4.12008e-06
-3.79626e-06
-3.57769e-06
-3.35912e-06
-3.08381e-06
-2.80849e-06
-2.48074e-06
  -2.153e-06
-1.63275e-06
 -1.1125e-06
-5.56426e-07
-3.54771e-10
 5.24271e-07
  1.0489e-06
 2.20521e-06
 3.36152e-06
 4.53929e-06
 5.71706e-06
 6.59941e-06
 7.48176e-06
 7.82986e-06
 8.17795e-06
  7.8722e-06
 7.56646e-06
  4.8842e-06
 2.20195e-06
 1.10098e-06
