   0.0980201
     0.19509
     0.29028
     0.38268
      0.4714
    0.555571
    0.634391
    0.707111
    0.773011
    0.831471
    0.881921
    0.923881
    0.956941
    0.980791
    0.995181
           1
    0.995181
    0.980791
    0.956941
    0.923881
    0.881921
    0.831471
    0.773011
    0.707111
    0.634391
    0.555571
      0.4714
     0.38268
     0.29028
     0.19509
   0.0980199
   -0.773238
    -1.53904
    -2.29002
    -3.01895
    -3.71881
    -4.38287
    -5.00472
    -5.57837
     -6.0983
     -6.5595
    -6.95753
    -7.28855
    -7.54939
    -7.73752
    -7.85113
    -7.88913
    -7.85116
    -7.73756
    -7.54945
    -7.28864
    -6.95763
    -6.55961
    -6.09843
    -5.57851
    -5.00486
    -4.38301
    -3.71895
    -3.01907
    -2.29012
    -1.53911
   -0.773279
   0.0956247
    0.190328
    0.283199
    0.373343
    0.459892
    0.542011
    0.618911
     0.68985
    0.754146
    0.811179
    0.860399
    0.901334
    0.933588
    0.956852
      0.9709
    0.975597
      0.9709
    0.956852
    0.933589
    0.901335
      0.8604
     0.81118
    0.754147
    0.689852
    0.618912
    0.542013
    0.459894
    0.373345
    0.283201
     0.19033
   0.0956254
   -0.751689
    -1.49614
     -2.2262
    -2.93481
    -3.61516
     -4.2607
    -4.86521
    -5.42286
    -5.92829
    -6.37663
    -6.76356
    -7.08535
     -7.3389
    -7.52178
    -7.63221
    -7.66915
    -7.63222
    -7.52179
    -7.33892
    -7.08537
    -6.76359
    -6.37666
    -5.92833
    -5.42291
    -4.86525
    -4.26075
    -3.61521
    -2.93486
    -2.22624
    -1.49617
   -0.751707
   0.0932584
    0.185619
    0.276192
    0.364105
    0.448512
    0.528599
    0.603596
     0.67278
    0.735485
    0.791107
     0.83911
    0.879032
    0.910488
    0.933176
    0.946876
    0.951458
    0.946877
    0.933176
    0.910489
    0.879033
    0.839111
    0.791109
    0.735487
    0.672783
    0.603598
    0.528602
    0.448514
    0.364107
    0.276194
     0.18562
   0.0932594
    -0.73044
    -1.45385
    -2.16326
    -2.85184
    -3.51295
    -4.14023
    -4.72763
    -5.26951
    -5.76064
     -6.1963
    -6.57228
    -6.88496
    -7.13134
    -7.30903
    -7.41634
    -7.45222
    -7.41633
    -7.30902
    -7.13131
    -6.88493
    -6.57224
    -6.19626
    -5.76061
    -5.26948
     -4.7276
    -4.14019
    -3.51291
     -2.8518
    -2.16323
    -1.45383
   -0.730433
   0.0909186
    0.180962
    0.269263
     0.35497
    0.437259
    0.515337
    0.588453
    0.655901
    0.717033
     0.77126
    0.818058
    0.856979
    0.887646
    0.909764
    0.923121
    0.927588
    0.923121
    0.909765
    0.887646
    0.856979
    0.818059
    0.771261
    0.717035
    0.655903
    0.588455
     0.51534
    0.437262
    0.354973
    0.269265
    0.180964
   0.0909198
   -0.709489
    -1.41215
     -2.1012
    -2.77002
    -3.41217
    -4.02144
    -4.59199
    -5.11832
    -5.59535
    -6.01849
    -6.38368
    -6.68738
    -6.92669
    -7.09928
    -7.20349
    -7.23834
    -7.20347
    -7.09923
    -6.92662
    -6.68731
    -6.38359
    -6.01839
    -5.59524
     -5.1182
    -4.59187
    -4.02132
    -3.41205
    -2.76992
    -2.10111
    -1.41208
   -0.709456
   0.0886052
    0.176357
    0.262412
    0.345938
    0.426134
    0.502227
    0.573482
    0.639214
     0.69879
    0.751637
    0.797245
    0.835175
    0.865062
    0.886618
    0.899635
    0.903989
    0.899636
    0.886619
    0.865064
    0.835177
    0.797247
    0.751639
    0.698792
    0.639216
    0.573483
    0.502228
    0.426136
    0.345941
    0.262415
     0.17636
   0.0886068
   -0.688835
    -1.37103
    -2.04003
    -2.68937
    -3.31281
    -3.90435
    -4.45828
    -4.96927
     -5.4324
    -5.84322
    -6.19776
    -6.49262
    -6.72494
    -6.89249
    -6.99366
    -7.02748
    -6.99363
    -6.89242
    -6.72483
    -6.49248
     -6.1976
    -5.84303
     -5.4322
    -4.96906
    -4.45806
    -3.90413
    -3.31261
    -2.68919
    -2.03988
    -1.37092
   -0.688775
   0.0863187
    0.171806
     0.25564
    0.337012
    0.415138
    0.489267
    0.558683
    0.622719
    0.680759
    0.732242
    0.776673
    0.813624
     0.84274
     0.86374
    0.876421
    0.880662
    0.876421
     0.86374
    0.842741
    0.813625
    0.776675
    0.732244
    0.680762
    0.622724
    0.558689
    0.489274
    0.415146
     0.33702
    0.255648
    0.171813
    0.086322
   -0.668477
    -1.33051
    -1.97973
    -2.60988
    -3.21489
    -3.78894
    -4.32649
    -4.82237
     -5.2718
    -5.67047
    -6.01452
    -6.30065
    -6.52609
    -6.68868
    -6.78686
    -6.81967
    -6.78681
    -6.68858
    -6.52593
    -6.30045
    -6.01427
    -5.67018
     -5.2715
    -4.82204
    -4.32615
    -3.78861
    -3.21459
    -2.60961
    -1.97951
    -1.33035
   -0.668391
   0.0840597
     0.16731
     0.24895
    0.328192
    0.404274
    0.476462
    0.544061
    0.606422
    0.662942
    0.713078
    0.756346
     0.79233
    0.820684
    0.841134
    0.853483
    0.857612
    0.853482
    0.841133
    0.820684
    0.792331
    0.756349
    0.713082
    0.662948
     0.60643
    0.544073
    0.476476
    0.404289
    0.328208
    0.248964
    0.167322
    0.084065
   -0.648416
    -1.29058
    -1.92032
    -2.53155
    -3.11839
     -3.6752
    -4.19661
    -4.67761
    -5.11354
    -5.50023
    -5.83395
    -6.11147
    -6.33013
    -6.48783
    -6.58306
    -6.61487
    -6.58298
    -6.48769
    -6.32991
    -6.11118
     -5.8336
    -5.49984
    -5.11312
    -4.67717
    -4.19617
    -3.67477
    -3.11799
    -2.53119
    -1.92002
    -1.29037
   -0.648303
   0.0818279
    0.162868
     0.24234
    0.319479
    0.393541
    0.463812
    0.529617
    0.590322
    0.645342
    0.694146
    0.736265
    0.771294
    0.798895
    0.818802
    0.830824
    0.834845
    0.830826
    0.818806
    0.798901
    0.771303
    0.736278
    0.694161
     0.64536
    0.590344
    0.529643
    0.463841
     0.39357
    0.319508
    0.242366
    0.162888
   0.0818369
   -0.628651
    -1.25124
    -1.86177
    -2.45437
    -3.02333
    -3.56315
    -4.06866
    -4.53498
    -4.95761
     -5.3325
    -5.65602
    -5.92507
    -6.13706
    -6.28993
    -6.38223
    -6.41306
    -6.38213
    -6.28973
    -6.13677
     -5.9247
    -5.65558
      -5.332
    -4.95708
    -4.53441
     -4.0681
    -3.56261
    -3.02282
    -2.45392
    -1.86141
    -1.25098
    -0.62851
   0.0796234
     0.15848
    0.235811
    0.310872
    0.382938
    0.451317
    0.515349
    0.574418
    0.627955
    0.675445
     0.71643
    0.750516
    0.777375
    0.796747
    0.808448
    0.812362
    0.808454
     0.79676
    0.777394
    0.750541
    0.716461
    0.675481
    0.627997
    0.574464
    0.515398
    0.451368
    0.382989
     0.31092
    0.235853
    0.158511
   0.0796375
    -0.60918
    -1.21248
     -1.8041
    -2.37834
    -2.92966
    -3.45276
    -3.94259
    -4.39446
    -4.80399
    -5.16725
    -5.48075
    -5.74145
    -5.94685
    -6.09496
    -6.18439
    -6.21425
    -6.18427
    -6.09473
     -5.9465
      -5.741
    -5.48021
    -5.16665
    -4.80334
    -4.39379
    -3.94192
    -3.45211
    -2.92905
     -2.3778
    -1.80366
    -1.21217
   -0.609011
   0.0774461
    0.154147
    0.229363
    0.302372
    0.372469
    0.438979
    0.501262
    0.558718
    0.610793
    0.656986
    0.696853
     0.73001
    0.756137
    0.774982
    0.786365
    0.790175
    0.786376
    0.775004
    0.756169
    0.730052
    0.696905
    0.657046
     0.61086
     0.55879
    0.501337
    0.439056
    0.372543
     0.30244
    0.229421
    0.154188
   0.0774654
   -0.590005
    -1.17432
    -1.74731
    -2.30346
    -2.83742
    -3.34404
    -3.81844
    -4.25606
    -4.65269
     -5.0045
     -5.3081
    -5.56058
    -5.75949
    -5.90294
    -5.98953
    -6.01844
     -5.9894
    -5.90267
     -5.7591
    -5.56006
    -5.30749
    -5.00381
    -4.65194
    -4.25529
    -3.81766
    -3.34328
    -2.83671
    -2.30284
     -1.7468
    -1.17395
   -0.589809
   0.0752961
    0.149868
    0.222997
     0.29398
    0.362132
    0.426798
    0.487355
    0.543219
    0.593853
    0.638768
    0.677533
    0.709773
    0.735178
    0.753504
    0.764574
    0.768281
     0.76459
    0.753537
    0.735226
    0.709836
    0.677609
    0.638857
    0.593951
    0.543325
    0.487464
    0.426906
    0.362234
    0.294071
    0.223073
    0.149922
   0.0753217
   -0.571123
    -1.13673
    -1.69138
    -2.22972
    -2.74658
    -3.23697
    -3.69618
    -4.11978
     -4.5037
    -4.84423
    -5.13809
    -5.38247
      -5.575
    -5.71385
    -5.79765
    -5.82563
     -5.7975
    -5.71354
    -5.57455
    -5.38189
     -5.1374
    -4.84345
    -4.50285
    -4.11891
     -3.6953
    -3.23612
    -2.74579
    -2.22902
     -1.6908
    -1.13632
   -0.570902
   0.0731767
     0.14565
    0.216721
    0.285707
    0.351942
    0.414789
    0.473644
    0.527938
    0.577149
    0.620803
    0.658478
    0.689814
    0.714506
    0.732318
    0.743078
    0.746682
    0.743096
    0.732354
     0.71456
    0.689883
    0.658562
    0.620899
    0.577256
    0.528051
     0.47376
    0.414904
     0.35205
    0.285802
    0.216799
    0.145705
   0.0732038
   -0.552531
    -1.09972
    -1.63631
    -2.15712
    -2.65714
    -3.13156
     -3.5758
     -3.9856
      -4.357
    -4.68642
    -4.97071
    -5.20712
    -5.39337
    -5.52769
    -5.60876
    -5.63582
    -5.60859
    -5.52735
     -5.3929
     -5.2065
    -4.96997
    -4.68559
     -4.3561
    -3.98466
    -3.57485
    -3.13064
    -2.65629
    -2.15636
    -1.63569
    -1.09928
   -0.552291
   0.0710868
     0.14149
    0.210533
    0.277549
    0.341894
    0.402948
    0.460124
     0.51287
    0.560678
    0.603087
    0.639689
    0.670131
     0.69412
    0.711425
    0.721878
     0.72538
    0.721896
     0.71146
    0.694172
    0.670199
    0.639771
     0.60318
    0.560781
    0.512979
    0.460236
    0.403058
    0.341997
     0.27764
    0.210606
    0.141542
   0.0711127
   -0.534229
    -1.06329
     -1.5821
    -2.08565
     -2.5691
     -3.0278
    -3.45732
    -3.85353
    -4.21262
    -4.53112
    -4.80598
    -5.03454
    -5.21462
    -5.34447
    -5.42285
    -5.44901
    -5.42268
    -5.34413
    -5.21412
     -5.0339
    -4.80521
    -4.53025
    -4.21168
    -3.85254
    -3.45632
    -3.02683
    -2.56821
    -2.08486
    -1.58145
    -1.06282
   -0.533976
   0.0690295
    0.137395
    0.204439
    0.269515
    0.331996
    0.391282
    0.446801
    0.498018
    0.544439
    0.585619
    0.621159
    0.650717
    0.674009
    0.690811
    0.700959
    0.704357
    0.700972
    0.690836
    0.674047
    0.650766
    0.621217
    0.585685
    0.544512
    0.498095
     0.44688
     0.39136
    0.332069
    0.269579
     0.20449
    0.137431
   0.0690482
   -0.516219
    -1.02745
    -1.52876
    -2.01534
    -2.48249
    -2.92571
    -3.34075
     -3.7236
    -4.07057
    -4.37833
    -4.64392
    -4.86477
    -5.03877
    -5.16424
    -5.23997
    -5.26523
    -5.23979
    -5.16388
    -5.03825
     -4.8641
    -4.64312
    -4.37743
    -4.06959
    -3.72257
    -3.33971
    -2.92471
    -2.48155
    -2.01451
    -1.52808
    -1.02696
   -0.515956
   0.0670033
    0.133362
    0.198436
      0.2616
    0.322245
    0.379787
    0.433672
     0.48338
    0.528434
    0.568399
     0.60289
    0.631575
    0.654178
    0.670481
    0.680327
    0.683621
    0.680331
     0.67049
    0.654191
    0.631592
     0.60291
    0.568421
    0.528458
    0.483406
    0.433698
    0.379813
    0.322271
    0.261623
    0.198455
    0.133375
   0.0670107
   -0.498506
   -0.992192
    -1.47631
    -1.94618
     -2.3973
    -2.82532
    -3.22611
    -3.59582
    -3.93088
    -4.22807
    -4.48454
    -4.69781
    -4.86583
    -4.98698
    -5.06011
     -5.0845
    -5.05992
    -4.98662
    -4.86529
    -4.69711
    -4.48371
    -4.22713
    -3.92986
    -3.59475
    -3.22503
    -2.82427
    -2.39632
    -1.94532
    -1.47559
    -0.99168
   -0.498234
   0.0650044
    0.129382
    0.192513
    0.253789
    0.312622
    0.368442
    0.420714
    0.468934
    0.512637
    0.551404
     0.58486
    0.612683
    0.634606
    0.650417
    0.659964
    0.663155
    0.659961
     0.65041
    0.634597
    0.612672
    0.584848
    0.551392
    0.512626
    0.468922
    0.420703
    0.368432
    0.312614
    0.253785
    0.192509
     0.12938
   0.0650036
   -0.481093
   -0.957535
    -1.42474
     -1.8782
    -2.31357
    -2.72663
    -3.11341
     -3.4702
    -3.79356
    -4.08037
    -4.32787
    -4.53368
    -4.69582
    -4.81274
     -4.8833
    -4.90683
     -4.8831
    -4.81234
    -4.69525
    -4.53294
    -4.32698
    -4.07936
    -3.79247
    -3.46907
    -3.11227
    -2.72552
    -2.31253
    -1.87729
    -1.42399
   -0.957002
   -0.480813
   0.0630337
    0.125459
    0.186673
    0.246088
    0.303132
    0.357255
    0.407937
    0.454688
    0.497059
    0.534643
    0.567078
    0.594051
    0.615302
    0.630627
    0.639879
     0.64297
     0.63987
    0.630607
    0.615274
    0.594016
    0.567039
    0.534602
    0.497016
    0.454644
    0.407893
    0.357214
    0.303097
     0.24606
    0.186651
    0.125443
   0.0630258
   -0.463982
   -0.923478
    -1.37406
     -1.8114
    -2.23127
    -2.62964
    -3.00267
    -3.34676
    -3.65862
    -3.93522
    -4.17391
    -4.37239
    -4.52876
     -4.6415
    -4.70954
    -4.73223
    -4.70933
    -4.64109
    -4.52815
    -4.37161
    -4.17297
    -3.93416
    -3.65748
    -3.34558
    -3.00148
    -2.62849
     -2.2302
    -1.81046
     -1.3733
   -0.922932
   -0.463698
   0.0610865
    0.121583
    0.180905
    0.238484
    0.293763
    0.346212
    0.395324
    0.440628
    0.481687
    0.518107
    0.549536
    0.575673
    0.596266
    0.611118
    0.620085
    0.623081
    0.620078
    0.611104
    0.596247
    0.575648
    0.549508
    0.518075
    0.481652
    0.440591
    0.395286
    0.346174
     0.29373
    0.238455
    0.180882
    0.121566
   0.0610776
   -0.447173
   -0.890024
    -1.32429
    -1.74578
    -2.15045
    -2.53438
     -2.8939
    -3.22553
    -3.52608
    -3.79265
    -4.02269
    -4.21397
    -4.36465
     -4.4733
    -4.53885
     -4.5607
    -4.53862
    -4.47285
      -4.364
    -4.21312
    -4.02169
    -3.79153
    -3.52487
    -3.22428
    -2.89266
    -2.53319
    -2.14934
    -1.74482
    -1.32351
    -0.88948
   -0.446898
   0.0591666
    0.117761
    0.175218
    0.230986
    0.284526
    0.335324
    0.382891
    0.426769
    0.466536
     0.50181
     0.53225
    0.557567
    0.577514
    0.591902
    0.600592
    0.603498
    0.600594
    0.591908
    0.577522
    0.557574
    0.532259
    0.501816
    0.466539
    0.426768
    0.382886
    0.335315
    0.284515
    0.230973
    0.175206
    0.117751
   0.0591607
   -0.430668
   -0.857174
    -1.27541
    -1.68135
    -2.07108
    -2.44085
    -2.78709
    -3.10649
    -3.39595
    -3.65269
    -3.87424
    -4.05847
    -4.20359
    -4.30823
    -4.37137
    -4.39242
    -4.37117
    -4.30783
    -4.20301
    -4.05772
    -3.87335
     -3.6517
    -3.39488
    -3.10539
      -2.786
    -2.43979
     -2.0701
     -1.6805
    -1.27473
     -0.8567
   -0.430434
   0.0572837
    0.114008
    0.169623
    0.223602
    0.275426
    0.324597
    0.370644
    0.413123
    0.451626
    0.485779
    0.515254
    0.539767
    0.559082
    0.573015
     0.58143
    0.584248
     0.58144
    0.573034
     0.55911
      0.5398
    0.515292
     0.48582
    0.451668
    0.413166
    0.370682
    0.324628
    0.275447
    0.223611
    0.169622
    0.113997
   0.0572749
   -0.414465
   -0.824923
    -1.22742
    -1.61809
    -1.99316
    -2.34901
    -2.68223
    -2.98961
    -3.26819
    -3.51528
    -3.72852
    -3.90585
    -4.04556
    -4.14631
    -4.20712
    -4.22742
    -4.20701
    -4.14609
    -4.04524
    -3.90544
    -3.72803
    -3.51472
    -3.26756
    -2.98895
    -2.68156
    -2.34835
    -1.99253
    -1.61754
    -1.22698
   -0.824612
   -0.414311
   0.0554334
    0.110319
    0.164122
    0.216343
    0.266478
    0.314051
    0.358606
    0.399711
    0.436974
    0.470028
    0.498555
     0.52228
    0.540975
     0.55446
    0.562606
    0.565335
    0.562619
    0.554486
    0.541012
    0.522327
    0.498612
    0.470094
    0.437047
     0.39979
    0.358682
    0.314118
    0.266528
    0.216371
    0.164129
    0.110306
   0.0554201
   -0.398564
   -0.793277
    -1.18034
    -1.55602
    -1.91671
    -2.25893
    -2.57938
    -2.87499
     -3.1429
    -3.38055
    -3.58565
    -3.75622
    -3.89062
    -3.98755
    -4.04607
    -4.06564
    -4.04605
    -3.98749
    -3.89054
    -3.75611
    -3.58552
    -3.38038
     -3.1427
    -2.87475
    -2.57913
    -2.25866
    -1.91645
    -1.55578
    -1.18014
   -0.793134
   -0.398493
   0.0535982
    0.106673
    0.158712
    0.209219
     0.25771
    0.303722
    0.346813
    0.386568
    0.422605
    0.454572
    0.482162
    0.505109
    0.523191
    0.536236
    0.544115
    0.546755
    0.544129
    0.536263
    0.523232
    0.505161
    0.482224
    0.454643
    0.422681
    0.386648
     0.34689
     0.30379
    0.257764
    0.209255
    0.158731
    0.106678
   0.0535971
   -0.382949
   -0.762205
    -1.13412
    -1.49511
    -1.84171
    -2.17057
    -2.47853
    -2.76262
    -3.02011
    -3.24852
    -3.44565
     -3.6096
    -3.73878
    -3.83197
    -3.88825
    -3.90707
    -3.88828
    -3.83204
    -3.73889
    -3.60973
     -3.4458
    -3.24868
    -3.02027
    -2.76278
    -2.47868
     -2.1707
    -1.84183
    -1.49521
    -1.13419
   -0.762254
   -0.382974
   0.0517972
    0.103097
    0.153406
    0.202236
    0.249116
    0.293598
    0.335254
    0.373682
    0.408513
    0.439411
    0.466078
    0.488258
    0.505736
    0.518344
     0.52596
    0.528511
    0.525972
    0.518367
    0.505769
      0.4883
    0.466127
    0.439465
    0.408569
    0.373738
    0.335306
    0.293644
    0.249154
    0.202265
    0.153428
    0.103113
   0.0518061
   -0.367652
   -0.731766
    -1.08884
    -1.43544
    -1.76823
      -2.084
    -2.37971
    -2.65252
    -2.89978
    -3.11912
    -3.30843
    -3.46588
    -3.58995
    -3.67945
    -3.73351
    -3.75161
    -3.73357
    -3.67958
    -3.59015
    -3.46614
    -3.30874
    -3.11948
    -2.90016
    -2.65292
    -2.38012
    -2.08439
    -1.76859
    -1.43576
     -1.0891
   -0.731943
   -0.367741
   0.0500478
   0.0996133
     0.14822
    0.195398
    0.240694
    0.283671
    0.323916
    0.361042
    0.394692
    0.424542
    0.450304
     0.47173
    0.488614
    0.500792
    0.508147
    0.510609
    0.508154
    0.500805
    0.488632
    0.471754
    0.450333
    0.424576
     0.39473
    0.361084
    0.323962
     0.28372
    0.240746
     0.19545
    0.148264
   0.0996457
   0.0500602
   -0.352665
   -0.701954
    -1.04451
    -1.37703
    -1.69631
    -1.99926
    -2.28297
    -2.54471
    -2.78194
    -2.99239
    -3.17402
    -3.32508
    -3.44412
    -3.52998
    -3.58185
    -3.59922
    -3.58192
    -3.53012
    -3.44432
    -3.32534
    -3.17433
    -2.99275
    -2.78234
    -2.54512
     -2.2834
    -1.99968
     -1.6967
    -1.37739
    -1.04481
   -0.702176
   -0.352784
    0.048335
   0.0962014
    0.143139
    0.188697
    0.232436
    0.273935
    0.312796
    0.348645
    0.381136
    0.409957
     0.43483
    0.455516
    0.471815
    0.483571
     0.49067
    0.493045
    0.490671
    0.483573
    0.471819
    0.455523
    0.434841
    0.409974
    0.381162
    0.348682
    0.312848
    0.274002
    0.232518
    0.188783
    0.143215
   0.0962561
   0.0483534
    -0.33799
   -0.672762
     -1.0011
    -1.31982
    -1.62586
    -1.91625
    -2.18819
    -2.43907
    -2.66646
    -2.86818
    -3.04227
    -3.18706
    -3.30116
    -3.38346
    -3.43317
     -3.4498
    -3.43321
    -3.38354
    -3.30129
    -3.18724
    -3.04248
    -2.86843
    -2.66674
    -2.43938
    -2.18851
    -1.91657
    -1.62617
    -1.32012
    -1.00137
   -0.672974
   -0.338111
   0.0466559
   0.0928575
     0.13816
     0.18213
    0.224342
    0.264393
    0.301895
    0.336489
    0.367843
    0.395653
    0.419654
    0.439614
    0.455341
    0.466685
    0.473537
    0.475831
    0.473546
    0.466705
    0.455375
    0.439665
    0.419726
    0.395747
    0.367956
    0.336621
    0.302041
    0.264548
    0.224499
    0.182275
    0.138276
   0.0929345
   0.0466815
   -0.323652
   -0.644226
   -0.958647
    -1.26386
    -1.55691
    -1.83499
     -2.0954
    -2.33563
    -2.55338
    -2.74652
    -2.91322
    -3.05184
    -3.16108
    -3.23986
    -3.28743
    -3.30334
    -3.28742
    -3.23984
    -3.16104
    -3.05181
    -2.91317
    -2.74649
    -2.55335
    -2.33563
    -2.09542
    -1.83504
    -1.55699
    -1.26396
   -0.958764
   -0.644344
   -0.323727
   0.0450084
   0.0895767
    0.133276
    0.175688
    0.216404
    0.255032
    0.291203
    0.324568
    0.354806
    0.381627
    0.404774
    0.424025
    0.439195
    0.450139
    0.456753
    0.458975
    0.456784
    0.450203
    0.439298
     0.42417
    0.404968
    0.381864
    0.355078
    0.324864
    0.291509
    0.255334
    0.216683
    0.175929
     0.13346
   0.0896938
   0.0450499
   -0.309614
   -0.616285
   -0.917071
    -1.20904
    -1.48939
    -1.75539
     -2.0045
    -2.23429
    -2.44257
    -2.62732
    -2.78675
    -2.91934
     -3.0238
    -3.09913
    -3.14461
     -3.1598
    -3.14455
    -3.09901
    -3.02362
     -2.9191
    -2.78648
    -2.62702
    -2.44227
    -2.23401
    -2.00425
    -1.75519
    -1.48924
    -1.20896
   -0.917043
   -0.616306
   -0.309641
   0.0433908
   0.0863555
     0.12848
    0.169363
     0.20861
    0.245845
    0.280711
    0.312874
    0.342025
    0.367884
    0.390205
    0.408774
    0.423414
    0.433985
    0.440387
    0.442555
    0.440467
    0.434143
    0.423645
    0.409071
    0.390562
    0.368288
     0.34246
    0.313324
    0.281157
    0.246267
    0.208987
    0.169677
    0.128713
   0.0865011
   0.0434456
   -0.295894
   -0.588968
   -0.876408
    -1.15542
     -1.4233
    -1.67748
     -1.9155
    -2.13507
    -2.33406
    -2.51056
    -2.66287
    -2.78953
    -2.88931
    -2.96126
    -3.00468
    -3.01916
    -3.00457
    -2.96104
      -2.889
    -2.78913
    -2.66241
    -2.51005
    -2.33353
    -2.13454
    -1.91501
    -1.67704
    -1.42293
    -1.15513
   -0.876215
   -0.588868
   -0.295857
   0.0418029
    0.083194
    0.123774
    0.163157
    0.200965
    0.236837
    0.270429
    0.301419
     0.32951
    0.354434
    0.375954
    0.393865
    0.407996
    0.418211
    0.424415
    0.426536
    0.424552
    0.418481
    0.408376
    0.394338
    0.376496
    0.355023
    0.330122
    0.302032
    0.271018
    0.237381
    0.201439
    0.163543
    0.124055
   0.0833675
    0.041871
    -0.28246
   -0.562219
   -0.836589
     -1.1029
    -1.35859
    -1.60119
    -1.82835
     -2.0379
    -2.22781
    -2.39625
     -2.5416
    -2.66246
    -2.75767
    -2.82632
    -2.86775
    -2.88156
    -2.86762
    -2.82607
    -2.75731
      -2.662
    -2.54106
    -2.39565
    -2.22718
    -2.03726
    -1.82774
    -1.60062
     -1.3581
     -1.1025
   -0.836294
    -0.56204
    -0.28238
   0.0402431
   0.0800919
    0.119163
    0.157084
    0.193493
    0.228041
      0.2604
    0.290257
     0.31733
    0.341354
      0.3621
    0.379367
     0.39299
    0.402839
    0.408817
    0.410862
    0.408951
    0.403099
    0.393361
    0.379829
    0.362631
    0.341933
    0.317932
    0.290861
    0.260977
     0.22857
    0.193949
    0.157452
     0.11943
   0.0802564
   0.0403119
   -0.269325
   -0.536055
   -0.797625
     -1.0515
    -1.29524
    -1.52649
    -1.74303
    -1.94277
    -2.12379
    -2.28435
    -2.42291
    -2.53812
    -2.62889
    -2.69434
    -2.73384
    -2.74701
    -2.73373
    -2.69413
    -2.62859
    -2.53774
    -2.42245
    -2.28384
    -2.12324
     -1.9422
    -1.74246
    -1.52595
    -1.29474
    -1.05108
    -0.79729
    -0.53583
   -0.269212
   0.0387194
   0.0770623
    0.114661
    0.151157
    0.186203
    0.219464
    0.250623
    0.279381
    0.305464
    0.328611
    0.348598
    0.365233
    0.378351
    0.387829
    0.393572
    0.395526
    0.393668
    0.388016
     0.37862
    0.365571
    0.348992
    0.329045
     0.30592
    0.279844
    0.251068
    0.219869
    0.186549
    0.151431
    0.114856
   0.0771805
   0.0387706
   -0.256472
   -0.510458
   -0.759511
    -1.00123
     -1.2333
    -1.45347
    -1.65962
    -1.84979
    -2.02214
    -2.17501
    -2.30694
    -2.41665
    -2.50308
    -2.56541
    -2.60303
    -2.61559
    -2.60296
    -2.56526
    -2.50287
    -2.41637
    -2.30661
    -2.17464
    -2.02173
    -1.84935
    -1.65917
    -1.45301
    -1.23287
    -1.00085
   -0.759193
   -0.510228
    -0.25635
    0.037252
    0.074143
    0.110321
    0.145438
    0.179158
    0.211159
    0.241132
    0.268792
    0.293871
    0.316125
    0.335336
    0.351318
    0.363915
    0.373007
    0.378502
    0.380351
    0.378532
    0.373065
    0.364001
    0.351427
    0.335462
    0.316262
    0.294012
    0.268928
    0.241254
    0.211258
    0.179231
    0.145483
    0.110342
   0.0741469
   0.0372503
   -0.243869
   -0.485376
   -0.722194
   -0.952045
    -1.17272
    -1.38209
    -1.57814
    -1.75898
    -1.92289
    -2.06828
    -2.19375
    -2.29809
    -2.38029
    -2.43958
    -2.47537
    -2.48732
    -2.47532
    -2.43949
    -2.38016
    -2.29792
    -2.19355
    -2.06805
    -1.92265
    -1.75872
    -1.57787
    -1.38182
    -1.17246
   -0.951815
   -0.722002
   -0.485234
   -0.243793
   0.0358301
   0.0713127
    0.106111
    0.139884
    0.172308
     0.20307
    0.231874
    0.258445
    0.282524
    0.303882
    0.322311
    0.337634
    0.349699
    0.358394
     0.36363
    0.365361
     0.36357
    0.358277
    0.349535
    0.337425
    0.322065
    0.303603
    0.282218
    0.258118
    0.231538
    0.202735
    0.171989
    0.139598
    0.105877
   0.0711477
   0.0357477
   -0.231577
   -0.460913
   -0.685797
   -0.904073
    -1.11364
    -1.31247
    -1.49866
    -1.67042
    -1.82609
    -1.96417
    -2.08334
    -2.18244
    -2.26052
    -2.31684
    -2.35084
     -2.3622
    -2.35082
    -2.31679
    -2.26046
    -2.18236
    -2.08325
    -1.96407
    -1.82598
    -1.67031
    -1.49855
    -1.31236
    -1.11353
   -0.903975
   -0.685714
   -0.460848
   -0.231542
   0.0344424
   0.0685369
    0.101956
    0.134382
    0.165503
    0.195023
    0.222658
    0.248142
    0.271231
    0.291703
    0.309361
    0.324036
    0.335585
      0.3439
    0.348897
    0.350533
    0.348792
    0.343692
    0.335285
    0.323651
    0.308905
    0.291188
    0.270673
    0.247558
    0.222069
    0.194449
    0.164965
    0.133901
    0.101555
   0.0682426
   0.0342865
   -0.219593
   -0.437069
   -0.650332
   -0.857332
    -1.05608
    -1.24465
    -1.42123
    -1.58412
    -1.73176
    -1.86272
    -1.97574
    -2.06974
     -2.1438
    -2.19721
    -2.22947
    -2.24025
    -2.22946
     -2.1972
    -2.14378
    -2.06972
    -1.97573
     -1.8627
    -1.73175
    -1.58411
    -1.42121
    -1.24463
    -1.05606
   -0.857324
   -0.650326
   -0.437065
   -0.219596
   0.0330695
   0.0657888
   0.0978379
    0.128926
    0.158751
    0.187035
    0.213507
    0.237913
    0.260019
    0.279615
    0.296511
     0.31055
    0.321596
    0.329544
    0.334318
    0.335871
    0.334192
    0.329298
    0.321237
    0.310087
    0.295959
    0.278989
    0.259342
    0.237207
    0.212798
    0.186346
    0.158105
    0.128342
     0.09734
   0.0654104
   0.0328619
   -0.207923
   -0.413847
   -0.615792
   -0.811809
    -1.00001
    -1.17858
     -1.3458
    -1.50007
    -1.63988
     -1.7639
    -1.87094
    -1.95995
     -2.0301
    -2.08069
    -2.11124
    -2.12147
    -2.11126
    -2.08072
    -2.03014
    -1.96001
    -1.87101
    -1.76398
    -1.63997
    -1.50016
    -1.34591
    -1.17868
    -1.00011
   -0.811902
   -0.615872
   -0.413911
   -0.207965
   0.0316562
   0.0629809
   0.0936677
    0.123432
    0.151987
    0.179064
    0.204404
    0.227765
    0.248923
    0.267677
    0.283848
    0.297282
    0.307852
    0.315457
    0.320027
    0.321516
    0.319914
    0.315235
    0.307526
    0.296862
    0.283345
    0.267106
    0.248299
     0.22711
    0.203745
    0.178422
    0.151384
    0.122889
   0.0932079
   0.0626357
    0.031467
   -0.196579
   -0.391269
   -0.582197
   -0.767522
    -0.94546
     -1.1143
     -1.2724
    -1.41825
    -1.55045
    -1.66772
    -1.76893
     -1.8531
    -1.91943
    -1.96727
    -1.99617
    -2.00585
    -1.99621
    -1.96735
    -1.91953
    -1.85323
    -1.76909
     -1.6679
    -1.55065
    -1.41847
    -1.27263
    -1.11452
   -0.945681
   -0.767727
   -0.582374
   -0.391404
   -0.196658
   0.0302395
   0.0601702
   0.0895004
    0.117953
    0.145253
    0.171143
    0.195373
    0.217714
     0.23795
    0.255889
    0.271361
    0.284217
    0.294335
    0.301619
    0.306002
    0.307442
    0.305928
    0.301472
    0.294119
    0.283937
    0.271024
    0.255502
    0.237517
    0.217252
    0.194903
     0.17068
    0.144816
    0.117558
   0.0891681
   0.0599227
   0.0301032
   -0.185544
   -0.369307
    -0.54952
   -0.724446
   -0.892401
    -1.05177
    -1.20101
    -1.33869
    -1.46348
    -1.57418
    -1.66972
    -1.74918
    -1.81181
    -1.85698
    -1.88428
    -1.89343
    -1.88434
    -1.85711
    -1.81199
    -1.74941
    -1.66999
    -1.57449
    -1.46382
    -1.33905
    -1.20138
    -1.05214
    -0.89276
   -0.724774
   -0.549799
   -0.369517
    -0.18566
   0.0288535
   0.0574196
   0.0854219
    0.112591
    0.138665
    0.163394
    0.186541
    0.207885
    0.227222
    0.244367
    0.259157
    0.271449
    0.281128
    0.288099
    0.292298
    0.293684
    0.292245
    0.287995
    0.280976
    0.271254
    0.258923
    0.244098
    0.226922
    0.207564
    0.186212
     0.16307
    0.138359
    0.112317
   0.0851938
   0.0572529
    0.028763
   -0.174818
   -0.347961
    -0.51776
    -0.68258
   -0.840834
   -0.990998
    -1.13162
    -1.26136
    -1.37895
    -1.48327
    -1.57331
     -1.6482
    -1.70722
     -1.7498
    -1.77554
    -1.78418
    -1.77563
    -1.74999
    -1.70749
    -1.64855
    -1.57372
    -1.48374
    -1.37946
    -1.26189
    -1.13217
   -0.991529
   -0.841334
   -0.683027
   -0.518131
   -0.348232
   -0.174966
   0.0274934
   0.0547215
   0.0814229
    0.107336
     0.13221
    0.155805
    0.177893
    0.198265
    0.216724
    0.233094
    0.247219
    0.258962
     0.26821
    0.274875
    0.278892
    0.280221
     0.27885
    0.274796
    0.268099
    0.258823
    0.247056
    0.232912
    0.216526
    0.198056
    0.177682
    0.155599
    0.132019
     0.10717
   0.0812914
   0.0546313
   0.0274471
   -0.164404
   -0.327235
   -0.486923
   -0.641931
   -0.790767
   -0.931995
    -1.06426
    -1.18628
    -1.29688
      -1.395
    -1.47969
    -1.55014
    -1.60566
    -1.64572
    -1.66994
    -1.67807
    -1.67005
    -1.64595
    -1.60599
    -1.55056
    -1.48019
    -1.39556
    -1.29749
    -1.18692
    -1.06491
   -0.932628
   -0.791358
   -0.642455
   -0.487354
   -0.327547
   -0.164572
   0.0261836
   0.0521153
   0.0775455
    0.102227
    0.125921
    0.148399
    0.169445
    0.188857
    0.206449
     0.22205
    0.235512
    0.246706
    0.255524
     0.26188
    0.265713
    0.266986
    0.265686
    0.261829
    0.255452
    0.246616
    0.235407
    0.221933
    0.206322
    0.188725
    0.169313
    0.148272
    0.125805
    0.102128
    0.077468
   0.0520632
   0.0261577
   -0.154301
   -0.307128
   -0.457008
   -0.602499
   -0.742197
   -0.874759
   -0.998904
    -1.11344
    -1.21726
    -1.30937
    -1.38887
    -1.45501
    -1.50713
    -1.54474
    -1.56747
    -1.57511
    -1.56758
    -1.54496
    -1.50746
    -1.45543
    -1.38938
    -1.30995
     -1.2179
    -1.11411
    -0.99958
   -0.875417
   -0.742814
   -0.603047
   -0.457461
   -0.307458
   -0.154481
   0.0249075
   0.0495747
   0.0737633
   0.0972397
    0.119777
     0.14116
    0.161182
    0.179649
    0.196385
    0.211229
    0.224037
    0.234688
    0.243079
    0.249129
     0.25278
    0.253997
    0.252768
    0.249104
    0.243043
    0.234641
    0.223981
    0.211164
    0.196315
    0.179576
    0.161109
    0.141091
    0.119715
   0.0971861
   0.0737218
   0.0495471
   0.0248945
   -0.144507
   -0.287636
   -0.428007
   -0.564269
   -0.695109
   -0.819263
   -0.935534
    -1.04281
    -1.14005
    -1.22632
     -1.3008
    -1.36275
    -1.41158
    -1.44681
    -1.46812
    -1.47528
    -1.46824
    -1.44706
    -1.41194
    -1.36322
    -1.30137
    -1.22698
    -1.14076
    -1.04355
   -0.936283
   -0.819987
   -0.695784
    -0.56487
   -0.428504
   -0.287999
   -0.144707
   0.0236434
   0.0470614
   0.0700268
   0.0923189
    0.113722
    0.134031
     0.15305
    0.170594
    0.186495
      0.2006
    0.212772
    0.222896
    0.230874
    0.236628
    0.240104
    0.241268
    0.240109
    0.236636
    0.230885
     0.22291
    0.212788
    0.200617
    0.186513
    0.170613
    0.153069
    0.134051
    0.113742
   0.0923377
   0.0700442
   0.0470758
   0.0236547
   -0.135028
   -0.268766
   -0.399925
   -0.527246
   -0.649504
   -0.765513
   -0.874151
   -0.974382
    -1.06524
    -1.14586
    -1.21545
    -1.27334
    -1.31898
    -1.35192
    -1.37185
    -1.37857
    -1.37201
    -1.35224
    -1.31945
    -1.27394
    -1.21616
    -1.14666
    -1.06611
   -0.975274
   -0.875038
   -0.766362
   -0.650293
   -0.527946
     -0.4005
   -0.269181
   -0.135253
   0.0223998
   0.0445894
   0.0663529
   0.0874826
    0.107774
    0.127031
    0.145068
    0.161709
    0.176795
    0.190179
    0.201732
    0.211344
     0.21892
    0.224388
    0.227695
    0.228809
    0.227719
    0.224436
     0.21899
    0.211433
    0.201839
    0.190299
    0.176924
    0.161843
    0.145203
    0.127162
    0.107896
   0.0875912
   0.0664432
   0.0446559
   0.0224405
    -0.12585
   -0.250496
   -0.372736
   -0.491404
    -0.60536
    -0.71349
   -0.814748
   -0.908175
    -0.99287
    -1.06802
     -1.1329
    -1.18688
    -1.22944
    -1.26018
    -1.27878
    -1.28507
    -1.27899
    -1.26059
    -1.23005
    -1.18765
    -1.13381
    -1.06904
    -0.99396
   -0.909294
   -0.815855
   -0.714543
   -0.606332
   -0.492264
   -0.373438
   -0.250995
   -0.126116
   0.0211789
   0.0421652
    0.062756
   0.0827509
    0.101957
    0.120187
    0.137265
    0.153024
    0.167313
    0.179993
     0.19094
    0.200048
     0.20723
    0.212416
    0.215554
    0.216614
    0.215586
     0.21248
    0.207326
    0.200174
    0.191092
    0.180169
    0.167509
    0.153235
    0.137484
    0.120407
    0.102171
   0.0829463
    0.062919
   0.0422872
   0.0212524
   -0.116961
   -0.232806
   -0.346414
   -0.456707
   -0.562623
   -0.663137
   -0.757279
    -0.84415
    -0.92291
   -0.992802
    -1.05315
    -1.10337
    -1.14298
    -1.17159
    -1.18893
    -1.19482
     -1.1892
    -1.17213
    -1.14376
    -1.10437
    -1.05433
   -0.994127
   -0.924333
   -0.845619
   -0.758741
   -0.664535
   -0.563908
   -0.457827
   -0.347316
   -0.233438
   -0.117292
   0.0199885
   0.0398018
   0.0592492
    0.078138
   0.0962854
    0.113514
    0.129656
    0.144554
    0.158065
    0.170055
    0.180409
    0.189025
    0.195819
    0.200724
    0.203694
    0.204697
    0.203725
    0.200788
    0.195915
    0.189154
    0.180572
     0.17025
    0.158289
    0.144803
    0.129924
    0.113792
   0.0965641
    0.078399
   0.0594692
   0.0399687
   0.0200894
   -0.108388
   -0.215745
   -0.321032
   -0.423253
   -0.521422
   -0.614597
   -0.701879
   -0.782428
   -0.855466
   -0.920285
   -0.976261
    -1.02285
     -1.0596
    -1.08615
    -1.10226
    -1.10774
    -1.10256
    -1.08676
    -1.06048
    -1.02398
   -0.977603
   -0.921796
   -0.857096
   -0.784121
   -0.703573
   -0.616226
   -0.522919
   -0.424553
   -0.322074
   -0.216472
   -0.108765
    0.018836
   0.0375103
   0.0558437
   0.0736529
   0.0907649
    0.107012
    0.122235
    0.136286
    0.149028
    0.160337
    0.170102
    0.178229
    0.184639
    0.189271
     0.19208
    0.193037
    0.192134
    0.189379
      0.1848
    0.178438
    0.170357
    0.160629
    0.149347
    0.136628
    0.122596
    0.107383
   0.0911369
   0.0740031
   0.0561446
   0.0377402
   0.0189675
   -0.100107
    -0.19928
   -0.296564
   -0.391026
   -0.481756
   -0.567878
    -0.64856
   -0.723023
   -0.790548
    -0.85048
   -0.902238
   -0.945321
   -0.979308
    -1.00387
    -1.01877
    -1.02385
    -1.01907
    -1.00447
   -0.980193
    -0.94646
   -0.903598
    -0.85202
   -0.792219
   -0.724768
   -0.650317
   -0.569581
   -0.483336
   -0.392414
   -0.297692
   -0.200084
    -0.10053
   0.0177182
   0.0352867
   0.0525373
   0.0692954
   0.0853978
    0.100686
     0.11501
    0.128231
     0.14022
    0.150861
    0.160048
    0.167696
    0.173731
    0.178096
    0.180751
    0.181668
    0.180839
     0.17827
    0.173985
    0.168021
    0.160433
    0.151289
    0.140671
      0.1287
    0.115494
    0.101174
   0.0858807
   0.0697477
   0.0529281
   0.0355849
   0.0178823
  -0.0921507
   -0.183458
   -0.273047
   -0.360045
   -0.443614
   -0.522941
   -0.597263
   -0.665857
   -0.728061
   -0.783271
   -0.830954
   -0.870643
   -0.901956
   -0.924584
   -0.938309
   -0.942996
   -0.938597
   -0.925153
   -0.902791
   -0.871724
   -0.832249
   -0.784745
   -0.729668
   -0.667545
   -0.598973
   -0.524611
   -0.445175
   -0.361432
   -0.274187
   -0.184285
  -0.0925906
   0.0166163
   0.0330978
   0.0492871
   0.0650178
   0.0801371
   0.0944952
    0.107952
    0.120378
    0.131652
    0.141664
    0.150317
    0.157528
    0.163227
    0.167357
    0.169881
    0.170767
    0.170006
    0.167611
    0.163606
    0.158022
    0.150915
    0.142341
     0.13238
    0.121138
    0.108723
   0.0952538
   0.0808586
   0.0656707
   0.0498333
   0.0335025
   0.0168337
  -0.0845475
   -0.168323
   -0.250522
   -0.330346
   -0.407025
   -0.479811
   -0.548003
   -0.610937
   -0.668005
   -0.718653
    -0.76239
   -0.798793
    -0.82751
    -0.84826
   -0.860842
   -0.865135
   -0.861094
   -0.848757
   -0.828239
   -0.799738
   -0.763525
   -0.719948
   -0.669425
   -0.612438
   -0.549532
   -0.481314
   -0.408438
   -0.331609
   -0.251564
   -0.169079
  -0.0849479
   0.0155421
   0.0309645
   0.0461215
   0.0608547
   0.0750217
   0.0884819
    0.101105
    0.112769
    0.123362
    0.132779
    0.140931
    0.147734
    0.153124
    0.157042
     0.15945
    0.160315
    0.159626
    0.157403
     0.15367
    0.148456
    0.141812
    0.133789
    0.124463
    0.113921
    0.102264
   0.0896053
   0.0760655
   0.0617769
   0.0468751
   0.0315102
   0.0158296
  -0.0772428
    -0.15378
   -0.228877
   -0.301802
   -0.371854
   -0.438348
   -0.500642
   -0.558129
   -0.610254
   -0.656511
   -0.696454
   -0.729696
   -0.755915
   -0.774859
   -0.786343
   -0.790257
   -0.786561
   -0.775287
   -0.756542
   -0.730506
   -0.697429
   -0.657625
   -0.611479
   -0.559428
    -0.50197
   -0.439659
   -0.373094
   -0.302914
   -0.229796
   -0.154447
  -0.0775934
   0.0145136
   0.0289288
   0.0431143
   0.0569113
   0.0701877
   0.0828092
   0.0946544
    0.105605
    0.115556
    0.124405
    0.132066
    0.138465
    0.143543
    0.147243
    0.149527
    0.150366
    0.149745
    0.147682
    0.144194
    0.139313
    0.133084
    0.125561
    0.116812
    0.106922
   0.0959841
   0.0841045
   0.0713971
   0.0579855
   0.0439984
   0.0295761
    0.014858
  -0.0702432
    -0.13984
   -0.208123
   -0.274424
   -0.338105
   -0.398546
   -0.455164
   -0.507411
   -0.554781
   -0.596818
   -0.633116
   -0.663325
   -0.687151
   -0.704364
   -0.714798
    -0.71835
   -0.714986
   -0.704734
   -0.687691
    -0.66402
   -0.633947
   -0.597761
   -0.555809
   -0.508492
   -0.456264
   -0.399626
   -0.339121
   -0.275331
   -0.208869
    -0.14038
  -0.0705224
   0.0135417
   0.0270066
   0.0402777
   0.0531946
   0.0656344
   0.0774686
   0.0885832
   0.0988625
    0.108206
    0.116515
    0.123704
    0.129714
    0.134487
     0.13797
    0.140128
    0.140931
    0.140366
    0.138442
    0.135173
    0.130593
    0.124745
    0.117682
    0.109472
    0.100194
   0.0899372
      0.0788
   0.0668906
   0.0543228
   0.0412182
   0.0277065
   0.0139186
  -0.0635332
   -0.126477
   -0.188227
   -0.248179
   -0.305755
   -0.360397
   -0.411576
   -0.458801
   -0.501615
   -0.539607
    -0.57241
   -0.599706
   -0.621232
    -0.63678
   -0.646198
   -0.649395
    -0.64634
   -0.637057
   -0.621637
   -0.600226
   -0.573028
   -0.540306
   -0.502372
   -0.459594
    -0.41238
   -0.361183
   -0.306494
   -0.248839
   -0.188768
   -0.126868
  -0.0637304
   0.0126924
   0.0253054
   0.0377303
   0.0498212
   0.0614623
   0.0725366
   0.0829362
   0.0925539
    0.101294
    0.109066
     0.11579
    0.121409
    0.125868
    0.129119
    0.131129
    0.131872
    0.131336
    0.129528
    0.126463
     0.12217
     0.11669
    0.110075
    0.102387
   0.0937001
   0.0840977
   0.0736746
   0.0625318
   0.0507768
    0.038524
   0.0258937
   0.0130092
  -0.0571085
   -0.113682
   -0.169175
   -0.223049
   -0.274787
   -0.323887
   -0.369873
   -0.412303
   -0.450764
   -0.484889
   -0.514347
   -0.538854
   -0.558174
   -0.572119
   -0.580554
   -0.583397
   -0.580621
   -0.572253
   -0.558372
   -0.539113
   -0.514659
   -0.485247
   -0.451156
   -0.412717
   -0.370299
   -0.324308
   -0.275186
   -0.223407
   -0.169468
   -0.113893
  -0.0572135
    0.011922
   0.0237566
   0.0354007
   0.0467222
   0.0576119
    0.067965
     0.07768
   0.0866591
   0.0948124
    0.102058
    0.108323
    0.113551
     0.11769
      0.1207
    0.122548
    0.123215
     0.12269
    0.120979
    0.118098
    0.114072
    0.108941
    0.102752
   0.0955628
   0.0874427
    0.078469
    0.068732
   0.0583267
   0.0473546
   0.0359231
   0.0241434
   0.0121311
  -0.0509792
   -0.101474
   -0.150995
   -0.199067
    -0.24523
   -0.289034
   -0.330058
   -0.367902
   -0.402202
   -0.432629
   -0.458888
   -0.480727
   -0.497935
   -0.510346
   -0.517839
   -0.520344
   -0.517835
   -0.510341
   -0.497931
   -0.480728
   -0.458897
   -0.432648
   -0.402231
   -0.367941
   -0.330106
   -0.289091
   -0.245291
   -0.199127
   -0.151045
   -0.101508
  -0.0509945
   0.0111984
   0.0222939
   0.0331851
   0.0437638
   0.0539282
   0.0635843
   0.0726389
   0.0810027
   0.0885936
   0.0953353
     0.10116
    0.106014
     0.10985
     0.11263
    0.114324
    0.114917
    0.114399
    0.112778
    0.110069
    0.106296
    0.101495
   0.0957117
    0.089001
   0.0814267
    0.073062
   0.0639891
   0.0542963
   0.0440782
   0.0334343
    0.022469
   0.0112898
  -0.0451551
  -0.0898702
    -0.13371
   -0.176259
   -0.217105
   -0.255858
   -0.292143
    -0.32561
   -0.355937
   -0.382832
   -0.406036
   -0.425327
   -0.440519
   -0.451466
   -0.458061
   -0.460244
   -0.457994
   -0.451334
   -0.440329
   -0.425088
   -0.405757
   -0.382523
    -0.35561
   -0.325279
    -0.29182
   -0.255555
   -0.216834
   -0.176027
   -0.133525
  -0.0897375
  -0.0450853
    0.010513
   0.0209059
   0.0310781
   0.0409456
   0.0504141
   0.0594007
   0.0678204
   0.0755924
   0.0826427
   0.0888996
    0.094302
   0.0987972
    0.102341
    0.104899
    0.106444
    0.106964
    0.106451
    0.104914
    0.102367
   0.0988335
   0.0943483
   0.0889533
   0.0827012
   0.0756512
    0.067872
   0.0594377
     0.05043
   0.0409361
   0.0310481
    0.020864
   0.0104836
  -0.0396176
  -0.0788381
   -0.117278
   -0.154576
   -0.190372
   -0.224327
   -0.256114
   -0.285428
   -0.311987
   -0.335536
   -0.355849
   -0.372732
   -0.386022
   -0.395593
   -0.401351
   -0.403245
   -0.401255
   -0.395405
   -0.385749
   -0.372383
   -0.355435
   -0.335071
   -0.311488
   -0.284914
   -0.255604
    -0.22384
   -0.189928
   -0.154188
   -0.116964
  -0.0786119
  -0.0395006
  0.00981727
   0.0195165
   0.0290036
   0.0381972
   0.0470101
   0.0553649
   0.0631832
   0.0703921
   0.0769235
   0.0827144
   0.0877092
   0.0918596
   0.0951259
   0.0974757
   0.0988864
   0.0993446
   0.0988458
   0.0973959
   0.0950093
   0.0917083
   0.0875245
   0.0824977
   0.0766758
   0.0701167
   0.0628832
   0.0550489
    0.046691
   0.0378901
    0.028733
   0.0193062
  0.00970324
  -0.0343604
  -0.0683667
   -0.101684
   -0.134005
   -0.165018
   -0.194431
   -0.221961
   -0.247346
   -0.270343
   -0.290732
   -0.308319
   -0.322936
   -0.334443
   -0.342729
   -0.347716
   -0.349357
   -0.347638
   -0.342577
   -0.334221
   -0.322652
   -0.307981
    -0.29035
   -0.269928
   -0.246911
   -0.221521
   -0.194001
   -0.164619
    -0.13365
   -0.101392
  -0.0681512
  -0.0342469
   0.0091389
   0.0181645
   0.0269898
   0.0355353
   0.0437199
   0.0514703
   0.0587135
   0.0653841
   0.0714195
   0.0767649
   0.0813707
   0.0851929
   0.0881963
   0.0903508
   0.0916368
    0.092041
     0.09156
   0.0901979
   0.0879682
   0.0848913
   0.0809964
   0.0763207
   0.0709082
   0.0648152
   0.0581001
    0.050837
   0.0430993
   0.0349614
   0.0265059
    0.017807
  0.00895224
  -0.0293969
  -0.0584822
  -0.0869672
   -0.114598
   -0.141108
   -0.166248
   -0.189776
   -0.211472
   -0.231127
   -0.248556
   -0.263592
   -0.276091
   -0.285933
   -0.293025
   -0.297299
   -0.298714
   -0.297259
   -0.292947
    -0.28582
   -0.275945
   -0.263419
   -0.248358
   -0.230908
   -0.211234
   -0.189524
   -0.165991
   -0.140862
   -0.114371
   -0.086773
  -0.0583299
  -0.0293138
  0.00846806
   0.0168314
   0.0250099
   0.0329269
   0.0405075
   0.0476819
   0.0543834
   0.0605502
   0.0661254
   0.0710577
   0.0753019
   0.0788177
   0.0815728
   0.0835402
   0.0847014
   0.0850448
   0.0845664
   0.0832728
   0.0811758
   0.0783013
   0.0746789
   0.0703412
   0.0653309
   0.0596988
   0.0535009
   0.0468023
   0.0396713
   0.0321759
   0.0243918
   0.0163863
  0.00823865
  -0.0247049
  -0.0491486
  -0.0730877
  -0.0963127
   -0.118599
   -0.139739
    -0.15953
   -0.177785
   -0.194328
   -0.209002
   -0.221668
   -0.232202
   -0.240504
   -0.246495
   -0.250116
   -0.251335
   -0.250139
   -0.246538
   -0.240566
    -0.23228
   -0.221759
   -0.209101
   -0.194429
   -0.177882
   -0.159618
   -0.139813
   -0.118658
  -0.0963503
  -0.0731048
  -0.0491436
  -0.0246958
  0.00781013
   0.0155259
   0.0230747
   0.0303824
   0.0373806
   0.0440026
   0.0501871
   0.0558754
   0.0610151
   0.0655576
   0.0694608
   0.0726876
   0.0752078
   0.0769972
   0.0780385
   0.0783215
   0.0778422
   0.0766104
   0.0746367
   0.0719539
   0.0685924
   0.0645804
   0.0599597
    0.054775
   0.0490794
   0.0429281
   0.0363836
   0.0295075
   0.0223686
   0.0150275
  0.00755649
  -0.0203269
  -0.0404405
  -0.0601398
  -0.0792563
   -0.097605
   -0.115016
   -0.131321
   -0.146365
   -0.160003
   -0.172106
   -0.182556
   -0.191254
   -0.198114
   -0.203071
   -0.206078
   -0.207106
   -0.206145
   -0.203201
     -0.1983
    -0.19149
   -0.182835
   -0.172416
   -0.160333
   -0.146703
   -0.131655
   -0.115331
  -0.0978877
  -0.0794905
  -0.0603144
  -0.0405458
  -0.0203728
   0.0071779
   0.0142722
   0.0212177
   0.0279413
     0.03438
   0.0404702
   0.0461544
   0.0513778
   0.0560911
   0.0602487
   0.0638102
   0.0667456
   0.0690264
   0.0706399
   0.0715739
   0.0718144
   0.0713607
   0.0702193
   0.0684028
    0.065937
   0.0628501
   0.0591695
   0.0549331
   0.0501814
   0.0449621
   0.0393269
   0.0333317
    0.027033
   0.0204922
   0.0137662
  0.00691929
  -0.0162551
   -0.032348
    -0.04812
  -0.0634312
  -0.0781341
  -0.0920888
   -0.105161
   -0.117225
   -0.128163
   -0.137873
   -0.146263
   -0.153248
   -0.158761
   -0.162749
   -0.165171
   -0.166006
   -0.165246
   -0.162895
   -0.158977
   -0.153527
   -0.146598
   -0.138253
   -0.128573
   -0.117649
   -0.105586
  -0.0924979
  -0.0785094
  -0.0637548
  -0.0483743
   -0.032518
  -0.0163366
  0.00656317
   0.0130548
   0.0194162
   0.0255753
   0.0314739
   0.0370506
   0.0422519
   0.0470264
   0.0513277
   0.0551134
   0.0583451
   0.0610003
    0.063053
   0.0645027
   0.0653427
   0.0655551
   0.0651416
   0.0641046
   0.0624574
   0.0602171
   0.0574085
    0.054057
   0.0501967
   0.0458638
   0.0411004
   0.0359552
   0.0304785
   0.0247221
   0.0187412
   0.0125895
  0.00632456
  -0.0124931
  -0.0248698
    -0.03701
  -0.0487998
  -0.0601262
  -0.0708785
  -0.0809533
  -0.0902518
  -0.0986838
   -0.106171
   -0.112643
   -0.118033
   -0.122291
   -0.125372
   -0.127244
   -0.127892
    -0.12731
   -0.125502
   -0.122488
   -0.118294
   -0.112959
   -0.106535
  -0.0990801
   -0.090666
  -0.0813713
  -0.0712858
  -0.0605049
   -0.049133
  -0.0372781
  -0.0250569
  -0.0125849
  0.00597448
   0.0118838
   0.0176733
    0.023277
   0.0286398
   0.0337086
   0.0384332
   0.0427744
   0.0466931
   0.0501448
   0.0530971
   0.0555252
   0.0574074
   0.0587375
   0.0595081
   0.0597076
   0.0593368
   0.0583988
   0.0569048
   0.0548704
   0.0523169
   0.0492675
   0.0457522
   0.0418046
   0.0374628
   0.0327722
   0.0277786
   0.0225299
   0.0170767
    0.011469
  0.00576031
 -0.00906494
  -0.0180421
  -0.0268427
  -0.0353891
  -0.0436001
  -0.0513956
  -0.0587014
   -0.065444
  -0.0715576
  -0.0769858
  -0.0816766
  -0.0855832
  -0.0886679
  -0.0908992
  -0.0922545
  -0.0927217
  -0.0922957
  -0.0909815
  -0.0887915
  -0.0857474
  -0.0818784
  -0.0772204
  -0.0718175
  -0.0657189
  -0.0589813
    -0.05167
  -0.0438534
  -0.0356082
  -0.0270118
  -0.0181523
 -0.00911275
  0.00540384
   0.0107489
   0.0159844
   0.0210504
   0.0258958
   0.0304761
   0.0347453
   0.0386777
    0.042241
   0.0453887
    0.048093
   0.0503251
   0.0520657
   0.0533006
   0.0540205
   0.0542192
   0.0538966
   0.0530567
    0.051709
   0.0498682
   0.0475529
   0.0447847
   0.0415898
   0.0380005
   0.0340508
   0.0297839
   0.0252415
    0.020468
   0.0155098
   0.0104136
  0.00522874
 -0.00593264
  -0.0118032
  -0.0175516
  -0.0231327
  -0.0284938
  -0.0335827
   -0.038352
   -0.042751
  -0.0467367
  -0.0502726
  -0.0533246
  -0.0558635
  -0.0578648
  -0.0593085
  -0.0601804
   -0.060472
  -0.0601801
  -0.0593082
  -0.0578642
  -0.0558651
  -0.0533306
  -0.0502845
  -0.0467568
  -0.0427775
  -0.0383834
  -0.0336181
  -0.0285252
  -0.0231557
  -0.0175586
  -0.0117946
   -0.005916
  0.00485354
  0.00966176
   0.0143804
   0.0189512
   0.0233291
   0.0274717
   0.0313386
   0.0349014
   0.0381293
   0.0409844
   0.0434402
   0.0454708
   0.0470575
   0.0481855
   0.0488448
   0.0490299
   0.0487393
   0.0479789
   0.0467566
   0.0450883
    0.042992
   0.0404867
   0.0375975
   0.0343519
   0.0307816
   0.0269245
    0.022819
   0.0185043
   0.0140225
  0.00941534
  0.00472661
 -0.00309311
 -0.00615046
 -0.00913897
  -0.0120361
  -0.0148135
  -0.0174447
  -0.0199049
  -0.0221686
  -0.0242139
  -0.0260228
  -0.0275785
  -0.0288667
  -0.0298755
  -0.0305953
  -0.0310195
  -0.0311436
  -0.0309666
  -0.0304891
  -0.0297148
  -0.0286554
  -0.0273213
  -0.0257274
  -0.0238895
  -0.0218258
  -0.0195555
  -0.0171032
  -0.0144921
  -0.0117489
 -0.00889909
 -0.00597221
   -0.002995
  0.00434073
  0.00864958
   0.0128893
   0.0170024
   0.0209495
   0.0246888
   0.0281841
    0.031403
   0.0343148
   0.0368905
   0.0391052
   0.0409368
   0.0423674
   0.0433831
   0.0439737
   0.0441344
   0.0438631
   0.0431673
   0.0420545
   0.0405421
   0.0386476
    0.036388
   0.0337874
   0.0308684
   0.0276603
   0.0241953
   0.0205082
   0.0166327
   0.0126064
  0.00846576
  0.00424937
 -0.00054706
 -0.00108052
  -0.0015912
 -0.00207686
 -0.00253107
 -0.00295097
 -0.00333222
 -0.00367228
 -0.00396823
 -0.00421916
 -0.00442376
 -0.00458143
 -0.00469205
 -0.00475555
  -0.0047725
 -0.00474293
 -0.00466793
 -0.00454615
 -0.00437743
 -0.00416901
 -0.00392215
 -0.00364352
  -0.0033355
 -0.00300446
 -0.00265285
 -0.00228735
 -0.00191154
 -0.00152965
 -0.00114581
-0.000761851
-0.000382426
  0.00389361
  0.00775437
   0.0115489
   0.0152302
   0.0187624
    0.022109
   0.0252367
   0.0281158
   0.0307182
   0.0330187
   0.0349947
   0.0366275
   0.0379014
   0.0388051
   0.0393304
   0.0394723
   0.0392303
   0.0386085
    0.037614
   0.0362609
   0.0345643
   0.0325399
   0.0302083
   0.0275911
   0.0247135
    0.021608
   0.0183059
   0.0148389
   0.0112421
  0.00754676
  0.00378948
  0.00169759
  0.00339593
  0.00508462
  0.00674066
  0.00834992
  0.00989399
   0.0113581
   0.0127265
   0.0139858
   0.0151211
   0.0161207
   0.0169717
   0.0176646
   0.0181904
   0.0185427
   0.0187156
   0.0187059
   0.0185129
   0.0181383
   0.0175816
   0.0168476
   0.0159408
   0.0148694
   0.0136412
   0.0122673
   0.0107644
  0.00914715
  0.00743433
  0.00564334
  0.00379393
  0.00190459
  0.00348667
  0.00693621
   0.0103179
   0.0135948
   0.0167348
    0.019707
   0.0224818
   0.0250334
   0.0273362
   0.0293695
   0.0311132
   0.0325524
    0.033674
   0.0344695
   0.0349332
   0.0350598
   0.0348498
   0.0343034
   0.0334269
   0.0322297
   0.0307242
   0.0289241
   0.0268464
   0.0245124
   0.0219434
    0.019173
   0.0162304
   0.0131457
   0.0099523
  0.00667679
  0.00335395
   0.0036576
  0.00730563
   0.0109167
   0.0144448
   0.0178573
   0.0211163
   0.0241899
   0.0270458
   0.0296561
   0.0319919
   0.0340305
   0.0357471
   0.0371244
   0.0381457
   0.0388007
   0.0390787
    0.038976
   0.0384906
   0.0376264
   0.0363901
   0.0347927
   0.0328489
   0.0305768
    0.027996
   0.0251293
   0.0220128
   0.0186763
   0.0151579
   0.0114927
  0.00771897
  0.00387503
  0.00308576
  0.00613565
  0.00912155
   0.0120134
   0.0147835
   0.0174042
   0.0198502
   0.0220987
   0.0241283
   0.0259198
   0.0274565
   0.0287242
   0.0297112
   0.0304098
    0.030814
   0.0309196
   0.0307255
   0.0302336
   0.0294479
   0.0283791
   0.0270382
   0.0254377
   0.0235934
   0.0215255
   0.0192548
   0.0168098
    0.014218
   0.0115065
  0.00870676
  0.00583949
  0.00293689
  0.00532918
   0.0106443
   0.0159051
     0.02104
    0.026001
   0.0307302
   0.0351803
   0.0393042
   0.0430604
   0.0464091
   0.0493167
   0.0517509
   0.0536866
   0.0551031
    0.055986
    0.056323
   0.0561096
   0.0553455
   0.0540365
   0.0521992
   0.0498512
   0.0470171
   0.0437246
   0.0400045
   0.0358922
    0.031431
    0.026664
     0.02164
   0.0164083
   0.0110217
  0.00553356
  0.00270015
  0.00536689
  0.00797496
    0.010501
   0.0129216
   0.0152121
   0.0173512
   0.0193186
   0.0210962
   0.0226664
   0.0240144
   0.0251262
    0.025991
   0.0266004
   0.0269482
   0.0270308
   0.0268458
   0.0263972
   0.0256876
   0.0247301
   0.0235351
   0.0221151
   0.0204853
   0.0186654
   0.0166761
   0.0145406
   0.0122842
  0.00993086
  0.00750965
  0.00503515
   0.0025367
  0.00671093
   0.0134027
   0.0200237
   0.0264794
   0.0327096
   0.0386394
   0.0442098
   0.0493619
   0.0540441
   0.0582081
   0.0618123
    0.064819
   0.0671976
   0.0689247
   0.0699833
   0.0703605
   0.0700515
   0.0690572
   0.0673844
   0.0650582
   0.0621006
   0.0585441
   0.0544236
   0.0497789
   0.0446555
   0.0391018
   0.0331717
   0.0269226
   0.0204153
   0.0137146
    0.006886
  0.00234207
  0.00465369
  0.00691259
  0.00909919
    0.011193
   0.0131732
   0.0150208
   0.0167184
   0.0182492
   0.0195979
   0.0207505
   0.0216962
   0.0224242
   0.0229311
   0.0232118
   0.0232636
   0.0230862
   0.0226818
   0.0220546
   0.0212147
   0.0201726
   0.0189392
   0.0175293
   0.0159587
   0.0142462
   0.0124128
   0.0104811
  0.00847049
  0.00640543
  0.00429609
  0.00216633
  0.00783013
    0.015623
   0.0233144
   0.0308012
   0.0380121
   0.0448643
   0.0512898
   0.0572229
   0.0626045
   0.0673813
   0.0715061
   0.0749365
   0.0776381
   0.0795877
   0.0807664
   0.0811638
    0.080776
   0.0796058
   0.0776631
   0.0749719
    0.071558
   0.0674566
    0.062708
   0.0573566
   0.0514541
   0.0450565
   0.0382251
    0.031026
    0.023528
   0.0158063
  0.00793498
  0.00200795
  0.00398852
  0.00592185
  0.00779149
  0.00957911
   0.0112673
    0.012839
   0.0142789
   0.0155716
   0.0167041
    0.017663
   0.0184415
   0.0190297
   0.0194297
   0.0196385
   0.0196552
   0.0194815
   0.0191183
   0.0185713
   0.0178472
   0.0169561
   0.0159068
   0.0147131
   0.0133863
    0.011943
   0.0104015
  0.00878165
  0.00709776
   0.0053701
  0.00360461
  0.00182026
  0.00863959
   0.0172265
   0.0256869
   0.0339118
   0.0418224
   0.0493307
   0.0563622
   0.0628471
   0.0687215
   0.0739287
   0.0784179
   0.0821438
   0.0850688
   0.0871702
    0.088428
   0.0888335
   0.0883842
   0.0870837
   0.0849451
   0.0819905
   0.0782492
   0.0737582
   0.0685615
   0.0627074
   0.0562517
   0.0492563
   0.0417877
    0.033918
   0.0257213
   0.0172801
  0.00867379
  0.00168271
  0.00333913
  0.00494978
  0.00650458
   0.0079868
  0.00938362
   0.0106799
   0.0118657
    0.012929
   0.0138586
   0.0146447
   0.0152797
   0.0157569
   0.0160772
   0.0162396
   0.0162437
   0.0160922
   0.0157847
   0.0153264
    0.014723
   0.0139834
   0.0131149
   0.0121289
   0.0110347
  0.00984577
  0.00857609
  0.00724138
  0.00585414
  0.00443043
  0.00297516
  0.00150354
  0.00914195
   0.0182169
   0.0271445
    0.035815
   0.0441447
   0.0520427
   0.0594301
   0.0662371
   0.0723972
   0.0778529
   0.0825521
   0.0864488
   0.0895054
   0.0916962
   0.0930006
   0.0934087
   0.0929177
   0.0915329
   0.0892683
   0.0861473
   0.0822008
   0.0774681
   0.0719954
    0.065835
   0.0590461
   0.0516941
   0.0438491
   0.0355866
   0.0269848
   0.0181286
  0.00910157
  0.00136734
  0.00270899
   0.0040057
    0.005254
  0.00643896
  0.00755273
  0.00858248
  0.00952429
   0.0103699
   0.0111099
   0.0117382
    0.012246
   0.0126292
   0.0128868
   0.0130187
   0.0130247
   0.0129077
   0.0126653
    0.012302
   0.0118222
   0.0112333
   0.0105412
  0.00975492
  0.00888143
  0.00793137
  0.00691449
  0.00584249
  0.00472659
   0.0035793
  0.00240529
   0.0012167
  0.00933968
   0.0186006
   0.0276987
   0.0365265
    0.044999
   0.0530251
   0.0605248
   0.0674303
   0.0736745
    0.079201
   0.0839573
   0.0878987
    0.090988
   0.0931976
   0.0945073
    0.094906
   0.0943911
    0.092969
   0.0906542
   0.0874709
   0.0834503
   0.0786328
   0.0730653
   0.0668023
   0.0599041
   0.0524375
    0.044474
   0.0360899
   0.0273651
   0.0183839
  0.00923142
  0.00102549
  0.00204049
  0.00302983
  0.00398663
  0.00489975
  0.00575939
  0.00655583
  0.00728553
  0.00794258
  0.00851962
  0.00901253
  0.00941334
  0.00971911
  0.00992831
   0.0100411
   0.0100567
  0.00997765
  0.00980204
  0.00953372
    0.009175
  0.00873166
  0.00820747
  0.00760946
  0.00694223
  0.00621375
  0.00543042
  0.00460078
  0.00373219
  0.00283333
  0.00190824
 0.000964707
  0.00924364
   0.0183935
   0.0273621
   0.0360554
   0.0443898
   0.0522814
   0.0596533
   0.0664382
    0.072571
   0.0779956
   0.0826608
   0.0865231
   0.0895464
   0.0917037
   0.0929753
   0.0933512
   0.0928286
   0.0914147
   0.0891241
   0.0859807
   0.0820158
   0.0772693
   0.0717877
   0.0656248
   0.0588401
   0.0514997
   0.0436739
   0.0354378
   0.0268696
   0.0180512
   0.0090655
 0.000690021
  0.00138691
  0.00208075
  0.00276139
  0.00342112
  0.00404745
   0.0046329
  0.00517328
  0.00566414
  0.00609961
  0.00647689
  0.00678854
  0.00703251
  0.00720649
  0.00731049
  0.00734343
  0.00730709
  0.00720016
  0.00702578
  0.00678406
  0.00647922
  0.00611288
  0.00568997
    0.005213
  0.00468737
  0.00411632
   0.0035054
  0.00285819
  0.00217972
  0.00147373
   0.0007442
  0.00884181
   0.0175794
   0.0261255
   0.0344022
   0.0423294
   0.0498331
   0.0568416
   0.0632899
   0.0691168
   0.0742683
   0.0786956
   0.0823581
   0.0852214
     0.08726
   0.0884551
   0.0887974
   0.0882848
   0.0869244
   0.0847303
   0.0817259
   0.0779414
    0.073415
   0.0681917
   0.0623231
   0.0558667
    0.048886
   0.0414484
   0.0336259
   0.0254928
   0.0171253
  0.00860143
 0.000373806
 0.000774379
  0.00119895
  0.00163007
  0.00206325
  0.00248461
  0.00288883
  0.00326996
  0.00362465
  0.00394701
  0.00423485
  0.00448176
  0.00468619
  0.00484482
   0.0049574
  0.00502169
  0.00503849
   0.0050057
  0.00492484
  0.00479483
  0.00461771
   0.0043934
  0.00412418
  0.00381023
  0.00345366
    0.003056
  0.00261911
   0.0021474
  0.00164308
  0.00111292
 0.000559521
  0.00812363
   0.0161431
   0.0239763
    0.031558
   0.0388151
   0.0456822
   0.0520941
   0.0579919
   0.0633199
   0.0680287
   0.0720738
   0.0754178
    0.078029
   0.0798839
   0.0809653
   0.0812646
     0.08078
   0.0795181
   0.0774921
   0.0747239
   0.0712417
   0.0670815
    0.062285
   0.0568998
   0.0509785
    0.044584
   0.0377794
   0.0306328
   0.0232146
   0.0155912
  0.00783661
 8.64079e-05
 0.000219578
 0.000404067
 0.000615075
 0.000851253
  0.00109722
  0.00134963
  0.00160045
  0.00184699
  0.00208289
   0.0023061
  0.00251087
  0.00269579
  0.00285608
  0.00299093
  0.00309653
  0.00317237
   0.0032152
  0.00322465
  0.00319836
  0.00313605
  0.00303598
  0.00289783
  0.00271962
  0.00250048
  0.00224082
  0.00193953
  0.00160281
  0.00123098
 0.000834716
 0.000415856
  0.00710804
    0.014116
   0.0209501
   0.0275609
   0.0338844
   0.0398665
   0.0454507
   0.0505861
   0.0552241
   0.0593219
   0.0628406
   0.0657473
   0.0680143
   0.0696207
   0.0705514
    0.070799
   0.0703617
   0.0692455
   0.0674619
   0.0650311
    0.061978
   0.0583355
   0.0541407
   0.0494354
   0.0442654
   0.0386898
   0.0327648
   0.0265517
   0.0201141
   0.0135061
  0.00679527
-0.000141167
-0.000217122
-0.000215117
-0.000170186
-8.11923e-05
 3.51996e-05
 0.000176571
 0.000334107
 0.000504976
 0.000682783
 0.000864828
   0.0010452
  0.00122132
  0.00138811
  0.00154303
  0.00168216
  0.00180303
  0.00190207
  0.00197682
  0.00202413
  0.00204148
  0.00202615
  0.00197535
  0.00188913
  0.00176545
  0.00160465
  0.00140544
  0.00117227
 0.000905357
  0.00061537
 0.000304131
  0.00578478
    0.011482
   0.0170305
   0.0223954
   0.0275247
   0.0323762
   0.0369042
   0.0410676
   0.0448267
   0.0481471
   0.0509967
   0.0533486
   0.0551798
   0.0564739
   0.0572179
   0.0574067
   0.0570384
    0.056116
   0.0546478
   0.0526538
   0.0501547
   0.0471801
    0.043762
   0.0399365
   0.0357437
   0.0312285
   0.0264383
   0.0214207
   0.0162291
   0.0109009
  0.00549224
-0.000311425
-0.000540191
 -0.00066599
-0.000734809
-0.000743662
-0.000711028
-0.000638845
-0.000537063
-0.000408991
-0.000261376
 -9.7886e-05
 7.51221e-05
 0.000253653
 0.000432259
 0.000606642
 0.000772888
 0.000926737
  0.00106458
  0.00118223
  0.00127624
  0.00134242
  0.00137784
  0.00137808
  0.00134623
     0.00128
  0.00118035
  0.00104628
 0.000880567
 0.000683302
 0.000464856
 0.000226794
  0.00416091
  0.00825201
   0.0122284
   0.0160725
   0.0197465
   0.0232226
   0.0264674
    0.029452
   0.0321473
   0.0345289
   0.0365732
   0.0382607
    0.039574
   0.0405021
   0.0410348
   0.0411692
   0.0409033
   0.0402369
   0.0391739
   0.0377325
   0.0359268
   0.0337809
   0.0313185
   0.0285674
   0.0255594
   0.0223226
   0.0188939
   0.0153054
    0.011599
  0.00779484
  0.00393673
-0.000286948
-0.000523712
-0.000695231
-0.000818569
 -0.00089123
-0.000921755
-0.000911913
-0.000867911
 -0.00079315
-0.000692903
-0.000571232
-0.000433524
-0.000284215
 -0.00012838
 2.93871e-05
 0.000184814
 0.000333463
 0.000471387
 0.000594445
 0.000699067
 0.000781579
  0.00083911
 0.000868615
 0.000871026
 0.000845115
 0.000791483
 0.000710247
 0.000603452
 0.000472548
 0.000324018
 0.000160604
  0.00220819
  0.00438332
  0.00650273
  0.00855417
   0.0105174
   0.0123771
   0.0141154
   0.0157164
   0.0171645
   0.0184464
   0.0195493
   0.0204628
   0.0211772
   0.0216865
   0.0219851
    0.022071
    0.021943
    0.021601
   0.0210469
   0.0202893
    0.019335
   0.0181961
   0.0168846
   0.0154147
   0.0138027
   0.0120637
   0.0102169
     0.00828
  0.00627532
  0.00421657
  0.00212838
 4.07667e-06
 7.98576e-06
 1.01332e-05
 1.19025e-05
 1.29246e-05
 1.35716e-05
 1.38195e-05
 1.37911e-05
 1.34824e-05
 1.29857e-05
 1.22731e-05
 1.14341e-05
 1.04513e-05
 9.39041e-06
 8.25174e-06
 7.07776e-06
 5.87827e-06
 4.68447e-06
 3.52726e-06
 2.41586e-06
 1.42508e-06
 5.15733e-07
-2.06253e-07
 -8.2046e-07
-1.25946e-06
-1.57686e-06
-1.65878e-06
-1.62535e-06
-1.30861e-06
-9.10765e-07
-4.69492e-07
-3.47033e-06
-6.94067e-06
-6.28404e-06
-5.62741e-06
-5.21781e-06
-4.80822e-06
-4.53126e-06
-4.25431e-06
-3.90544e-06
-3.55657e-06
-3.14072e-06
-2.72486e-06
-2.06542e-06
-1.40598e-06
-7.02288e-07
 1.39886e-09
 6.66874e-07
 1.33235e-06
 2.80201e-06
 4.27168e-06
 5.76844e-06
 7.26521e-06
 8.38336e-06
 9.50151e-06
  9.9395e-06
 1.03775e-05
 9.98627e-06
 9.59505e-06
 6.19203e-06
 2.78901e-06
  1.3945e-06
