0.0980201
0.09562469999999999
0.09325839999999999
0.0909187
0.08860520000000001
0.0863188
0.0840597
0.081828
0.0796234
0.07744619999999999
0.0752962
0.0731768
0.071087
0.06902960000000001
0.0670033
0.0650043
0.0630335
0.061086400000000006
0.0591665
0.05728300000000001
0.055432100000000005
0.0535977
0.05179740000000001
0.0500477
0.0483346
0.046655300000000004
0.045007599999999995
0.0433898
0.0418018
0.0402423
0.038718800000000005
0.03725119999999999
0.0358292
0.0344402
0.033066000000000005
0.0316536
0.030238
0.0288528
0.0274935
0.026183699999999997
0.0249075
0.023643900000000002
0.0224007
0.0211803
0.019990599999999997
0.0188382
0.0177206
0.0166193
0.015545500000000002
0.0145179
0.013547
0.0126961
0.011923999999999999
0.011198200000000002
0.0105106
0.00981467
0.00913617
0.00846562
0.00780814
0.00717633
0.00656219
0.00597359
0.00540311
0.0048536000000000004
0.00434148
0.00389365
0.0034859
0.00308492
0.0026993000000000004
0.00234119
0.00200711
0.00168186
0.00136646
0.00102611
0.000692133
0.000377573
9.18001e-05
-0.000134467
-0.00030346400000000003
-0.000282943
3.0196600000000002e-06
