0.0980201
0.09562469999999999
0.09325839999999999
0.0909186
0.0886051
0.0863187
0.0840597
0.0818279
0.07962330000000001
0.0774461
0.0752961
0.07317660000000001
0.07108660000000001
0.06902910000000001
0.06700249999999999
0.0650034
0.0630325
0.0610855
0.05916559999999999
0.0572817
0.055430499999999994
0.0535969
0.0517976
0.050048
0.0483349
0.0466556
0.0450079
0.0433901
0.0418019
0.040242400000000005
0.0387189
0.037251400000000004
0.0358295
0.0344398
0.0330649
0.0316536
0.030238900000000003
0.028853800000000002
0.0274947
0.026184199999999998
0.024907299999999997
0.023643400000000002
0.022399900000000004
0.0211795
0.0199898
0.0188375
0.01772
0.0166192
0.015546100000000002
0.014519399999999998
0.0135494
0.012697499999999999
0.011924700000000002
0.011198200000000002
0.01051
0.00981519
0.00913771
0.00846817
0.00781157
0.00718004
0.00656601
0.00597674
0.00540549
0.00485601
0.00434402
0.00389554
0.00348724
0.0030862
0.00270045
0.00234187
0.00200726
0.00168146
0.00136554
0.00102607
0.0006929810000000001
0.000379547
9.49297e-05
-0.000130485
-0.000298584
-0.000281395
2.34096e-06
