0.0980201
0.09562469999999999
0.09325839999999999
0.0909186
0.08860520000000001
0.0863187
0.0840597
0.0818279
0.0796234
0.0774461
0.0752961
0.0731767
0.0710868
0.0690295
0.0670033
0.0650044
0.0630337
0.0610865
0.05916659999999999
0.0572837
0.05543340000000001
0.0535982
0.051797199999999995
0.0500478
0.048335
0.0466559
0.0450084
0.0433908
0.0418029
0.0402431
0.0387194
0.037252
0.0358301
0.034442400000000005
0.0330695
0.0316562
0.0302395
0.028853500000000004
0.0274934
0.0261836
0.0249075
0.023643400000000002
0.022399799999999997
0.0211789
0.0199885
0.018836000000000002
0.0177182
0.016616299999999997
0.0155421
0.0145136
0.0135417
0.0126924
0.011922
0.011198399999999999
0.010513
0.00981727
0.0091389
0.00846806
0.00781013
0.007177899999999999
0.00656317
0.00597448
0.00540384
0.00485354
0.00434073
0.00389361
0.00348667
0.00308576
0.00270015
0.00234207
0.00200795
0.00168271
0.00136734
0.00102549
0.0006900210000000001
0.00037380599999999996
8.640790000000001e-05
-0.000141167
-0.000311425
-0.000286948
4.07667e-06
