Residual: 
17.5135
10.4571
6.79121
4.75307
3.54609
2.78742
2.28469
1.93637
1.68604
1.50064
1.35989
1.25075
1.16458
1.09541
1.03908
0.992562
0.953672
0.920775
0.892641
0.868333
0.847131
0.828474
0.811918
0.797114
0.78378
0.77169
0.760658
0.750533
0.741189
0.732523
0.724447
0.716887
0.709781
0.703075
0.696723
0.690688
0.684933
0.679431
0.674154
0.669081
0.664192
0.659469
0.654896
0.65046
0.646148
0.64195
0.637856
0.633857
0.629945
0.626114
0.622356
0.618667
0.61504
0.611472
0.607957
0.604494
0.601076
0.597703
0.59437
0.591076
0.587817
0.584592
0.5814
0.578237
0.575103
0.571997
0.568916
0.56586
0.562828
0.559819
0.556831
0.553865
0.550919
0.547994
0.545087
0.5422
0.539331
0.53648
0.533647
0.530832
0.528033
0.525252
0.522487
0.51974
0.517008
0.514293
0.511595
0.508912
0.506245
0.503595
0.50096
0.498342
0.495739
0.493152
0.490581
0.488025
0.485485
0.482962
0.480453
0.477961
0.475484
0.473022
0.470576
0.468146
0.465731
0.463331
0.460947
0.458578
0.456224
0.453885
0.451562
0.449252
0.446958
0.444679
0.442414
0.440164
0.437928
0.435705
0.433498
0.431304
0.429124
0.426957
0.424804
0.422664
0.420537
0.418424
0.416323
0.414235
0.412159
0.410095
0.408044
0.406005
0.403977
0.401961
0.399957
0.397964
0.395982
0.394011
0.39205
0.390101
0.388161
0.386233
0.384314
0.382406
0.380507
0.378618
0.376739
0.374869
0.373009
0.371157
0.369316
0.367483
0.365659
0.363843
0.362037
0.360239
0.35845
0.356669
0.354896
0.353132
0.351376
0.349628
0.347888
0.346157
0.344433
0.342717
0.341009
0.339309
0.337617
0.335932
0.334255
0.332586
0.330925
0.329271
0.327624
0.325986
0.324355
0.322731
0.321115
0.319507
0.317906
0.316313
0.314727
0.313149
0.311578
0.310015
0.308459
0.306911
0.30537
0.303837
0.302311
0.300793
0.299283
0.297779
0.296284
0.294795
0.293315
0.291842
0.290376
0.288918
0.287467
0.286024
0.284588
0.283159
0.281739
0.280325
0.278919
0.277521
0.27613
0.274746
0.27337
0.272001
0.270639
0.269285
0.267938
0.266598
0.265265
0.26394
0.262622
0.261311
0.260008
0.258711
0.257422
0.25614
0.254864
0.253596
0.252335
0.25108
0.249833
0.248592
0.247359
0.246132
0.244911
0.243698
0.242491
0.24129
0.240097
0.238909
0.237729
0.236555
0.235387
0.234225
0.23307
0.231921
0.230779
0.229642
0.228511
0.227387
0.226269
0.225156
0.22405
0.222949
0.221855
0.220766
0.219683
0.218605
0.217533
0.216467
0.215407
0.214352
0.213302
0.212258
0.211219
0.210186
0.209157
0.208134
0.207117
0.206104
0.205097
0.204094
0.203097
0.202105
0.201118
0.200135
0.199158
0.198185
0.197217
0.196254
0.195295
0.194342
0.193393
0.192449
0.191509
0.190574
0.189643
0.188717
0.187795
0.186878
0.185965
0.185056
0.184152
0.183252
0.182357
0.181465
0.180578
0.179695
0.178817
0.177942
0.177072
0.176205
0.175342
0.174485
0.17363
0.17278
0.171934
0.171091
0.170253
0.169418
0.168588
0.167761
0.166938
0.166119
0.165303
0.164492
0.163684
0.16288
0.162079
0.161283
0.16049
0.159701
0.158915
0.158133
0.157354
0.15658
0.155808
0.155041
0.154277
0.153516
0.152759
0.152005
0.151255
0.150509
0.149765
0.149025
0.148289
0.147556
0.146827
0.1461
0.145377
0.144658
0.143942
0.143229
0.14252
0.141814
0.141111
0.140412
0.139715
0.139022
0.138332
0.137645
0.136962
0.136281
0.135604
0.13493
0.13426
0.133592
0.132928
0.132266
0.131608
0.130953
0.130301
0.129652
0.129006
0.128363
0.127723
0.127086
0.126453
0.125822
0.125194
0.124569
0.123947
0.123328
0.122713
0.122099
0.121489
0.120882
0.120278
0.119677
0.119078
0.118482
0.11789
0.1173
0.116713
0.116129
0.115548
0.114969
0.114393
0.11382
0.11325
0.112683
0.112118
0.111556
0.110997
0.110441
0.109887
0.109336
0.108788
0.108242
0.107699
0.107159
0.106621
0.106086
0.105554
0.105024
0.104497
0.103973
0.103451
0.102932
0.102415
0.101901
0.101389
0.10088
0.100374
0.0998697
0.0993682
0.0988691
0.0983729
0.0978791
0.0973872
0.0968985
0.096412
0.0959279
0.0954463
0.0949669
0.09449
0.0940156
0.0935438
0.0930742
0.0926072
0.0921422
0.0916798
0.0912196
0.090762
0.0903064
0.0898532
0.0894023
0.0889539
0.0885078
0.0880639
0.0876222
0.0871825
0.0867455
0.0863104
0.085878
0.0854474
0.0850191
0.0845929
0.0841689
0.0837471
0.0833279
0.0829103
0.082495
0.0820818
0.0816708
0.0812621
0.0808552
0.0804504
0.0800479
0.0796472
0.0792489
0.0788522
0.0784582
0.0780656
0.0776755
0.0772868
0.0769008
0.0765166
0.076134
0.0757534
0.0753751
0.0749988
0.0746239
0.0742513
0.0738805
0.0735116
0.0731445
0.07278
0.0724166
0.0720551
0.0716956
0.0713379
0.0709819
0.0706281
0.0702762
0.0699256
0.0695768
0.0692303
0.0688852
0.0685417
0.0682001
0.0678605
0.0675222
0.0671857
0.066851
0.0665181
0.0661867
0.0658576
0.0655292
0.0652031
0.0648785
Residual: 
0.0590951
0.0530057
0.0480609
0.0439639
0.0405253
0.0376157
0.0351408
0.0330282
0.03122
0.0296685
0.0283336
0.0271814
0.026183
0.0253136
0.0245521
0.0238805
0.0232835
0.0227484
0.0222644
0.0218226
0.0214155
0.0210371
0.0206824
0.0203472
0.0200283
0.0197231
0.0194292
0.019145
0.018869
0.0186002
0.0183377
0.0180807
0.0178286
0.0175811
0.0173377
0.0170983
0.0168626
0.0166304
0.0164016
0.0161762
0.0159541
0.0157351
0.0155192
0.0153065
0.0150968
0.0148902
0.0146865
0.0144857
0.0142878
0.0140928
0.0139006
0.0137111
0.0135244
0.0133403
0.0131588
0.0129799
0.0128036
0.0126297
0.0124582
0.0122891
0.0121224
0.011958
0.0117958
0.0116359
0.0114782
0.0113227
0.0111693
0.011018
0.0108687
0.0107215
0.0105764
0.0104332
0.0102919
0.0101526
0.0100152
0.00987968
0.00974602
0.00961419
0.00948416
0.00935593
0.00922946
0.00910472
0.00898169
0.00886036
0.0087407
0.00862268
0.00850629
0.00839151
0.00827829
0.00816665
0.00805653
0.00794794
0.00784083
0.0077352
0.00763103
0.00752828
0.00742695
0.00732701
0.00722844
0.00713122
0.00703535
0.00694078
0.00684751
0.00675552
0.00666479
0.0065753
0.00648704
0.00639999
0.00631412
0.00622943
0.0061459
0.0060635
0.00598223
0.00590207
0.00582301
0.00574502
0.00566809
0.00559221
0.00551737
0.00544354
0.00537072
0.00529888
0.00522802
0.00515812
0.00508918
0.00502117
0.00495408
0.0048879
0.00482261
0.00475822
0.00469469
0.00463202
0.00457021
0.00450923
0.00444907
0.00438973
0.00433119
0.00427344
0.00421648
0.00416028
0.00410484
0.00405016
0.00399621
0.003943
0.0038905
0.00383871
0.00378762
0.00373722
0.0036875
0.00363846
0.00359008
0.00354235
0.00349527
0.00344883
0.00340302
0.00335782
0.00331324
0.00326927
0.00322589
0.0031831
0.0031409
0.00309926
0.00305819
0.00301769
0.00297773
0.00293832
0.00289945
0.0028611
0.00282329
0.00278598
0.00274919
0.0027129
0.00267712
0.00264182
0.002607
0.00257267
0.0025388
0.00250541
0.00247247
0.00243999
0.00240796
0.00237637
0.00234522
0.00231449
0.0022842
0.00225432
0.00222486
0.00219581
0.00216716
0.00213891
0.00211106
0.00208359
0.00205651
0.0020298
0.00200346
0.00197749
0.00195189
0.00192664
0.00190175
0.00187721
0.001853
0.00182913
0.0018056
0.0017824
0.00175953
0.00173697
0.00171473
0.0016928
0.00167117
0.00164985
0.00162882
0.00160809
0.00158765
0.00156749
0.00154761
0.00152801
0.00150868
0.00148962
0.00147083
0.00145229
0.00143401
0.00141598
0.0013982
0.00138067
0.00136337
0.00134632
0.0013295
0.0013129
0.00129654
0.0012804
0.00126448
0.00124877
0.00123327
0.00121799
0.00120291
0.00118804
0.00117336
0.00115888
0.0011446
0.0011305
0.0011166
0.00110287
0.00108934
0.00107598
0.00106279
0.00104978
0.00103694
0.00102426
0.00101176
0.000999413
0.000987228
0.000975199
0.000963326
0.000951612
0.000940041
0.000928622
0.000917351
0.000906222
0.000895235
0.000884387
0.000873679
0.000863103
0.000852664
0.000842357
0.000832175
0.000822124
0.000812198
0.000802393
0.000792715
0.000783158
0.000773718
0.000764394
0.000755184
0.000746092
0.000737106
0.000728238
0.000719476
0.000710818
0.000702272
0.000693828
0.000685485
0.000677244
0.000669103
0.000661066
0.000653121
0.000645272
0.000637522
0.000629861
0.000622297
0.00061482
0.00060744
0.000600143
0.000592937
0.000585812
0.000578779
0.000571826
0.000564958
0.000558171
0.000551466
0.000544843
0.000538291
0.000531827
0.000525438
0.00051912
0.000512883
0.000506715
0.000500623
0.000494604
0.000488655
0.000482778
0.00047697
0.000471232
0.000465563
0.000459956
0.000454419
0.000448947
0.000443542
0.000438199
0.000432917
0.000427701
0.000422546
0.000417448
0.000412415
0.000407441
0.000402521
0.000397664
0.000392861
0.00038812
0.000383431
0.000378799
0.000374222
0.000369696
0.000365224
0.000360807
0.000356445
0.00035213
0.000347865
0.000343653
0.000339491
0.000335375
0.000331311
0.000327295
0.000323326
0.000319404
0.000315529
0.000311697
0.000307913
0.000304177
0.000300477
0.000296827
0.000293219
0.000289655
0.000286133
0.000282653
0.000279213
0.000275817
0.000272458
0.000269139
0.000265861
0.000262622
0.000259419
0.000256259
0.000253135
0.000250048
0.000246996
0.000243979
0.000241003
0.00023806
0.000235153
0.000232279
0.000229443
0.00022664
0.00022387
0.000221134
0.000218429
0.000215759
0.000213121
0.000210511
0.000207938
0.000205392
0.000202878
0.000200395
0.00019794
0.000195513
0.000193119
0.000190753
0.000188416
0.000186105
0.000183826
0.000181572
0.000179348
0.000177146
0.000174976
0.000172829
0.000170708
0.000168616
0.000166544
0.000164501
0.000162481
0.00016049
0.00015852
0.000156574
0.000154651
0.000152756
0.000150875
0.000149024
0.00014719
0.000145386
0.000143602
0.000141835
0.000140095
0.000138376
0.000136673
0.000134994
0.000133338
0.000131699
0.000130081
0.000128485
0.000126903
0.000125345
0.000123805
0.000122286
0.000120783
0.0001193
0.000117832
0.000116384
0.000114954
0.000113544
0.000112147
0.000110768
0.000109408
0.000108066
0.000106735
0.000105424
0.000104132
0.000102855
0.000101589
0.000100343
9.91098e-05
9.78938e-05
9.66897e-05
9.54996e-05
9.43284e-05
9.31717e-05
9.20296e-05
9.08979e-05
8.97826e-05
8.86814e-05
8.75894e-05
8.65169e-05
8.54562e-05
8.44071e-05
8.33714e-05
8.23497e-05
8.13412e-05
8.03428e-05
7.93562e-05
7.83801e-05
7.74219e-05
7.64729e-05
7.55371e-05
7.46111e-05
7.36952e-05
7.2793e-05
7.18968e-05
7.1019e-05
7.01476e-05
6.92896e-05
6.84418e-05
6.76004e-05
6.6774e-05
6.59555e-05
6.51488e-05
6.43522e-05
6.35643e-05
6.27866e-05
6.20197e-05
6.12618e-05
6.05132e-05
5.97764e-05
5.9042e-05
5.83191e-05
5.76096e-05
5.69021e-05
5.62053e-05
5.55218e-05
5.48434e-05
5.41732e-05
5.35123e-05
5.28586e-05
5.22108e-05
5.15764e-05
5.0947e-05
5.03223e-05
4.97088e-05
4.91034e-05
4.85034e-05
4.79097e-05
4.73262e-05
4.67484e-05
Residual: 
2.41899e-05
2.06485e-05
2.27678e-05
2.79814e-05
3.57953e-05
4.61558e-05
5.8953e-05
7.39463e-05
9.08029e-05
0.000109153
0.000128636
0.000148941
0.000169824
0.000191119
0.00021274
0.000234656
0.000256873
0.000279396
0.000302198
0.000325186
0.000348186
0.000370931
0.000393068
0.000414177
0.000433796
0.000451459
0.000466722
0.000479204
0.00048862
0.0004948
0.00049772
0.000497508
0.000494454
0.000489005
0.000481744
0.000473365
0.000464618
0.000456249
0.000448921
0.000443133
0.000439156
0.000436993
0.000436381
0.000436838
0.000437737
0.000438386
0.000438117
0.000436343
0.00043261
0.000426623
0.000418255
0.000407548
0.000394702
0.000380053
0.000364049
0.000347215
0.000330114
0.000313302
0.00029728
0.000282448
0.000269066
0.000257242
0.000246934
0.000237996
0.00023023
0.000223462
0.000217602
0.000212691
0.000208918
0.000206598
0.000206118
0.000207845
0.000212029
0.000218726
0.000227771
0.000238797
0.000251308
0.000264749
0.000278573
0.000292288
0.000305491
0.000317874
0.000329235
0.000339462
0.000348527
0.000356462
0.000363341
0.000369248
0.000374261
0.000378428
0.00038175
0.000384176
0.000385607
0.000385898
0.000384882
0.000382386
0.000378254
0.000372371
0.000364685
0.00035522
0.000344089
0.000331504
0.000317773
0.000303295
0.000288545
0.000274045
0.000260326
0.000247874
0.000237065
0.000228104
0.000220981
0.000215465
0.000211141
0.000207478
0.00020392
0.000199959
0.000195203
0.000189412
0.000182524
0.000174672
0.00016619
0.000157609
0.000149639
0.000143109
0.000138842
0.00013747
0.000139238
0.000143919
0.000150898
0.000159356
0.000168454
0.000177452
0.000185761
0.000192954
0.000198763
0.000203064
0.000205863
0.000207273
0.000207495
0.000206794
0.000205468
0.000203817
0.000202108
0.000200544
0.000199244
0.000198231
0.000197439
0.000196731
0.000195933
0.000194858
0.000193349
0.000191295
0.000188654
0.000185462
0.000181829
0.000177938
0.000174021
0.000170332
0.000167118
0.000164577
0.000162826
0.000161878
0.000161643
0.000161939
0.000162531
0.000163164
0.000163609
0.000163686
0.000163292
0.000162409
0.000161111
0.000159551
0.000157948
0.000156558
0.000155635
0.000155391
0.000155957
0.000157349
0.000159467
0.000162107
0.000164989
0.0001678
0.000170228
0.000171997
0.000172888
0.000172757
0.00017154
0.000169257
0.000166012
0.000161986
0.00015742
0.000152601
0.000147837
0.000143416
0.000139576
0.000136464
0.000134114
0.000132436
0.000131237
0.000130253
0.000129196
0.00012779
0.000125812
0.000123111
0.00011963
0.000115406
0.000110585
0.000105412
0.000100231
9.54598e-05
9.15526e-05
8.89247e-05
8.78613e-05
8.84372e-05
9.04923e-05
9.36811e-05
9.75664e-05
0.000101709
0.000105731
0.000109341
0.000112348
0.00011466
0.000116272
0.000117257
0.00011775
0.00011793
0.000117992
0.000118127
0.000118488
0.000119173
0.000120206
0.000121539
0.00012306
0.000124618
0.000126041
0.000127166
0.000127854
0.000128009
0.000127585
0.00012659
0.000125085
0.000123177
0.000121009
0.000118745
0.000116549
0.000114563
0.000112889
0.000111567
0.000110574
0.000109824
0.000109187
0.000108507
0.000107626
0.000106411
0.000104766
0.000102649
0.000100081
9.71467e-05
9.39963e-05
9.08355e-05
8.79087e-05
8.54722e-05
8.37547e-05
8.2913e-05
8.29955e-05
8.39288e-05
8.55325e-05
8.7557e-05
8.97279e-05
9.17851e-05
9.35096e-05
9.47395e-05
9.53774e-05
9.5392e-05
9.48156e-05
9.37385e-05
9.23005e-05
9.06767e-05
8.9059e-05
8.76336e-05
8.65539e-05
8.59165e-05
8.57442e-05
8.59831e-05
8.65131e-05
8.71708e-05
8.77753e-05
8.81543e-05
8.8163e-05
8.76989e-05
8.67098e-05
8.51975e-05
8.32181e-05
8.08786e-05
7.83296e-05
7.5754e-05
7.33488e-05
7.13008e-05
6.97586e-05
6.88061e-05
6.84448e-05
6.85955e-05
6.91153e-05
6.98277e-05
7.05532e-05
7.11353e-05
7.14582e-05
7.14568e-05
7.11203e-05
7.04915e-05
6.96609e-05
6.87565e-05
6.79287e-05
6.73289e-05
6.70856e-05
6.72809e-05
6.79343e-05
6.8999e-05
7.03717e-05
7.19119e-05
7.3465e-05
7.48833e-05
7.60418e-05
7.68491e-05
7.72536e-05
7.72452e-05
7.68542e-05
7.61472e-05
7.52196e-05
7.41856e-05
7.31642e-05
7.22639e-05
7.15667e-05
7.11151e-05
7.09052e-05
7.08873e-05
7.09748e-05
7.1059e-05
7.10249e-05
7.07667e-05
7.02009e-05
6.92752e-05
6.79747e-05
6.63244e-05
6.43902e-05
6.22748e-05
6.01128e-05
5.8058e-05
5.62671e-05
5.48769e-05
5.39801e-05
5.3605e-05
5.37091e-05
5.41875e-05
5.48951e-05
5.5672e-05
5.63687e-05
5.68621e-05
5.70666e-05
5.69393e-05
5.64809e-05
5.57349e-05
5.47819e-05
5.37335e-05
5.27196e-05
5.18728e-05
5.13089e-05
5.11061e-05
5.12908e-05
5.18317e-05
5.26473e-05
5.3622e-05
5.46262e-05
5.55346e-05
5.62407e-05
5.66656e-05
5.67636e-05
5.65236e-05
5.59691e-05
5.51541e-05
5.41593e-05
5.30832e-05
5.20319e-05
5.11057e-05
5.03849e-05
4.99169e-05
4.97079e-05
4.97229e-05
4.98927e-05
5.01266e-05
5.03284e-05
5.0409e-05
5.02984e-05
4.99528e-05
4.93589e-05
4.85353e-05
4.75316e-05
4.6425e-05
4.53125e-05
4.43013e-05
4.34939e-05
4.29718e-05
4.27801e-05
4.29182e-05
4.33399e-05
4.39626e-05
4.46834e-05
4.5395e-05
4.60005e-05
4.64234e-05
4.66136e-05
4.65504e-05
4.62433e-05
4.57294e-05
4.50705e-05
4.43465e-05
4.36457e-05
4.30547e-05
4.26445e-05
4.2459e-05
4.25067e-05
4.27594e-05
4.31575e-05
4.36209e-05
4.40614e-05
4.43951e-05
4.45516e-05
4.44812e-05
4.41583e-05
4.35839e-05
4.27848e-05
4.18123e-05
4.07379e-05
3.96473e-05
3.86312e-05
3.77739e-05
3.71402e-05
3.67638e-05
3.66408e-05
3.67307e-05
3.69645e-05
3.72573e-05
3.75226e-05
3.76832e-05
3.76804e-05
3.74786e-05
3.70684e-05
3.6467e-05
3.57168e-05
3.48821e-05
3.40435e-05
3.32889e-05
3.27016e-05
3.23471e-05
3.226e-05
3.24372e-05
3.28387e-05
3.33961e-05
3.40253e-05
3.46407e-05
3.51658e-05
3.55406e-05
3.57265e-05
3.57079e-05
3.54922e-05
3.51083e-05
3.46035e-05
3.4039e-05
3.34823e-05
3.29998e-05
3.2646e-05
3.24553e-05
3.2436e-05
3.25687e-05
3.28106e-05
3.3103e-05
3.33813e-05
3.35843e-05
3.3661e-05
3.3576e-05
3.3313e-05
3.28752e-05
3.22863e-05
3.15874e-05
3.08347e-05
3.00933e-05
2.94304e-05
2.8905e-05
2.85591e-05
2.84094e-05
2.8444e-05
2.86249e-05
2.88954e-05
2.91905e-05
2.94458e-05
2.96067e-05
2.9633e-05
2.9503e-05
2.92143e-05
2.87845e-05
Residual: 
5083.19
3713.04
3884.02
4252.52
4370.06
4505.7
4931.65
5620.46
6383.95
7064.61
7583.18
7920.81
8093.61
8132.61
8071.93
7945.95
7794.1
7668.64
7637.64
7774.77
8134.28
8724.95
9503.31
10389.5
11290.8
12119.9
12805.6
13298.7
13574.2
13632.9
13499.6
13220.8
12858.2
12479.5
12145.6
11896.6
11742.7
11663.6
11618.1
11559.4
11449.3
11268.5
11020.3
10729
10433.3
10175.7
9988.93
9885.14
9852.3
9860.16
9873.07
9863.82
9823.75
9766.88
9726.77
9746.26
9861.56
10086.4
10404
10770.9
11130.2
11427.5
11623.3
11701.7
11673.6
11574.9
11459.5
11385.3
11396.3
11506.2
11691.8
11899.6
12062.2
12116.7
12019.4
11755.4
11343.7
10837.6
10319.8
9887.63
9626.58
9577.9
9719
9973.44
10243.1
10441.1
10512.3
10443.2
10262.8
10038.2
9860.22
9817.84
9965.21
10298.5
10758.5
11257.1
11707.6
12046.7
12245.8
12313.8
12293.2
12249.9
12254.4
12359.8
12582.1
12894
13235.5
13534.7
13728.9
13780.8
13687
13480.6
13225.5
13002.8
12888.1
12925.3
13108.5
13383.4
13666.8
13874
13941.1
13839.8
13584.4
13231.8
12872.6
12610.8
12531.8
12669
12987.9
13400.8
13799.4
14087.5
14203.3
14130.1
13899.7
13587.7
13298.7
13140.3
13185.9
13445.4
13860.9
14330.8
14746.1
15020.5
15108.4
15012.6
14783.8
14511
14301.6
14249.3
14400.6
14735.1
15174.7
15613.7
15952.9
16124.4
16106.1
15925.7
15656.4
15401.6
15267.6
15327.9
15594
16010.2
16475.6
16879
17130.4
17181.3
17034.9
16746.4
16413.9
16156.1
16077.9
16231.6
16594.4
17077.9
17560.8
17927.6
18097.5
18040.8
17784.7
17410.7
17038.7
16798.7
16788
17033.8
17480.6
18013.1
18498.2
18823.2
18921.9
18786.6
18470.4
18078.6
17746.7
17602.4
17720.9
18093.3
18630.6
19198.8
19664.2
19928.1
19947.5
19743.1
19396
19032.9
18794.7
18792.4
19064.2
19559.3
20158.6
20718.7
21114.3
21268.4
21167
20862.3
20464.6
20118.6
19963.7
20085.6
20481.2
21059
21675.8
22183.7
22470.6
22483.7
22240.1
21825.4
21378
21057.5
20995.1
21244.7
21758.8
22408.8
23032.2
23482.7
23665.5
23555.7
23203.9
22728.3
22291.8
22058.6
22138.5
22542.9
23179
23887.5
24497.8
24874.9
24949.1
24728.8
24299.9
23811.5
23441.4
23343.6
23591.4
24146.2
24873.6
25594.7
26142.3
26402.9
26339
25997
25499.7
25022.7
24749
24808.3
25225.8
25910.8
26693.4
27384.3
27829
27941.8
27723.2
27260.1
26712.2
26275.8
26127.8
26360.8
26944.8
27738.8
28545.5
29174.7
29491.7
29445.1
29076.5
28515.4
27954.5
27601.5
27613
28032.4
28771.2
29645.1
30440.3
30976.1
31146
30938.4
30439.9
29821.2
29300.8
29084
29289.7
29901.6
30774.2
31690.2
32432.3
32840.1
32844.1
32478.2
31876
31246.2
30821.8
30787.7
31209.1
32003.7
32975.3
33886.1
34527.9
34771.4
34591.2
34071.6
33393.5
32796.7
32514.7
32693.7
33332.8
34283.8
35310
36165.9
36664.2
36714.9
36343.2
35686.7
34971
34456.9
34360.9
34773.6
35620.5
36693.4
37727.3
38483
38803.9
38647.9
38095.7
37338.8
36641.1
36269.3
36402.7
37061.1
38095.1
39246.6
40238.2
40849.5
40966
40600.6
39893.4
39087.2
38473
38303.6
38699.9
39600.3
40785.3
41961.9
42855.3
43278.2
43167.7
42598.4
41771
40973.8
40508.6
40591.1
41265.7
42385.4
43671.5
44812.1
45551.4
45746.7
45395.8
44639.5
43738.2
43014.4
42760
43130.7
44080.9
45381.8
46710.5
47753.8
48289
48229.1
47640.1
46731.6
45817.9
45239.3
45253.6
45934.8
47141.1
48572.6
49880
50766.3
51055.5
50726.8
49919.8
48912.5
48061.7
47703.5
48034.7
49030.9
50456
51955.3
53172.6
53844.3
53854.3
53256.8
52268.7
51230.9
50525.7
50457.8
51137.2
52431.5
54020.7
55515
56571.7
56976.4
56685.3
55834.2
54718.2
53730.1
53254.1
53533.4
54570.3
56124.8
57809.1
59220.4
60048.7
60144.3
59545.3
58475
57301.5
56452.3
56284.4
56950
58331.1
60088.5
61788.7
63038
63577.8
63336.2
62442.7
61208.6
60065.1
59449.7
59658.7
60728.2
62417
64304
65934.1
66945.1
67146.8
66557.6
65404.4
64083.4
63070.7
62782.2
63419.6
64885.4
66823
68752.5
70223
70924.8
70752.4
69824.9
68469.2
67156.3
66381.6
66502.2
67594.8
69422.2
71529.3
73404.7
74626.9
74958.9
74393.9
73159.8
71681.1
70486.1
70055.2
70648
72194.2
74322.4
76503.8
78224.1
79115.4
79031.8
78078
76594.6
75094.7
74136.8
74146.1
75248.9
77217.2
79562.2
Residual: 
21648.6
17734.2
15490.1
13939
12740.7
11756.8
10920.1
10192.8
9550.95
8977.95
8461.91
7993.84
7566.75
7175.09
6814.37
6480.87
6171.5
5883.66
5615.12
5363.97
5128.56
4907.45
4699.37
4503.22
4318.02
4142.89
3977.05
3819.81
3670.55
3528.69
3393.74
3265.24
3142.75
3025.91
2914.36
2807.79
2705.9
2608.42
2515.1
2425.72
2340.07
2257.93
2179.14
2103.52
2030.91
1961.17
1894.16
1829.74
1767.8
1708.23
1650.91
1595.75
1542.65
1491.52
1442.28
1394.85
1349.15
1305.11
1262.66
1221.73
1182.25
1144.18
1107.44
1071.98
1037.76
1004.71
972.785
941.946
912.147
883.348
855.509
828.596
802.577
777.421
753.101
729.592
706.868
684.907
663.688
643.188
623.386
604.259
585.784
567.936
550.691
534.02
517.896
502.29
487.171
472.51
458.278
444.447
430.989
417.88
405.1
392.628
380.45
368.554
356.932
345.58
334.496
323.683
313.144
302.886
292.916
283.243
273.875
264.821
256.088
247.681
239.603
231.857
224.439
217.345
210.567
204.096
197.916
192.013
186.367
180.96
175.769
170.774
165.952
161.282
156.744
152.317
147.985
143.732
139.545
135.412
131.324
127.276
123.263
119.284
115.338
111.427
107.555
103.727
99.9472
96.2229
92.5606
88.9673
85.45
82.0153
78.6695
75.4181
72.2661
69.2175
66.2756
63.4425
60.7198
58.1079
55.6067
53.2152
50.9317
48.7544
46.6807
44.7078
42.8328
41.0527
39.3644
37.7646
36.2503
34.8185
33.466
32.1899
30.987
29.8542
28.7885
27.7863
26.8444
25.959
25.1266
24.3432
23.605
22.9079
22.2481
21.6216
21.0246
20.4535
19.9048
19.3756
18.8629
18.3641
17.8772
17.4003
16.9318
16.4706
16.0158
15.5669
15.1234
14.6853
14.2527
13.8257
13.4048
12.9905
12.5832
12.1836
11.7922
11.4097
11.0366
10.6735
10.3209
9.97922
9.64879
9.32991
9.0228
8.72756
8.44426
8.17284
7.9132
7.66516
7.42848
7.20286
6.98795
6.78336
6.58866
6.40341
6.22715
6.05939
5.89966
5.74749
5.6024
5.46393
5.33166
5.20515
5.08402
4.96788
4.85638
4.7492
4.64603
4.5466
4.45064
4.35792
4.26822
4.18136
4.09715
4.01544
3.93608
3.85893
3.78388
3.71082
3.63965
3.57029
3.50264
3.43665
3.37223
3.30934
3.24791
3.18788
3.12922
3.07187
3.01579
2.96095
2.90729
2.8548
2.80344
2.75317
2.70396
2.65579
2.60862
2.56243
2.5172
2.4729
2.42951
2.387
2.34535
2.30454
2.26456
2.22537
2.18697
2.14933
2.11243
2.07627
2.04082
2.00606
1.97198
1.93857
1.90581
1.87369
1.84218
1.81129
1.78099
1.75127
1.72212
1.69352
1.66546
1.63794
1.61092
1.58441
1.55838
1.53283
1.50774
1.48309
1.45888
1.43508
1.41169
1.38868
1.36605
1.34378
1.32185
1.30025
1.27897
1.25799
1.2373
1.21689
1.19674
1.17685
1.1572
1.13778
1.11859
1.09962
1.08085
1.0623
1.04394
1.02578
1.00783
0.990067
0.972506
0.955146
0.937993
0.921049
0.904321
0.887816
0.871541
0.855505
0.839716
0.824183
0.808917
0.793926
0.779221
0.76481
0.750701
0.736904
0.723426
0.710273
0.69745
0.684961
0.672809
0.660996
0.64952
0.638379
0.627572
0.617092
0.606932
0.597083
0.587536
0.57828
0.569302
0.560587
0.552122
0.543889
0.535873
0.528057
0.520423
0.512954
0.505633
0.498442
0.491364
0.484384
0.477484
0.470651
0.46387
0.457129
0.450414
0.443714
0.437021
0.430324
0.423616
0.416891
0.410143
0.403368
0.396562
0.389724
0.382851
0.375944
0.369003
0.36203
0.355026
0.347995
0.340939
0.333863
0.326771
0.319669
0.31256
0.305451
0.298348
0.291257
0.284183
0.277133
0.270114
0.263131
0.256191
0.249301
0.242465
0.23569
0.228981
0.222345
0.215787
0.209311
0.202923
0.196627
0.190427
0.184328
0.178333
0.172446
0.166669
0.161006
0.155459
0.15003
0.144721
0.139535
0.134471
0.129531
0.124717
0.120028
0.115465
0.111028
0.106717
0.102531
0.0984697
0.0945323
0.0907177
0.0870248
0.0834522
0.0799985
0.076662
0.073441
0.0703335
0.0673376
0.0644513
0.0616723
0.0589984
0.0564274
0.0539567
0.0515842
0.0493072
0.0471233
0.0450301
0.043025
0.0411054
0.0392689
0.0375129
0.035835
0.0342325
0.032703
0.0312441
0.0298533
0.0285282
0.0272664
0.0260655
0.0249234
0.0238377
0.0228061
0.0218266
0.0208969
0.0200149
0.0191787
0.0183863
0.0176356
0.0169248
0.016252
0.0156155
0.0150134
0.0144441
0.013906
0.0133974
0.0129168
0.0124627
0.0120336
0.0116282
0.0112452
0.0108832
0.0105411
0.0102176
0.00991161
0.0096221
0.00934802
0.0090884
0.00884232
0.00860892
0.00838737
0.00817688
0.00797673
0.00778622
0.00760471
0.0074316
0.00726631
0.00710834
0.00695717
0.00681234
0.00667344
0.00654005
0.00641181
0.00628837
0.00616942
0.00605467
0.00594384
0.00583667
0.00573294
Residual: 
0.100862
0.0991339
0.0978042
0.09658
0.0954184
0.0943032
0.0932256
0.0921801
0.0911626
0.0901691
0.0891972
0.0882448
0.0873103
0.0863913
0.0854875
0.0845972
0.0837201
0.0828557
0.0820029
0.0811619
0.0803325
0.0795145
0.0787082
0.0779131
0.0771293
0.0763569
0.0755968
0.0748477
0.0741105
0.0733846
0.0726705
0.0719682
0.0712768
0.0705967
0.0699273
0.0692686
0.0686204
0.0679824
0.0673539
0.0667351
0.0661251
0.0655245
0.0649322
0.0643486
0.0637728
0.0632053
0.0626447
0.0620923
0.0615474
0.0610096
0.0604788
0.0599555
0.0594387
0.0589293
0.0584266
0.0579307
0.0574416
0.0569597
0.0564838
0.056015
0.0555526
0.0550964
0.0546475
0.0542042
0.0537675
0.0533368
0.0529123
0.0524935
0.0520808
0.0516738
0.0512722
0.0508764
0.0504858
0.0501004
0.0497199
0.0493446
0.0489743
0.0486082
0.0482473
0.0478907
0.0475387
0.0471907
0.046847
0.0465076
0.0461723
0.0458411
0.0455134
0.0451899
0.04487
0.0445539
0.0442415
0.0439325
0.0436272
0.043325
0.0430264
0.0427311
0.042439
0.0421502
0.0418643
0.0415816
0.0413017
0.0410251
0.040751
0.0404802
0.0402117
0.0399462
0.0396831
0.0394228
0.0391651
0.0389099
0.0386569
0.0384063
0.0381581
0.0379124
0.0376688
0.0374278
0.0371881
0.0369511
0.0367161
0.0364832
0.0362521
0.0360232
0.0357962
0.0355711
0.0353478
0.0351263
0.0349067
0.0346885
0.0344727
0.0342583
0.0340454
0.0338344
0.0336248
0.0334169
0.0332109
0.0330061
0.0328027
0.0326011
0.0324008
0.0322021
0.0320049
0.0318092
0.0316148
0.0314216
0.0312299
0.0310398
0.0308506
0.0306632
0.0304768
0.0302919
0.0301082
0.0299258
0.0297445
0.0295643
0.029386
0.0292085
0.0290319
0.028857
0.0286833
0.0285103
0.028339
0.0281686
0.0279994
0.0278315
0.0276643
0.0274987
0.0273338
0.0271701
0.0270077
0.0268464
0.0266859
0.0265264
0.0263686
0.0262113
0.0260552
0.0258998
0.0257461
0.0255926
0.0254407
0.0252897
0.0251398
0.0249907
0.0248425
0.0246954
0.0245491
0.0244041
0.02426
0.0241165
0.0239742
0.0238328
0.0236919
0.0235525
0.0234139
0.023276
0.0231394
0.023003
0.0228679
0.0227337
0.0226003
0.0224676
0.0223361
0.022205
0.022075
0.0219463
0.0218177
0.0216901
0.0215633
0.0214372
0.0213123
0.0211878
0.0210641
0.0209416
0.0208196
0.0206982
0.0205778
0.0204581
0.0203392
0.0202208
0.0201032
0.0199867
0.0198706
0.0197554
0.0196408
0.0195267
0.0194139
0.0193018
0.0191897
0.0190785
0.0189682
0.0188587
0.0187495
0.0186409
0.0185333
0.0184264
0.0183202
0.0182142
0.0181089
0.0180044
0.0179006
0.0177972
0.017695
0.0175931
0.0174918
0.0173909
0.0172908
0.0171913
0.0170924
0.0169937
0.0168962
0.0167991
0.0167024
0.0166064
0.016511
0.0164161
0.0163218
0.0162281
0.0161351
0.0160422
0.01595
0.0158587
0.0157678
0.0156771
0.0155871
0.0154982
0.015409
0.0153207
0.0152328
0.0151458
0.0150589
0.0149726
0.0148868
0.0148012
0.0147165
0.0146322
0.0145485
0.0144648
0.0143822
0.0143
0.0142182
0.014137
0.0140556
0.0139754
0.0138953
0.0138158
0.0137366
0.0136579
0.0135799
0.0135023
0.0134247
0.013348
0.0132715
0.0131957
0.0131201
0.0130453
0.0129702
0.0128963
0.0128226
0.0127488
0.0126762
0.0126033
0.0125312
0.0124596
0.0123882
0.0123176
0.0122469
0.0121769
0.0121072
0.0120379
0.0119692
0.0119006
0.0118324
0.0117649
0.0116969
0.0116302
0.0115636
0.0114973
0.0114314
0.0113662
0.0113009
0.0112363
0.0111718
0.0111078
0.011044
0.0109808
0.0109181
0.0108553
0.0107932
0.0107311
0.0106694
0.0106087
0.0105476
0.0104873
0.0104269
0.0103675
0.0103079
0.0102487
0.0101897
0.0101313
0.010073
0.0100154
0.00995783
0.00990043
0.00984362
0.00978685
0.00973096
0.00967474
0.0096195
0.0095641
0.00950895
0.00945453
0.00940044
0.00934599
0.00929233
0.00923904
0.00918584
0.00913281
0.00908055
0.00902828
0.00897637
0.00892477
0.00887358
0.0088224
0.00877143
0.00872107
0.00867079
0.00862101
0.00857109
0.00852176
0.00847285
0.00842416
0.00837553
0.0083274
0.00827907
0.00823177
0.00818401
0.0081374
0.00809071
0.00804387
0.00799722
0.00795102
0.00790567
0.00785979
0.00781467
0.00776944
0.00772502
0.00768012
0.00763589
0.00759192
0.00754805
0.00750449
0.00746125
0.00741824
0.00737559
0.00733294
0.00729071
0.00724864
0.00720704
0.00716541
0.007124
0.00708267
0.00704218
0.00700155
0.00696126
0.006921
0.00688115
0.00684148
0.00680191
0.00676276
0.00672336
0.00668485
0.00664629
0.006608
0.00656992
0.00653178
0.00649429
0.00645688
0.00641933
0.00638241
0.00634551
0.00630902
0.00627238
0.0062363
0.00620054
0.00616437
0.00612879
0.00609333
0.00605805
0.00602336
0.00598829
0.00595396
0.00591962
0.00588537
0.00585073
0.00581716
0.00578362
0.0057499
0.00571642
0.00568357
0.00565082
0.00561821
0.00558565
0.00555313
0.00552136
0.00548885
0.00545687
0.00542548
0.00539399
0.00536258
0.00533159
0.00530043
0.00526974
0.00523879
0.00520822
0.00517807
0.0051477
0.00511778
0.00508831
0.00505835
0.00502861
0.00499948
0.00497004
0.0049411
0.00491209
0.0048835
0.00485477
0.0048262
0.00479793
0.00476973
0.00474161
0.00471361
0.00468603
0.0046583
0.00463069
0.00460382
0.00457642
0.00454888
0.00452209
0.00449528
0.00446893
0.00444211
0.00441567
0.00438952
0.00436321
0.00433691
0.00431143
0.0042852
0.00425944
0.00423398
0.00420837
0.00418312
0.00415763
0.00413242
0.0041075
0.00408264
0.00405787
0.00403325
0.00400839
0.00398425
0.00395953
0.00393536
