    0.19509
    0.38268
    0.55557
    0.70711
    0.83147
    0.92388
    0.98079
          1
    0.98079
    0.92388
    0.83147
    0.70711
    0.55557
    0.38268
    0.19509
   -1.53177
   -3.00467
   -4.36211
   -5.55191
   -6.52835
   -7.25392
   -7.70072
   -7.85159
   -7.70072
   -7.25392
   -6.52836
   -5.55191
   -4.36211
   -3.00467
   -1.53177
    0.19358
   0.379721
   0.551271
   0.701636
   0.825036
   0.916731
   0.973198
   0.992263
   0.973198
   0.916731
   0.825036
   0.701636
   0.551271
   0.379721
    0.19358
   -1.51845
   -2.97855
   -4.32418
   -5.50364
    -6.4716
   -7.19086
   -7.63377
   -7.78333
   -7.63378
   -7.19086
    -6.4716
   -5.50364
   -4.32418
   -2.97855
   -1.51845
   0.192074
   0.376768
   0.546983
   0.696178
   0.818619
   0.909601
   0.965627
   0.984545
   0.965627
   0.909601
   0.818619
   0.696178
   0.546983
   0.376768
   0.192074
    -1.5052
   -2.95257
   -4.28646
   -5.45563
   -6.41515
   -7.12813
   -7.56718
   -7.71543
   -7.56718
   -7.12813
   -6.41515
   -5.45563
   -4.28646
   -2.95257
   -1.50521
   0.190573
   0.373823
   0.542707
   0.690735
   0.812219
    0.90249
   0.958078
   0.976848
   0.958078
    0.90249
   0.812219
   0.690735
   0.542707
   0.373823
   0.190573
   -1.49203
   -2.92673
   -4.24895
   -5.40789
     -6.359
   -7.06575
   -7.50096
   -7.64791
   -7.50096
   -7.06575
   -6.35901
   -5.40789
   -4.24895
   -2.92673
   -1.49203
   0.189076
   0.370886
   0.538443
   0.685308
   0.805837
   0.895399
    0.95055
   0.969173
    0.95055
   0.895399
   0.805837
   0.685308
   0.538443
   0.370886
   0.189076
   -1.47893
   -2.90103
   -4.21165
   -5.36041
   -6.30318
   -7.00372
   -7.43511
   -7.58077
   -7.43511
   -7.00372
   -6.30318
   -5.36042
   -4.21165
   -2.90104
   -1.47894
   0.187583
   0.367957
   0.534191
   0.679897
   0.799474
   0.888329
   0.943045
    0.96152
   0.943045
   0.888329
   0.799475
   0.679897
   0.534191
   0.367957
   0.187583
   -1.46591
   -2.87549
   -4.17457
   -5.31322
   -6.24769
   -6.94206
   -7.36966
   -7.51404
   -7.36966
   -6.94206
   -6.24769
   -5.31323
   -4.17457
    -2.8755
   -1.46592
   0.186095
   0.365038
   0.529953
   0.674502
   0.793131
    0.88128
   0.935562
   0.953891
   0.935562
    0.88128
   0.793131
   0.674502
   0.529953
   0.365038
   0.186095
   -1.45297
   -2.85011
   -4.13772
   -5.26632
   -6.19253
   -6.88078
   -7.30459
    -7.4477
    -7.3046
   -6.88078
   -6.19254
   -5.26632
   -4.13772
   -2.85011
   -1.45297
   0.184611
   0.362127
   0.525727
   0.669124
   0.786807
   0.874253
   0.928102
   0.946284
   0.928102
   0.874253
   0.786807
   0.669124
   0.525727
   0.362127
   0.184611
   -1.44011
   -2.82488
   -4.10109
    -5.2197
   -6.13772
   -6.81987
   -7.23994
   -7.38177
   -7.23994
   -6.81987
   -6.13772
    -5.2197
   -4.10109
   -2.82488
   -1.44011
   0.183132
   0.359226
   0.521515
   0.663763
   0.780502
   0.867248
   0.920666
   0.938702
   0.920666
   0.867248
   0.780502
   0.663763
   0.521515
   0.359226
   0.183132
   -1.42733
   -2.79981
   -4.06469
   -5.17337
   -6.08324
   -6.75934
   -7.17568
   -7.31626
   -7.17568
   -6.75934
   -6.08325
   -5.17338
    -4.0647
   -2.79981
   -1.42733
   0.181657
   0.356334
   0.517316
   0.658419
   0.774219
   0.860266
   0.913253
   0.931145
   0.913253
   0.860266
   0.774219
   0.658419
   0.517316
   0.356334
   0.181657
   -1.41463
   -2.77489
   -4.02852
   -5.12733
   -6.02911
   -6.69918
   -7.11182
   -7.25115
   -7.11182
   -6.69919
   -6.02911
   -5.12734
   -4.02852
   -2.77489
   -1.41463
   0.180188
   0.353451
   0.513131
   0.653092
   0.767956
   0.853307
   0.905865
   0.923612
   0.905865
   0.853307
   0.767956
   0.653093
   0.513131
   0.353451
   0.180188
     -1.402
   -2.75012
   -3.99256
   -5.08157
    -5.9753
    -6.6394
   -7.04835
   -7.18643
   -7.04835
    -6.6394
    -5.9753
   -5.08158
   -3.99257
   -2.75013
     -1.402
   0.178723
   0.350578
   0.508961
   0.647784
   0.761714
   0.846371
   0.898503
   0.916105
   0.898503
   0.846371
   0.761714
   0.647784
   0.508961
   0.350578
   0.178723
   -1.38945
   -2.72551
   -3.95682
   -5.03608
   -5.92181
   -6.57996
   -6.98525
    -7.1221
   -6.98525
   -6.57996
   -5.92181
   -5.03609
   -3.95683
   -2.72551
   -1.38945
   0.177264
   0.347715
   0.504804
   0.642494
   0.755493
   0.839459
   0.891165
   0.908624
   0.891165
   0.839459
   0.755493
   0.642494
   0.504804
   0.347715
   0.177264
   -1.37697
   -2.70102
   -3.92128
   -4.99085
   -5.86862
   -6.52086
   -6.92251
   -7.05813
   -6.92251
   -6.52086
   -5.86862
   -4.99085
   -3.92129
   -2.70103
   -1.37697
   0.175809
   0.344862
   0.500663
   0.637223
   0.749294
   0.832571
   0.883853
   0.901169
   0.883853
   0.832571
   0.749294
   0.637223
   0.500663
   0.344862
   0.175809
   -1.36456
   -2.67667
   -3.88593
   -4.94585
   -5.81571
   -6.46207
    -6.8601
    -6.9945
    -6.8601
   -6.46208
   -5.81572
   -4.94586
   -3.88594
   -2.67668
   -1.36456
    0.17436
   0.342019
   0.496535
    0.63197
   0.743118
   0.825708
   0.876567
    0.89374
   0.876567
   0.825708
   0.743118
    0.63197
   0.496535
    0.34202
    0.17436
    -1.3522
   -2.65244
   -3.85075
   -4.90108
   -5.76306
   -6.40358
     -6.798
   -6.93119
   -6.79801
   -6.40358
   -5.76307
   -4.90109
   -3.85076
   -2.65245
   -1.35221
   0.172916
   0.339187
   0.492423
   0.626736
   0.736963
   0.818869
   0.869307
   0.886338
   0.869307
    0.81887
   0.736963
   0.626736
   0.492423
   0.339187
   0.172916
   -1.33991
   -2.62832
   -3.81574
   -4.85652
   -5.71066
   -6.34535
   -6.73619
   -6.86816
   -6.73619
   -6.34535
   -5.71067
   -4.85652
   -3.81575
   -2.62833
   -1.33991
   0.171477
   0.336364
   0.488325
    0.62152
   0.730831
   0.812056
   0.862074
   0.878963
   0.862074
   0.812056
   0.730831
   0.621521
   0.488326
   0.336364
   0.171477
   -1.32766
   -2.60431
   -3.78087
   -4.81213
   -5.65847
   -6.28736
   -6.67463
   -6.80539
   -6.67463
   -6.28736
   -5.65848
   -4.81214
   -3.78088
   -2.60431
   -1.32767
   0.170043
   0.333552
   0.484243
   0.616324
   0.724721
   0.805267
   0.854867
   0.871614
   0.854867
   0.805267
   0.724721
   0.616325
   0.484243
   0.333552
   0.170044
   -1.31546
   -2.58037
   -3.74613
   -4.76792
   -5.60648
   -6.22959
    -6.6133
   -6.74286
    -6.6133
   -6.22959
   -5.60649
   -4.76792
   -3.74613
   -2.58038
   -1.31547
   0.168615
   0.330751
   0.480175
   0.611147
   0.718633
   0.798503
   0.847686
   0.864293
   0.847686
   0.798503
   0.718634
   0.611148
   0.480176
   0.330751
   0.168615
   -1.30331
   -2.55653
    -3.7115
   -4.72385
   -5.55466
   -6.17201
   -6.55217
   -6.68054
   -6.55218
   -6.17202
   -5.55467
   -4.72386
   -3.71151
   -2.55653
   -1.30331
   0.167192
   0.327959
   0.476123
    0.60599
   0.712568
   0.791764
   0.840532
   0.856999
   0.840532
   0.791764
   0.712569
    0.60599
   0.476123
   0.327959
   0.167192
   -1.29118
   -2.53275
   -3.67698
   -4.67992
     -5.503
   -6.11461
   -6.49124
   -6.61841
   -6.49124
   -6.11461
   -5.50301
   -4.67993
   -3.67699
   -2.53276
   -1.29119
   0.165774
   0.325178
   0.472085
   0.600851
   0.706526
   0.785049
   0.833404
   0.849732
   0.833404
    0.78505
   0.706526
   0.600851
   0.472086
   0.325178
   0.165774
    -1.2791
   -2.50904
   -3.64257
   -4.63611
   -5.45149
   -6.05737
   -6.43047
   -6.55646
   -6.43048
   -6.05738
    -5.4515
   -4.63612
   -3.64257
   -2.50905
    -1.2791
   0.164362
   0.322407
   0.468063
   0.595731
   0.700506
    0.77836
   0.826303
   0.842491
   0.826303
    0.77836
   0.700506
   0.595731
   0.468063
   0.322407
   0.164362
   -1.26704
    -2.4854
   -3.60824
   -4.59242
   -5.40011
   -6.00029
   -6.36987
   -6.49467
   -6.36988
   -6.00029
   -5.40012
   -4.59243
   -3.60825
    -2.4854
   -1.26705
   0.162955
   0.319647
   0.464055
    0.59063
   0.694508
   0.771696
   0.819228
   0.835278
   0.819228
   0.771696
   0.694508
   0.590631
   0.464056
   0.319647
   0.162955
   -1.25502
   -2.46181
     -3.574
   -4.54884
   -5.34887
   -5.94335
   -6.30943
   -6.43304
   -6.30943
   -5.94336
   -5.34888
   -4.54885
   -3.57401
   -2.46182
   -1.25502
   0.161552
   0.316897
   0.460062
   0.585548
   0.688532
   0.765056
   0.812179
   0.828091
   0.812179
   0.765056
   0.688532
   0.585549
   0.460063
   0.316897
   0.161553
   -1.24303
   -2.43829
   -3.53985
   -4.50537
   -5.29776
   -5.88656
   -6.24914
   -6.37157
   -6.24914
   -5.88656
   -5.29777
   -4.50538
   -3.53986
   -2.43829
   -1.24303
   0.160156
   0.314156
   0.456085
   0.580485
   0.682579
   0.758441
   0.805157
   0.820931
   0.805157
   0.758441
   0.682579
   0.580486
   0.456085
   0.314157
   0.160156
   -1.23107
   -2.41483
   -3.50579
   -4.46202
   -5.24678
   -5.82991
   -6.18901
   -6.31026
   -6.18901
   -5.82992
   -5.24679
   -4.46203
   -3.50579
   -2.41483
   -1.23107
   0.158764
   0.311426
   0.452121
   0.575441
   0.676647
    0.75185
    0.79816
   0.813797
    0.79816
    0.75185
   0.676648
   0.575441
   0.452121
   0.311427
   0.158764
   -1.21914
   -2.39143
   -3.47182
   -4.41878
   -5.19594
   -5.77342
   -6.12903
   -6.24911
   -6.12904
   -5.77343
   -5.19595
   -4.41879
   -3.47182
   -2.39143
   -1.21914
   0.157377
   0.308707
   0.448173
   0.570415
   0.670738
   0.745284
   0.791189
    0.80669
   0.791189
   0.745284
   0.670738
   0.570416
   0.448173
   0.308707
   0.157377
   -1.20724
   -2.36809
   -3.43794
   -4.37567
   -5.14525
   -5.71709
   -6.06923
   -6.18814
   -6.06924
    -5.7171
   -5.14525
   -4.37568
   -3.43795
    -2.3681
   -1.20725
   0.155996
   0.305997
   0.444239
   0.565408
    0.66485
   0.738742
   0.784244
   0.799609
   0.784244
   0.738742
    0.66485
   0.565409
   0.444239
   0.305997
   0.155996
   -1.19538
   -2.34483
   -3.40417
   -4.33269
    -5.0947
   -5.66093
   -6.00961
   -6.12735
   -6.00961
   -5.66093
   -5.09471
   -4.33269
   -3.40417
   -2.34484
   -1.19539
    0.15462
   0.303297
   0.440319
    0.56042
   0.658984
   0.732224
   0.777325
   0.792554
   0.777325
   0.732224
   0.658985
    0.56042
   0.440319
   0.303297
    0.15462
   -1.18356
   -2.32164
    -3.3705
   -4.28984
   -5.04432
   -5.60495
   -5.95018
   -6.06675
   -5.95018
   -5.60495
   -5.04432
   -4.28984
   -3.37051
   -2.32165
   -1.18356
   0.153248
   0.300607
   0.436414
    0.55545
    0.65314
    0.72573
   0.770431
   0.785525
   0.770432
   0.725731
    0.65314
    0.55545
   0.436415
   0.300608
   0.153248
   -1.17178
   -2.29853
   -3.33695
   -4.24714
   -4.99411
   -5.54915
   -5.89095
   -6.00636
   -5.89095
   -5.54916
   -4.99411
   -4.24714
   -3.33696
   -2.29854
   -1.17178
   0.151882
   0.297927
   0.432524
   0.550498
   0.647318
   0.719261
   0.763563
   0.778522
   0.763563
   0.719261
   0.647318
   0.550499
   0.432524
   0.297928
   0.151882
   -1.16004
   -2.27551
   -3.30352
   -4.20459
   -4.94407
   -5.49356
   -5.83194
   -5.94619
   -5.83194
   -5.49357
   -4.94408
   -4.20459
   -3.30353
   -2.27551
   -1.16004
   0.150521
   0.295258
   0.428648
   0.545565
   0.641517
   0.712815
   0.756721
   0.771546
   0.756721
   0.712816
   0.641517
   0.545566
   0.428648
   0.295258
   0.150521
   -1.14835
   -2.25257
   -3.27022
    -4.1622
   -4.89423
   -5.43818
   -5.77314
   -5.88625
   -5.77314
   -5.43818
   -4.89424
   -4.16221
   -3.27022
   -2.25257
   -1.14835
   0.149165
   0.292598
   0.424786
    0.54065
   0.635737
   0.706394
   0.749904
   0.764595
   0.749904
   0.706394
   0.635738
   0.540651
   0.424787
   0.292598
   0.149165
    -1.1367
   -2.22972
   -3.23705
   -4.11998
   -4.84459
   -5.38302
   -5.71458
   -5.82654
   -5.71458
   -5.38302
   -4.84459
   -4.11999
   -3.23705
   -2.22972
    -1.1367
   0.147814
   0.289948
   0.420939
   0.535754
    0.62998
   0.699996
   0.743112
    0.75767
   0.743112
   0.699996
    0.62998
   0.535754
   0.420939
   0.289948
   0.147814
    -1.1251
   -2.20696
   -3.20402
   -4.07794
   -4.79515
   -5.32809
   -5.65627
   -5.76708
   -5.65627
   -5.32809
   -4.79515
   -4.07794
   -3.20402
   -2.20696
    -1.1251
   0.146468
   0.287308
   0.417106
   0.530876
   0.624244
   0.693622
   0.736346
   0.750772
   0.736346
   0.693623
   0.624244
   0.530876
   0.417107
   0.287308
   0.146468
   -1.11355
   -2.18431
   -3.17112
   -4.03608
   -4.74592
   -5.27339
    -5.5982
   -5.70787
    -5.5982
   -5.27339
   -4.74592
   -4.03608
   -3.17112
   -2.18431
   -1.11355
   0.145127
   0.284678
   0.413288
   0.526015
   0.618529
   0.687272
   0.729605
   0.743899
   0.729605
   0.687273
   0.618529
   0.526016
   0.413288
   0.284678
   0.145127
   -1.10205
   -2.16175
   -3.13838
    -3.9944
   -4.69691
   -5.21893
   -5.54039
   -5.64893
   -5.54039
   -5.21893
   -4.69691
    -3.9944
   -3.13838
   -2.16175
   -1.10205
   0.143791
   0.282057
   0.409483
   0.521174
   0.612835
   0.680946
   0.722889
   0.737051
   0.722889
   0.680946
   0.612836
   0.521174
   0.409484
   0.282057
   0.143792
    -1.0906
    -2.1393
   -3.10578
   -3.95291
   -4.64812
   -5.16472
   -5.48284
   -5.59025
   -5.48284
   -5.16472
   -4.64812
    -3.9529
   -3.10578
    -2.1393
    -1.0906
    0.14246
   0.279446
   0.405693
    0.51635
   0.607163
   0.674643
   0.716198
   0.730229
   0.716198
   0.674644
   0.607163
    0.51635
   0.405694
   0.279447
   0.142461
   -1.07921
   -2.11695
   -3.07333
   -3.91161
   -4.59956
   -5.11076
   -5.42555
   -5.53185
   -5.42555
   -5.11076
   -4.59956
    -3.9116
   -3.07333
   -2.11694
   -1.07921
   0.141134
   0.276845
   0.401917
   0.511543
   0.601511
   0.668364
   0.709531
   0.723432
   0.709531
   0.668364
   0.601512
   0.511544
   0.401917
   0.276845
   0.141135
   -1.06787
    -2.0947
   -3.04103
    -3.8705
   -4.55123
   -5.05705
   -5.36854
   -5.47372
   -5.36854
   -5.05705
   -4.55123
    -3.8705
   -3.04103
    -2.0947
   -1.06787
   0.139813
   0.274254
   0.398154
   0.506755
    0.59588
   0.662107
   0.702889
   0.716659
   0.702889
   0.662107
   0.595881
   0.506755
   0.398155
   0.274254
   0.139813
   -1.05658
   -2.07256
   -3.00889
    -3.8296
   -4.50313
   -5.00361
    -5.3118
   -5.41586
    -5.3118
    -5.0036
   -4.50312
   -3.82959
   -3.00889
   -2.07256
   -1.05658
   0.138497
   0.271671
   0.394405
   0.501983
   0.590269
   0.655872
    0.69627
   0.709911
   0.696271
   0.655873
    0.59027
   0.501983
   0.394406
   0.271671
   0.138497
   -1.04535
   -2.05053
   -2.97691
   -3.78889
   -4.45526
   -4.95042
   -5.25534
   -5.35829
   -5.25533
   -4.95042
   -4.45526
   -3.78888
    -2.9769
   -2.05053
   -1.04535
   0.137185
   0.269098
   0.390669
   0.497228
   0.584678
   0.649659
   0.689675
   0.703186
   0.689675
    0.64966
   0.584678
   0.497228
    0.39067
   0.269098
   0.137185
   -1.03418
   -2.02861
   -2.94508
   -3.74838
   -4.40763
   -4.89749
   -5.19915
   -5.30101
   -5.19915
   -4.89749
   -4.40762
   -3.74837
   -2.94508
    -2.0286
   -1.03417
   0.135877
   0.266533
   0.386946
   0.492488
   0.579105
   0.643467
   0.683101
   0.696484
   0.683101
   0.643467
   0.579105
   0.492489
   0.386946
   0.266533
   0.135877
   -1.02306
    -2.0068
   -2.91342
   -3.70808
   -4.36024
   -4.84483
   -5.14325
   -5.24401
   -5.14324
   -4.84483
   -4.36023
   -3.70807
   -2.91341
   -2.00679
   -1.02305
   0.134574
   0.263976
   0.383234
   0.487764
    0.57355
   0.637295
   0.676549
   0.689803
   0.676549
   0.637295
    0.57355
   0.487765
   0.383234
   0.263976
   0.134574
   -1.01199
    -1.9851
   -2.88191
   -3.66798
   -4.31309
   -4.79244
   -5.08763
    -5.1873
   -5.08762
   -4.79243
   -4.31308
   -3.66797
    -2.8819
   -1.98509
   -1.01199
   0.133274
   0.261427
   0.379534
   0.483055
   0.568012
   0.631141
   0.670016
   0.683143
   0.670016
   0.631142
   0.568012
   0.483055
   0.379534
   0.261427
   0.133275
   -1.00099
   -1.96351
   -2.85057
   -3.62809
   -4.26618
   -4.74032
   -5.03229
   -5.13088
   -5.03229
   -4.74031
   -4.26616
   -3.62807
   -2.85056
    -1.9635
   -1.00098
   0.131979
   0.258886
   0.375844
   0.478359
    0.56249
   0.625006
   0.663503
   0.676501
   0.663503
   0.625006
    0.56249
   0.478359
   0.375844
   0.258886
   0.131979
  -0.990037
   -1.94203
   -2.81939
    -3.5884
   -4.21951
   -4.68847
   -4.97725
   -5.07476
   -4.97724
   -4.68846
    -4.2195
   -3.58839
   -2.81938
   -1.94202
  -0.990032
   0.130687
   0.256351
   0.372164
   0.473675
   0.556983
   0.618886
   0.657006
   0.669878
   0.657006
   0.618886
   0.556983
   0.473675
   0.372164
   0.256351
   0.130687
  -0.979146
   -1.92066
   -2.78837
   -3.54892
   -4.17309
   -4.63689
   -4.92249
   -5.01893
   -4.92249
   -4.63688
   -4.17308
   -3.54891
   -2.78836
   -1.92065
   -0.97914
   0.129398
   0.253823
   0.368494
   0.469003
    0.55149
   0.612782
   0.650526
   0.663271
   0.650526
   0.612782
    0.55149
   0.469003
   0.368494
   0.253823
   0.129398
  -0.968313
   -1.89941
   -2.75752
   -3.50966
   -4.12692
   -4.58559
   -4.86803
    -4.9634
   -4.86802
   -4.58557
   -4.12691
   -3.50964
   -2.75751
    -1.8994
  -0.968307
   0.128112
   0.251301
   0.364832
   0.464343
   0.546009
   0.606693
   0.644062
    0.65668
   0.644062
   0.606693
   0.546009
   0.464343
   0.364832
     0.2513
   0.128112
  -0.957538
   -1.87828
   -2.72684
   -3.47061
     -4.081
   -4.53456
   -4.81386
   -4.90817
   -4.81385
   -4.53455
   -4.08098
   -3.47059
   -2.72682
   -1.87827
  -0.957531
   0.126829
   0.248784
   0.361178
   0.459693
   0.540542
   0.600618
   0.637612
   0.650104
   0.637612
   0.600618
   0.540542
   0.459693
   0.361178
   0.248784
   0.126829
  -0.946823
   -1.85726
   -2.69632
   -3.43177
   -4.03533
   -4.48381
   -4.75999
   -4.85324
   -4.75998
    -4.4838
   -4.03531
   -3.43175
    -2.6963
   -1.85724
  -0.946815
   0.125549
   0.246273
   0.357533
   0.455054
   0.535086
   0.594556
   0.631177
   0.643543
   0.631177
   0.594556
   0.535086
   0.455053
   0.357533
   0.246273
   0.125549
  -0.936166
   -1.83635
   -2.66597
   -3.39314
   -3.98991
   -4.43334
   -4.70641
   -4.79861
    -4.7064
   -4.43333
   -3.98989
   -3.39312
   -2.66595
   -1.83634
  -0.936157
   0.124272
   0.243768
   0.353896
   0.450425
   0.529643
   0.588508
   0.624757
   0.636996
   0.624756
   0.588508
   0.529643
   0.450424
   0.353896
   0.243768
   0.124272
  -0.925568
   -1.81557
   -2.63579
   -3.35473
   -3.94474
   -4.38316
   -4.65313
   -4.74428
   -4.65312
   -4.38314
   -3.94472
    -3.3547
   -2.63577
   -1.81555
  -0.925559
   0.122998
   0.241269
   0.350268
   0.445806
   0.524213
   0.582474
   0.618351
   0.630465
   0.618351
   0.582474
   0.524212
   0.445806
   0.350267
   0.241268
   0.122998
  -0.915029
   -1.79489
   -2.60578
   -3.31653
   -3.89982
   -4.33325
   -4.60015
   -4.69026
   -4.60013
   -4.33323
    -3.8998
    -3.3165
   -2.60576
   -1.79488
  -0.915019
   0.121727
   0.238775
   0.346648
   0.441199
   0.518795
   0.576455
   0.611961
    0.62395
   0.611961
   0.576454
   0.518795
   0.441199
   0.346648
   0.238775
   0.121726
  -0.904549
   -1.77434
   -2.57594
   -3.27855
   -3.85516
   -4.28362
   -4.54746
   -4.63654
   -4.54745
    -4.2836
   -3.85513
   -3.27852
   -2.57591
   -1.77432
  -0.904539
   0.120459
   0.236289
   0.343038
   0.436605
   0.513393
   0.570451
   0.605588
   0.617452
   0.605587
   0.570451
   0.513392
   0.436604
   0.343037
   0.236288
   0.120459
  -0.894129
    -1.7539
   -2.54626
   -3.24078
   -3.81075
   -4.23427
   -4.49507
   -4.58313
   -4.49506
   -4.23424
   -3.81072
   -3.24074
   -2.54623
   -1.75388
  -0.894118
   0.119195
   0.233809
   0.339438
   0.432023
   0.508005
   0.564465
   0.599233
   0.610972
   0.599232
   0.564464
   0.508004
   0.432022
   0.339438
   0.233809
   0.119195
  -0.883767
   -1.73357
   -2.51676
   -3.20322
   -3.76659
    -4.1852
   -4.44298
   -4.53001
   -4.44296
   -4.18517
   -3.76655
   -3.20319
   -2.51673
   -1.73355
  -0.883756
   0.117935
   0.231337
    0.33585
   0.427456
   0.502635
   0.558497
   0.592898
   0.604513
   0.592897
   0.558497
   0.502634
   0.427455
   0.335849
   0.231337
   0.117934
  -0.873465
   -1.71336
   -2.48742
   -3.16588
   -3.72268
   -4.13641
   -4.39118
    -4.4772
   -4.39117
   -4.13638
   -3.72264
   -3.16584
   -2.48739
   -1.71334
  -0.873453
   0.116679
   0.228874
   0.332273
   0.422904
   0.497282
    0.55255
   0.586584
   0.598076
   0.586583
   0.552549
   0.497281
   0.422903
   0.332273
   0.228873
   0.116679
  -0.863222
   -1.69327
   -2.45825
   -3.12875
   -3.67902
    -4.0879
   -4.33969
    -4.4247
   -4.33967
   -4.08787
   -3.67898
   -3.12872
   -2.45821
   -1.69325
   -0.86321
   0.115428
    0.22642
    0.32871
   0.418369
   0.491949
   0.546625
   0.580293
   0.591662
   0.580293
   0.546624
   0.491948
   0.418368
   0.328709
   0.226419
   0.115427
  -0.853038
   -1.67329
   -2.42925
   -3.09184
   -3.63562
   -4.03968
   -4.28849
   -4.37249
   -4.28847
   -4.03964
   -3.63558
    -3.0918
   -2.42921
   -1.67327
  -0.853026
   0.114181
   0.223975
   0.325161
   0.413851
   0.486638
   0.540722
   0.574028
   0.585273
   0.574027
   0.540722
   0.486637
    0.41385
    0.32516
   0.223974
   0.114181
  -0.842913
   -1.65343
   -2.40041
   -3.05515
   -3.59247
   -3.99174
    -4.2376
   -4.32059
   -4.23756
   -3.99169
   -3.59242
    -3.0551
   -2.40038
   -1.65341
  -0.842901
   0.113041
   0.221738
   0.321914
   0.409719
   0.481778
   0.535323
   0.568295
   0.579429
   0.568295
   0.535322
   0.481777
   0.409718
   0.321913
   0.221738
   0.113041
  -0.832847
   -1.63369
   -2.37175
   -3.01866
   -3.54957
   -3.94408
   -4.18701
   -4.26904
   -4.18701
   -3.94408
   -3.54957
   -3.01866
   -2.37175
   -1.63369
  -0.832847
   0.111906
   0.219512
   0.318682
   0.405606
   0.476942
   0.529949
   0.562591
   0.573612
    0.56259
   0.529948
   0.476941
   0.405605
   0.318682
   0.219512
   0.111906
  -0.822852
   -1.61408
   -2.34329
   -2.98244
   -3.50698
   -3.89674
   -4.13676
   -4.21781
   -4.13676
   -3.89674
   -3.50698
   -2.98244
   -2.34329
   -1.61408
  -0.822852
   0.110777
   0.217297
   0.315467
   0.401513
   0.472129
   0.524601
   0.556914
   0.567824
   0.556913
   0.524601
   0.472128
   0.401512
   0.315466
   0.217297
   0.110777
  -0.812917
   -1.59459
   -2.31499
   -2.94643
   -3.46463
   -3.84969
   -4.08681
   -4.16688
   -4.08681
   -3.84969
   -3.46463
   -2.94643
   -2.31499
   -1.59459
  -0.812917
   0.109653
   0.215093
   0.312266
    0.39744
    0.46734
    0.51928
   0.551264
   0.562064
   0.551264
   0.519279
   0.467339
   0.397439
   0.312266
   0.215092
   0.109653
   -0.80304
   -1.57522
   -2.28687
   -2.91063
   -3.42254
   -3.80292
   -4.03716
   -4.11625
   -4.03716
   -3.80292
   -3.42254
   -2.91063
   -2.28687
   -1.57522
   -0.80304
   0.108535
   0.212899
   0.309082
   0.393387
   0.462574
   0.513984
   0.545643
   0.556332
   0.545643
   0.513984
   0.462573
   0.393386
   0.309081
   0.212899
   0.108535
  -0.793223
   -1.55596
   -2.25891
   -2.87505
    -3.3807
   -3.75643
    -3.9878
   -4.06593
    -3.9878
   -3.75643
    -3.3807
   -2.87504
   -2.25891
   -1.55596
  -0.793223
   0.107422
   0.210717
   0.305913
   0.389354
   0.457832
   0.508715
   0.540049
   0.550629
   0.540049
   0.508715
   0.457831
   0.389353
   0.305913
   0.210716
   0.107422
  -0.783464
   -1.53682
   -2.23112
   -2.83968
    -3.3391
   -3.71021
   -3.93874
   -4.01591
   -3.93874
   -3.71021
    -3.3391
   -2.83967
   -2.23112
   -1.53682
  -0.783464
   0.106315
   0.208545
    0.30276
   0.385341
   0.453113
   0.503472
   0.534483
   0.544954
   0.534483
   0.503472
   0.453112
    0.38534
    0.30276
   0.208545
   0.106315
  -0.773765
   -1.51779
    -2.2035
   -2.80452
   -3.29777
   -3.66428
   -3.88998
   -3.96619
   -3.88998
   -3.66428
   -3.29777
   -2.80452
    -2.2035
   -1.51779
  -0.773764
   0.105214
   0.206384
   0.299623
   0.381348
   0.448418
   0.498255
   0.528945
   0.539307
   0.528945
   0.498255
   0.448418
   0.381348
   0.299623
   0.206384
   0.105214
  -0.764124
   -1.49888
   -2.17604
   -2.76958
   -3.25668
   -3.61863
   -3.84151
   -3.91677
   -3.84151
   -3.61863
   -3.25668
   -2.76958
   -2.17604
   -1.49888
  -0.764124
   0.104118
   0.204234
   0.296502
   0.377375
   0.443747
   0.493065
   0.523435
   0.533689
   0.523435
   0.493065
   0.443746
   0.377375
   0.296502
   0.204234
   0.104118
  -0.754543
   -1.48009
   -2.14876
   -2.73485
   -3.21584
   -3.57325
   -3.79334
   -3.86766
   -3.79335
   -3.57325
   -3.21584
   -2.73485
   -2.14876
   -1.48009
  -0.754543
   0.103027
   0.202095
   0.293397
   0.373423
   0.439099
   0.487901
   0.517953
     0.5281
   0.517952
     0.4879
   0.439099
   0.373423
   0.293396
   0.202095
   0.103027
   -0.74502
   -1.46141
   -2.12164
   -2.70034
   -3.17526
   -3.52816
   -3.74547
   -3.81885
   -3.74547
   -3.52816
   -3.17526
   -2.70033
   -2.12164
   -1.46141
   -0.74502
   0.101942
   0.199967
   0.290307
   0.369491
   0.434475
   0.482763
   0.512498
   0.522539
   0.512498
   0.482763
   0.434475
   0.369491
   0.290307
   0.199967
   0.101942
  -0.735557
   -1.44285
   -2.09469
   -2.66603
   -3.13492
   -3.48334
    -3.6979
   -3.77034
    -3.6979
   -3.48334
   -3.13492
   -2.66603
   -2.09469
   -1.44285
  -0.735557
   0.100863
    0.19785
   0.287233
   0.365579
   0.429875
   0.477652
   0.507072
   0.517006
   0.507072
   0.477651
   0.429875
   0.365578
   0.287233
    0.19785
   0.100863
  -0.726152
    -1.4244
   -2.06791
   -2.63195
   -3.09484
   -3.43881
   -3.65062
   -3.72214
   -3.65062
   -3.43881
   -3.09484
   -2.63195
   -2.06791
    -1.4244
  -0.726152
  0.0997892
   0.195744
   0.284176
   0.361687
   0.425299
   0.472567
   0.501674
   0.511502
   0.501674
   0.472566
   0.425299
   0.361687
   0.284175
   0.195743
  0.0997891
  -0.716807
   -1.40607
   -2.04129
   -2.59808
   -3.05501
   -3.39455
   -3.60364
   -3.67423
   -3.60363
   -3.39455
   -3.05501
   -2.59808
   -2.04129
   -1.40607
  -0.716807
   0.098721
   0.193648
   0.281134
   0.357815
   0.420746
   0.467508
   0.496304
   0.506027
   0.496304
   0.467508
   0.420746
   0.357815
   0.281133
   0.193648
  0.0987209
  -0.707521
   -1.38785
   -2.01485
   -2.56442
   -3.01544
   -3.35057
   -3.55695
   -3.62663
   -3.55695
   -3.35057
   -3.01543
   -2.56442
   -2.01485
   -1.38785
   -0.70752
  0.0976584
   0.191564
   0.278108
   0.353964
   0.416217
   0.462476
   0.490962
    0.50058
   0.490962
   0.462476
   0.416217
   0.353964
   0.278107
   0.191564
  0.0976583
  -0.698293
   -1.36975
   -1.98857
   -2.53097
   -2.97611
   -3.30687
   -3.51056
   -3.57934
   -3.51056
   -3.30687
   -2.97611
   -2.53097
   -1.98857
   -1.36975
  -0.698293
  0.0966014
    0.18949
   0.275098
   0.350133
   0.411713
    0.45747
   0.485648
   0.495162
   0.485648
    0.45747
   0.411712
   0.350133
   0.275097
    0.18949
  0.0966014
  -0.689125
   -1.35177
   -1.96246
   -2.49774
   -2.93703
   -3.26346
   -3.46447
   -3.53234
   -3.46447
   -3.26346
   -2.93703
   -2.49774
   -1.96246
   -1.35177
  -0.689125
    0.09555
   0.187428
   0.272103
   0.346322
   0.407232
   0.452491
   0.480362
   0.489773
   0.480362
   0.452491
   0.407231
   0.346322
   0.272103
   0.187428
    0.09555
  -0.680016
    -1.3339
   -1.93652
   -2.46472
   -2.89821
   -3.22032
   -3.41867
   -3.48565
   -3.41867
   -3.22032
   -2.89821
   -2.46472
   -1.93652
    -1.3339
  -0.680016
  0.0945042
   0.185377
   0.269125
   0.342531
   0.402774
   0.447539
   0.475105
   0.484412
   0.475105
   0.447539
   0.402774
   0.342531
   0.269125
   0.185377
  0.0945042
  -0.670965
   -1.31615
   -1.91075
   -2.43192
   -2.85964
   -3.17746
   -3.37317
   -3.43926
   -3.37317
   -3.17746
   -2.85964
   -2.43192
   -1.91075
   -1.31615
  -0.670965
   0.093464
   0.183336
   0.266163
   0.338761
   0.398341
   0.442613
   0.469875
   0.479081
   0.469875
   0.442613
   0.398341
   0.338761
   0.266163
   0.183336
   0.093464
  -0.661974
   -1.29851
   -1.88514
   -2.39933
   -2.82132
   -3.13488
   -3.32797
   -3.39317
   -3.32797
   -3.13488
   -2.82132
   -2.39933
   -1.88514
   -1.29851
  -0.661974
  0.0924294
   0.181307
   0.263217
   0.335011
   0.393932
   0.437713
   0.464674
   0.473777
   0.464674
   0.437713
   0.393931
   0.335011
   0.263217
   0.181307
  0.0924294
  -0.653041
   -1.28099
   -1.85971
   -2.36696
   -2.78325
   -3.09258
   -3.28306
   -3.34738
   -3.28306
   -3.09258
   -2.78325
   -2.36696
   -1.85971
   -1.28099
  -0.653041
  0.0914004
   0.179288
   0.260286
   0.331282
   0.389546
    0.43284
   0.459501
   0.468503
   0.459501
    0.43284
   0.389546
   0.331282
   0.260286
   0.179288
  0.0914004
  -0.644168
   -1.26358
   -1.83444
    -2.3348
   -2.74543
   -3.05056
   -3.23846
    -3.3019
   -3.23846
   -3.05056
   -2.74543
    -2.3348
   -1.83444
   -1.26358
  -0.644168
   0.090377
   0.177281
   0.257372
   0.327572
   0.385184
   0.427994
   0.454356
   0.463257
   0.454356
   0.427994
   0.385184
   0.327572
   0.257372
   0.177281
   0.090377
  -0.635354
   -1.24629
   -1.80934
   -2.30285
   -2.70786
   -3.00882
   -3.19414
   -3.25672
   -3.19414
   -3.00882
   -2.70786
   -2.30285
   -1.80934
   -1.24629
  -0.635354
  0.0893592
   0.175284
   0.254474
   0.323883
   0.380847
   0.423174
   0.449239
    0.45804
   0.449239
   0.423174
   0.380847
   0.323883
   0.254474
   0.175284
  0.0893592
  -0.626599
   -1.22912
    -1.7844
   -2.27111
   -2.67055
   -2.96735
   -3.15013
   -3.21184
   -3.15013
   -2.96735
   -2.67055
   -2.27111
    -1.7844
   -1.22912
  -0.626599
  0.0883471
   0.173299
   0.251591
   0.320215
   0.376533
   0.418381
   0.444151
   0.452852
   0.444151
   0.418381
   0.376533
   0.320215
   0.251591
   0.173299
   0.088347
  -0.617902
   -1.21206
   -1.75964
   -2.23959
   -2.63348
   -2.92617
   -3.10641
   -3.16727
   -3.10641
   -2.92617
   -2.63348
   -2.23959
   -1.75964
   -1.21206
  -0.617902
  0.0873405
   0.171325
   0.248725
   0.316567
   0.372243
   0.413614
    0.43909
   0.447693
    0.43909
   0.413614
   0.372243
   0.316567
   0.248725
   0.171325
  0.0873405
  -0.609265
   -1.19512
   -1.73504
   -2.20829
   -2.59667
   -2.88527
   -3.06298
   -3.12299
   -3.06298
   -2.88527
   -2.59667
   -2.20829
   -1.73504
   -1.19512
  -0.609265
  0.0863396
   0.169361
   0.245874
   0.312939
   0.367977
   0.408874
   0.434058
   0.442562
   0.434058
   0.408874
   0.367977
   0.312939
   0.245874
   0.169361
  0.0863396
  -0.600687
   -1.17829
   -1.71061
    -2.1772
   -2.56011
   -2.84464
   -3.01986
   -3.07902
   -3.01986
   -2.84464
   -2.56011
    -2.1772
   -1.71061
   -1.17829
  -0.600687
  0.0853442
   0.167409
    0.24304
   0.309331
   0.363735
   0.404161
   0.429055
    0.43746
   0.429055
   0.404161
   0.363735
   0.309331
    0.24304
   0.167409
  0.0853442
  -0.592167
   -1.16158
   -1.68635
   -2.14632
    -2.5238
    -2.8043
   -2.97703
   -3.03535
   -2.97703
    -2.8043
    -2.5238
   -2.14632
   -1.68635
   -1.16158
  -0.592167
  0.0843545
   0.165467
   0.240221
   0.305744
   0.359517
   0.399474
   0.424079
   0.432387
   0.424079
   0.399474
   0.359517
   0.305744
   0.240221
   0.165467
  0.0843545
  -0.583707
   -1.14498
   -1.66226
   -2.11565
   -2.48775
   -2.76423
    -2.9345
   -2.99199
    -2.9345
   -2.76423
   -2.48775
   -2.11565
   -1.66226
   -1.14498
  -0.583707
  0.0833705
   0.163537
   0.237419
   0.302177
   0.355323
   0.394813
   0.419132
   0.427343
   0.419132
   0.394813
   0.355323
   0.302177
   0.237419
   0.163537
  0.0833705
  -0.575306
    -1.1285
   -1.63833
    -2.0852
   -2.45194
   -2.72445
   -2.89226
   -2.94892
   -2.89226
   -2.72445
   -2.45194
    -2.0852
   -1.63833
    -1.1285
  -0.575306
   0.082392
   0.161618
   0.234633
   0.298631
   0.351152
    0.39018
   0.414213
   0.422328
   0.414213
    0.39018
   0.351153
   0.298631
   0.234633
   0.161618
   0.082392
  -0.566963
   -1.11214
   -1.61458
   -2.05497
   -2.41638
   -2.68494
   -2.85032
   -2.90616
   -2.85032
   -2.68494
   -2.41638
   -2.05497
   -1.61458
   -1.11214
  -0.566963
  0.0814192
   0.159709
   0.231862
   0.295105
   0.347006
   0.385573
   0.409322
   0.417341
   0.409322
   0.385573
   0.347006
   0.295105
   0.231862
   0.159709
  0.0814192
   -0.55868
   -1.09589
   -1.59099
   -2.02494
   -2.38108
   -2.64572
   -2.80868
    -2.8637
   -2.80868
   -2.64572
   -2.38108
   -2.02494
   -1.59099
   -1.09589
   -0.55868
   0.080452
   0.157812
   0.229108
   0.291599
   0.342884
   0.380992
   0.404459
   0.412383
   0.404459
   0.380992
   0.342884
   0.291599
   0.229108
   0.157812
   0.080452
  -0.550456
   -1.07976
   -1.56757
   -1.99513
   -2.34603
   -2.60677
   -2.76733
   -2.82155
   -2.76733
   -2.60677
   -2.34603
   -1.99513
   -1.56757
   -1.07976
  -0.550456
  0.0794904
   0.155926
   0.226369
   0.288114
   0.338786
   0.376439
   0.399625
   0.407454
   0.399625
   0.376439
   0.338786
   0.288114
   0.226369
   0.155926
  0.0794904
   -0.54229
   -1.06374
   -1.54431
   -1.96554
   -2.31123
    -2.5681
   -2.72628
   -2.77969
   -2.72628
    -2.5681
   -2.31123
   -1.96554
   -1.54431
   -1.06374
   -0.54229
  0.0785344
   0.154051
   0.223647
   0.284649
   0.334712
   0.371912
   0.394819
   0.402554
   0.394819
   0.371912
   0.334712
   0.284649
   0.223647
   0.154051
  0.0785344
  -0.534184
   -1.04784
   -1.52123
   -1.93616
   -2.27668
   -2.52971
   -2.68553
   -2.73814
   -2.68553
   -2.52971
   -2.27668
   -1.93616
   -1.52123
   -1.04784
  -0.534184
  0.0775841
   0.152187
   0.220941
   0.281204
   0.330661
   0.367411
   0.390042
   0.397683
   0.390042
   0.367411
   0.330661
   0.281204
   0.220941
   0.152187
  0.0775841
  -0.526137
   -1.03205
   -1.49831
   -1.90699
   -2.24238
    -2.4916
   -2.64507
   -2.69689
   -2.64507
    -2.4916
   -2.24238
   -1.90699
   -1.49831
   -1.03205
  -0.526137
  0.0766394
   0.150334
   0.218251
    0.27778
   0.326635
   0.362938
   0.385292
   0.392841
   0.385292
   0.362938
   0.326635
    0.27778
   0.218251
   0.150334
  0.0766394
  -0.518148
   -1.01638
   -1.47556
   -1.87803
   -2.20833
   -2.45377
   -2.60491
   -2.65594
   -2.60491
   -2.45377
   -2.20833
   -1.87803
   -1.47556
   -1.01638
  -0.518148
  0.0757004
   0.148492
   0.215576
   0.274377
   0.322633
    0.35849
   0.380571
   0.388027
   0.380571
    0.35849
   0.322633
   0.274377
   0.215576
   0.148492
  0.0757004
  -0.510219
   -1.00083
   -1.45298
   -1.84929
   -2.17454
   -2.41622
   -2.56505
    -2.6153
   -2.56505
   -2.41622
   -2.17454
   -1.84929
   -1.45298
   -1.00083
  -0.510219
  0.0747669
   0.146661
   0.212918
   0.270994
   0.318655
    0.35407
   0.375879
   0.383243
   0.375879
    0.35407
   0.318655
   0.270994
   0.212918
   0.146661
  0.0747669
  -0.502348
  -0.985392
   -1.43057
   -1.82077
     -2.141
   -2.37895
   -2.52548
   -2.57496
   -2.52548
   -2.37895
     -2.141
   -1.82077
   -1.43057
  -0.985392
  -0.502348
  0.0738392
   0.144841
   0.210276
   0.267631
   0.314701
   0.349677
   0.371215
   0.378487
   0.371215
   0.349677
   0.314701
   0.267631
   0.210276
   0.144841
  0.0738392
  -0.494537
  -0.970069
   -1.40832
   -1.79246
    -2.1077
   -2.34196
   -2.48621
   -2.53492
   -2.48621
   -2.34196
    -2.1077
   -1.79246
   -1.40832
  -0.970069
  -0.494537
   0.072917
   0.143032
    0.20765
   0.264289
    0.31077
    0.34531
   0.366579
    0.37376
   0.366579
    0.34531
    0.31077
   0.264289
    0.20765
   0.143032
   0.072917
  -0.486784
  -0.954862
   -1.38625
   -1.76436
   -2.07466
   -2.30524
   -2.44723
   -2.49518
   -2.44723
   -2.30524
   -2.07466
   -1.76436
   -1.38625
  -0.954862
  -0.486784
  0.0720005
   0.141234
    0.20504
   0.260967
   0.306864
    0.34097
   0.361971
   0.369063
   0.361971
   0.340969
   0.306864
   0.260967
    0.20504
   0.141234
  0.0720005
  -0.479091
  -0.939771
   -1.36434
   -1.73647
   -2.04187
   -2.26881
   -2.40856
   -2.45574
   -2.40856
   -2.26881
   -2.04187
   -1.73647
   -1.36434
  -0.939771
  -0.479091
  0.0710897
   0.139447
   0.202446
   0.257665
   0.302982
   0.336656
   0.357392
   0.364394
   0.357392
   0.336656
   0.302982
   0.257665
   0.202446
   0.139447
  0.0710897
  -0.471457
  -0.924795
    -1.3426
    -1.7088
   -2.00934
   -2.23266
   -2.37017
   -2.41661
   -2.37018
   -2.23266
   -2.00934
    -1.7088
    -1.3426
  -0.924795
  -0.471457
  0.0701845
   0.137672
   0.199869
   0.254384
   0.299124
   0.332369
   0.352841
   0.359754
   0.352841
   0.332369
   0.299125
   0.254384
   0.199869
   0.137672
  0.0701845
  -0.463881
  -0.909935
   -1.32102
   -1.68134
   -1.97705
   -2.19678
   -2.33209
   -2.37778
   -2.33209
   -2.19678
   -1.97705
   -1.68134
   -1.32102
  -0.909935
  -0.463881
   0.069285
   0.135907
   0.197307
   0.251124
   0.295291
   0.328109
   0.348319
   0.355143
   0.348319
   0.328109
   0.295291
   0.251124
   0.197307
   0.135907
   0.069285
  -0.456365
  -0.895191
   -1.29962
    -1.6541
   -1.94501
   -2.16118
    -2.2943
   -2.33925
    -2.2943
   -2.16118
   -1.94501
    -1.6541
   -1.29962
  -0.895191
  -0.456365
  0.0683911
   0.134154
   0.194761
   0.247884
   0.291481
   0.323876
   0.343825
   0.350561
   0.343825
   0.323876
   0.291481
   0.247884
   0.194761
   0.134154
  0.0683911
  -0.448907
  -0.880563
   -1.27838
   -1.62707
   -1.91323
   -2.12587
   -2.25681
   -2.30102
   -2.25681
   -2.12587
   -1.91323
   -1.62707
   -1.27838
  -0.880563
  -0.448907
  0.0675028
   0.132412
   0.192232
   0.244665
   0.287695
    0.31967
    0.33936
   0.346008
    0.33936
    0.31967
   0.287695
   0.244665
   0.192232
   0.132412
  0.0675028
  -0.441509
   -0.86605
   -1.25731
   -1.60025
    -1.8817
   -2.09083
   -2.21961
    -2.2631
   -2.21961
   -2.09083
    -1.8817
   -1.60025
   -1.25731
   -0.86605
  -0.441508
  0.0666203
    0.13068
   0.189718
   0.241466
   0.283934
    0.31549
   0.334923
   0.341484
   0.334923
    0.31549
   0.283934
   0.241466
   0.189718
    0.13068
  0.0666203
  -0.434169
  -0.851653
   -1.23641
   -1.57365
   -1.85042
   -2.05607
   -2.18272
   -2.22548
   -2.18272
   -2.05607
   -1.85042
   -1.57365
   -1.23641
  -0.851653
  -0.434169
  0.0657433
    0.12896
   0.187221
   0.238287
   0.280196
   0.311338
   0.330514
   0.336989
   0.330514
   0.311338
   0.280196
   0.238287
   0.187221
    0.12896
  0.0657433
  -0.426888
  -0.837372
   -1.21568
   -1.54726
   -1.81939
    -2.0216
   -2.14611
   -2.18816
   -2.14611
    -2.0216
   -1.81939
   -1.54726
   -1.21568
  -0.837372
  -0.426888
  0.0648721
   0.127251
    0.18474
    0.23513
   0.276483
   0.307212
   0.326134
   0.332523
   0.326134
   0.307212
   0.276483
    0.23513
    0.18474
   0.127251
  0.0648721
  -0.419667
  -0.823206
   -1.19511
   -1.52109
   -1.78861
    -1.9874
   -2.10981
   -2.15114
   -2.10981
    -1.9874
   -1.78861
   -1.52109
   -1.19511
  -0.823206
  -0.419667
  0.0640065
   0.125553
   0.182275
   0.231992
   0.272794
   0.303113
   0.321783
   0.328087
   0.321783
   0.303113
   0.272794
   0.231992
   0.182275
   0.125553
  0.0640065
  -0.412504
  -0.809156
   -1.17471
   -1.49513
   -1.75808
   -1.95348
    -2.0738
   -2.11443
    -2.0738
   -1.95348
   -1.75808
   -1.49513
   -1.17471
  -0.809156
  -0.412504
  0.0631466
   0.123867
   0.179826
   0.228876
   0.269129
    0.29904
    0.31746
   0.323679
    0.31746
    0.29904
   0.269129
   0.228876
   0.179826
   0.123867
  0.0631466
  -0.405401
  -0.795222
   -1.15448
   -1.46938
   -1.72781
   -1.91984
   -2.03809
   -2.07802
   -2.03809
   -1.91984
   -1.72781
   -1.46938
   -1.15448
  -0.795222
    -0.4054
  0.0622924
   0.122191
   0.177394
   0.225779
   0.265489
   0.294995
   0.313165
     0.3193
   0.313165
   0.294995
   0.265489
   0.225779
   0.177394
   0.122191
  0.0622924
  -0.398356
  -0.781403
   -1.13442
   -1.44385
   -1.69778
   -1.88648
   -2.00267
   -2.04191
   -2.00267
   -1.88648
   -1.69778
   -1.44385
   -1.13442
  -0.781403
  -0.398356
  0.0614439
   0.120526
   0.174977
   0.222704
   0.261872
   0.290977
   0.308899
   0.314951
   0.308899
   0.290977
   0.261872
   0.222704
   0.174977
   0.120526
  0.0614439
   -0.39137
    -0.7677
   -1.11453
   -1.41853
   -1.66801
   -1.85339
   -1.96755
    -2.0061
   -1.96755
   -1.85339
   -1.66801
   -1.41853
   -1.11453
    -0.7677
   -0.39137
   0.060601
   0.118873
   0.172577
   0.219649
    0.25828
   0.286985
   0.304662
    0.31063
   0.304662
   0.286985
    0.25828
   0.219649
   0.172577
   0.118873
   0.060601
  -0.384443
  -0.754113
    -1.0948
   -1.39342
   -1.63849
   -1.82059
   -1.93273
   -1.97059
   -1.93273
   -1.82059
   -1.63849
   -1.39342
    -1.0948
  -0.754113
  -0.384443
  0.0597638
   0.117231
   0.170193
   0.216614
   0.254712
    0.28302
   0.300453
   0.306339
   0.300453
    0.28302
   0.254712
   0.216614
   0.170193
   0.117231
  0.0597638
  -0.377576
  -0.740641
   -1.07524
   -1.36853
   -1.60922
   -1.78807
    -1.8982
   -1.93539
    -1.8982
   -1.78807
   -1.60922
   -1.36853
   -1.07524
  -0.740641
  -0.377576
  0.0589323
     0.1156
   0.167825
   0.213601
   0.251168
   0.279083
   0.296273
   0.302077
   0.296273
   0.279083
   0.251168
   0.213601
   0.167825
     0.1156
  0.0589323
  -0.370767
  -0.727285
   -1.05586
   -1.34385
    -1.5802
   -1.75582
   -1.86397
   -1.90049
   -1.86397
   -1.75582
    -1.5802
   -1.34385
   -1.05586
  -0.727285
  -0.370767
  0.0581065
    0.11398
   0.165473
   0.210607
   0.247648
   0.275172
   0.292121
   0.297844
   0.292121
   0.275172
   0.247648
   0.210607
   0.165473
    0.11398
  0.0581065
  -0.364017
  -0.714045
   -1.03663
   -1.31938
   -1.55143
   -1.72386
   -1.83004
   -1.86589
   -1.83004
   -1.72386
   -1.55143
   -1.31938
   -1.03663
  -0.714045
  -0.364017
  0.0572863
   0.112371
   0.163138
   0.207635
   0.244153
   0.271288
   0.287998
    0.29364
   0.287998
   0.271288
   0.244153
   0.207635
   0.163138
   0.112371
  0.0572863
  -0.357326
  -0.700921
   -1.01758
   -1.29513
   -1.52292
   -1.69217
    -1.7964
    -1.8316
    -1.7964
   -1.69217
   -1.52292
   -1.29513
   -1.01758
  -0.700921
  -0.357326
  0.0564719
   0.110774
   0.160818
   0.204683
   0.240682
   0.267431
   0.283904
   0.289465
   0.283903
   0.267431
   0.240682
   0.204683
   0.160818
   0.110774
  0.0564719
  -0.350694
  -0.687912
  -0.998693
    -1.2711
   -1.49465
   -1.66077
   -1.76306
    -1.7976
   -1.76306
   -1.66077
   -1.49465
    -1.2711
  -0.998693
  -0.687912
  -0.350694
  0.0556632
   0.109187
   0.158515
   0.201752
   0.237235
   0.263601
   0.279838
    0.28532
   0.279838
   0.263601
   0.237235
   0.201752
   0.158515
   0.109187
  0.0556632
  -0.344121
  -0.675018
  -0.979975
   -1.24727
   -1.46664
   -1.62964
   -1.73002
   -1.76391
   -1.73002
   -1.62964
   -1.46664
   -1.24727
  -0.979975
  -0.675018
  -0.344121
  0.0548602
   0.107612
   0.156228
   0.198841
   0.233812
   0.259799
   0.275801
   0.281204
   0.275801
   0.259798
   0.233812
   0.198841
   0.156229
   0.107612
  0.0548602
  -0.337607
  -0.662241
  -0.961425
   -1.22366
   -1.43887
   -1.59879
   -1.69727
   -1.73052
   -1.69727
   -1.59879
   -1.43887
   -1.22366
  -0.961425
  -0.662241
  -0.337607
  0.0540628
   0.106048
   0.153958
   0.195951
   0.230414
   0.256023
   0.271792
   0.277117
   0.271792
   0.256023
   0.230414
   0.195951
   0.153958
   0.106048
  0.0540628
  -0.331152
  -0.649579
  -0.943043
   -1.20027
   -1.41136
   -1.56822
   -1.66482
   -1.69743
   -1.66482
   -1.56822
   -1.41136
   -1.20027
  -0.943043
  -0.649579
  -0.331152
  0.0532712
   0.104495
   0.151704
   0.193082
    0.22704
   0.252274
   0.267812
   0.273059
   0.267812
   0.252274
    0.22704
   0.193082
   0.151704
   0.104495
  0.0532712
  -0.324757
  -0.637033
  -0.924829
   -1.17708
    -1.3841
   -1.53793
   -1.63266
   -1.66465
   -1.63266
   -1.53793
    -1.3841
   -1.17708
  -0.924829
  -0.637033
  -0.324757
  0.0524853
   0.102954
   0.149465
   0.190233
   0.223691
   0.248552
   0.263861
   0.269031
   0.263861
   0.248552
   0.223691
   0.190233
   0.149465
   0.102954
  0.0524853
  -0.318419
  -0.624602
  -0.906782
   -1.15412
    -1.3571
   -1.50792
    -1.6008
   -1.63217
    -1.6008
   -1.50792
    -1.3571
   -1.15412
  -0.906782
  -0.624602
  -0.318419
  0.0517051
   0.101423
   0.147244
   0.187405
   0.220366
   0.244857
   0.259939
   0.265031
   0.259939
   0.244857
   0.220366
   0.187405
   0.147244
   0.101423
  0.0517051
  -0.312141
  -0.612287
  -0.888904
   -1.13136
   -1.33034
   -1.47819
   -1.56924
   -1.59999
   -1.56924
   -1.47819
   -1.33034
   -1.13136
  -0.888904
  -0.612287
  -0.312141
  0.0509305
  0.0999039
   0.145038
   0.184598
   0.217065
   0.241189
   0.256045
   0.261061
   0.256045
   0.241189
   0.217065
   0.184598
   0.145038
  0.0999039
  0.0509305
  -0.305922
  -0.600088
  -0.871193
   -1.10882
   -1.30383
   -1.44874
   -1.53798
   -1.56811
   -1.53798
   -1.44874
   -1.30383
   -1.10882
  -0.871193
  -0.600088
  -0.305922
  0.0501618
  0.0983958
   0.142849
   0.181812
   0.213788
   0.237549
    0.25218
   0.257121
    0.25218
   0.237549
   0.213788
   0.181812
   0.142849
  0.0983958
  0.0501618
  -0.299762
  -0.588005
  -0.853651
   -1.08649
   -1.27758
   -1.41957
   -1.50701
   -1.53653
   -1.50701
   -1.41957
   -1.27758
   -1.08649
  -0.853651
  -0.588005
  -0.299762
  0.0493987
   0.096899
   0.140676
   0.179046
   0.210536
   0.233935
   0.248344
   0.253209
   0.248344
   0.233935
   0.210536
   0.179046
   0.140676
   0.096899
  0.0493987
  -0.293661
  -0.576037
  -0.836276
   -1.06438
   -1.25158
   -1.39068
   -1.47633
   -1.50526
   -1.47633
   -1.39068
   -1.25158
   -1.06438
  -0.836276
  -0.576037
  -0.293661
  0.0486413
  0.0954134
   0.138519
   0.176301
   0.207308
   0.230348
   0.244536
   0.249327
   0.244536
   0.230348
   0.207308
   0.176301
   0.138519
  0.0954134
  0.0486413
  -0.287619
  -0.564185
  -0.819069
   -1.04248
   -1.22582
   -1.36206
   -1.44596
   -1.47429
   -1.44596
   -1.36206
   -1.22582
   -1.04248
  -0.819069
  -0.564185
  -0.287619
  0.0478897
   0.093939
   0.136378
   0.173577
   0.204105
   0.226789
   0.240758
   0.245474
   0.240758
   0.226789
   0.204105
   0.173577
   0.136378
   0.093939
  0.0478897
  -0.281635
  -0.552448
  -0.802031
   -1.02079
   -1.20032
   -1.33373
   -1.41588
   -1.44362
   -1.41588
   -1.33373
   -1.20032
   -1.02079
   -0.80203
  -0.552448
  -0.281636
  0.0471438
  0.0924758
   0.134254
   0.170873
   0.200925
   0.223256
   0.237008
   0.241651
   0.237008
   0.223256
   0.200925
   0.170873
   0.134254
  0.0924758
  0.0471438
  -0.275711
  -0.540827
  -0.785159
  -0.999319
   -1.17507
   -1.30567
    -1.3861
   -1.41325
    -1.3861
   -1.30567
   -1.17507
  -0.999319
  -0.785159
  -0.540827
  -0.275711
  0.0464036
  0.0910239
   0.132146
    0.16819
   0.197771
   0.219751
   0.233287
   0.237857
   0.233287
   0.219751
   0.197771
    0.16819
   0.132146
  0.0910239
  0.0464036
  -0.269846
  -0.529322
  -0.768456
   -0.97806
   -1.15008
    -1.2779
   -1.35661
   -1.38319
   -1.35661
    -1.2779
   -1.15008
   -0.97806
  -0.768456
  -0.529322
  -0.269846
  0.0456691
  0.0895832
   0.130055
   0.165528
   0.194641
   0.216273
   0.229594
   0.234092
   0.229594
   0.216273
   0.194641
   0.165528
   0.130055
  0.0895832
  0.0456691
  -0.264039
  -0.517932
  -0.751921
  -0.957014
   -1.12533
    -1.2504
   -1.32742
   -1.35342
   -1.32742
    -1.2504
   -1.12533
  -0.957014
  -0.751921
  -0.517932
  -0.264039
  0.0449404
  0.0881537
   0.127979
   0.162887
   0.191535
   0.212822
   0.225931
   0.230357
   0.225931
   0.212822
   0.191535
   0.162887
   0.127979
  0.0881537
  0.0449404
  -0.258292
  -0.506658
  -0.735554
  -0.936183
   -1.10083
   -1.22318
   -1.29852
   -1.32396
   -1.29852
   -1.22318
   -1.10083
  -0.936183
  -0.735554
  -0.506658
  -0.258292
  0.0442174
  0.0867355
    0.12592
   0.160266
   0.188453
   0.209398
   0.222296
   0.226651
   0.222296
   0.209398
   0.188453
   0.160266
    0.12592
  0.0867355
  0.0442174
  -0.252604
    -0.4955
  -0.719354
  -0.915565
   -1.07659
   -1.19624
   -1.26993
    -1.2948
   -1.26993
   -1.19624
   -1.07659
  -0.915565
  -0.719354
    -0.4955
  -0.252604
  0.0435001
  0.0853286
   0.123878
   0.157667
   0.185396
   0.206001
    0.21869
   0.222974
    0.21869
   0.206001
   0.185396
   0.157667
   0.123878
  0.0853286
  0.0435001
  -0.246974
  -0.484457
  -0.703323
   -0.89516
    -1.0526
   -1.16958
   -1.24162
   -1.26595
   -1.24162
   -1.16958
    -1.0526
   -0.89516
  -0.703323
  -0.484457
  -0.246974
  0.0427886
  0.0839329
   0.121852
   0.155088
   0.182364
   0.202632
   0.215113
   0.219327
   0.215113
   0.202632
   0.182364
   0.155088
   0.121852
  0.0839329
  0.0427886
  -0.241403
   -0.47353
  -0.687459
   -0.87497
   -1.02886
    -1.1432
   -1.21362
   -1.23739
   -1.21362
    -1.1432
   -1.02886
   -0.87497
  -0.687459
   -0.47353
  -0.241403
  0.0420828
  0.0825484
   0.119842
    0.15253
   0.179356
    0.19929
   0.211565
   0.215709
   0.211565
    0.19929
   0.179356
    0.15253
   0.119842
  0.0825484
  0.0420828
  -0.235892
  -0.462718
  -0.671763
  -0.854993
   -1.00537
    -1.1171
   -1.18591
   -1.20914
   -1.18591
    -1.1171
   -1.00537
  -0.854993
  -0.671763
  -0.462718
  -0.235892
  0.0413828
  0.0811753
   0.117848
   0.149992
   0.176372
   0.195974
   0.208045
   0.212121
   0.208045
   0.195974
   0.176372
   0.149992
   0.117848
  0.0811753
  0.0413828
  -0.230439
  -0.452023
  -0.656235
   -0.83523
  -0.982126
   -1.09128
    -1.1585
   -1.18119
    -1.1585
   -1.09128
  -0.982126
   -0.83523
  -0.656235
  -0.452023
  -0.230439
  0.0406885
  0.0798134
   0.115871
   0.147476
   0.173413
   0.192687
   0.204555
   0.208562
   0.204555
   0.192687
   0.173413
   0.147476
   0.115871
  0.0798134
  0.0406885
  -0.225045
  -0.441442
  -0.640875
   -0.81568
  -0.959138
   -1.06574
   -1.13138
   -1.15355
   -1.13138
   -1.06574
  -0.959138
   -0.81568
  -0.640875
  -0.441442
  -0.225045
       0.04
  0.0784628
    0.11391
    0.14498
   0.170479
   0.189426
   0.201093
   0.205033
   0.201093
   0.189426
   0.170479
    0.14498
    0.11391
  0.0784628
       0.04
  -0.219711
  -0.430978
  -0.625683
  -0.796344
  -0.936401
   -1.04047
   -1.10456
    -1.1262
   -1.10456
   -1.04047
  -0.936401
  -0.796344
  -0.625683
  -0.430978
  -0.219711
  0.0393172
  0.0771235
   0.111966
   0.142506
   0.167569
   0.186193
   0.197661
   0.201533
   0.197661
   0.186193
   0.167569
   0.142506
   0.111966
  0.0771235
  0.0393172
  -0.214435
  -0.420629
  -0.610659
  -0.777222
  -0.913916
   -1.01549
   -1.07804
   -1.09916
   -1.07804
   -1.01549
  -0.913916
  -0.777222
  -0.610659
  -0.420629
  -0.214435
  0.0386402
  0.0757955
   0.110038
   0.140052
   0.164683
   0.182986
   0.194257
   0.198063
   0.194257
   0.182986
   0.164683
   0.140052
   0.110038
  0.0757955
  0.0386402
  -0.209218
  -0.410396
  -0.595802
  -0.758313
  -0.891682
  -0.990784
   -1.05181
   -1.07242
   -1.05181
  -0.990784
  -0.891682
  -0.758313
  -0.595802
  -0.410396
  -0.209218
  0.0379689
  0.0744788
   0.108126
   0.137619
   0.161823
   0.179808
   0.190883
   0.194622
   0.190883
   0.179808
   0.161823
   0.137619
   0.108126
  0.0744788
  0.0379689
   -0.20406
  -0.400278
  -0.581114
  -0.739618
  -0.869699
  -0.966357
   -1.02588
   -1.04598
   -1.02588
  -0.966357
  -0.869699
  -0.739618
  -0.581114
  -0.400278
   -0.20406
  0.0373035
  0.0731734
   0.106231
   0.135207
   0.158986
   0.176656
   0.187537
   0.191211
   0.187537
   0.176656
   0.158986
   0.135207
   0.106231
  0.0731734
  0.0373035
  -0.198961
  -0.390276
  -0.566593
  -0.721136
  -0.847967
   -0.94221
   -1.00025
   -1.01984
   -1.00025
   -0.94221
  -0.847967
  -0.721136
  -0.566593
  -0.390276
  -0.198961
  0.0366438
  0.0718793
   0.104353
   0.132816
   0.156175
   0.173532
   0.184221
    0.18783
   0.184221
   0.173532
   0.156175
   0.132816
   0.104353
  0.0718793
  0.0366438
  -0.193921
  -0.380389
   -0.55224
  -0.702868
  -0.826486
  -0.918342
  -0.974907
  -0.994006
  -0.974907
  -0.918342
  -0.826486
  -0.702869
   -0.55224
  -0.380389
  -0.193921
  0.0359898
  0.0705966
    0.10249
   0.130445
   0.153388
   0.170435
   0.180933
   0.184478
   0.180933
   0.170435
   0.153388
   0.130445
    0.10249
  0.0705966
  0.0359898
   -0.18894
  -0.370619
  -0.538055
  -0.684814
  -0.805257
  -0.894753
  -0.949865
  -0.968474
  -0.949865
  -0.894753
  -0.805257
  -0.684814
  -0.538055
  -0.370619
   -0.18894
  0.0353417
  0.0693252
   0.100645
   0.128096
   0.150625
   0.167366
   0.177675
   0.181155
   0.177675
   0.167366
   0.150625
   0.128096
   0.100645
  0.0693252
  0.0353417
  -0.184018
  -0.360963
  -0.524038
  -0.666974
  -0.784278
  -0.871444
   -0.92512
  -0.943244
   -0.92512
  -0.871443
  -0.784278
  -0.666974
  -0.524038
  -0.360963
  -0.184018
  0.0346993
  0.0680651
  0.0988152
   0.125768
   0.147887
   0.164324
   0.174445
   0.177863
   0.174445
   0.164324
   0.147887
   0.125768
  0.0988152
  0.0680651
  0.0346993
  -0.179154
  -0.351424
  -0.510188
  -0.649347
  -0.763551
  -0.848413
   -0.90067
  -0.918316
   -0.90067
  -0.848413
  -0.763551
  -0.649347
  -0.510188
  -0.351424
  -0.179154
  0.0340627
  0.0668164
  0.0970024
   0.123461
   0.145174
   0.161309
   0.171245
     0.1746
   0.171245
   0.161309
   0.145174
   0.123461
  0.0970024
  0.0668164
  0.0340627
   -0.17435
     -0.342
  -0.496507
  -0.631934
  -0.743075
  -0.825661
  -0.876517
  -0.893689
  -0.876517
  -0.825661
  -0.743075
  -0.631934
  -0.496507
     -0.342
   -0.17435
  0.0334319
   0.065579
   0.095206
   0.121174
   0.142486
   0.158322
   0.168074
   0.171366
   0.168074
   0.158322
   0.142486
   0.121174
   0.095206
   0.065579
  0.0334319
  -0.169605
  -0.332691
  -0.482993
  -0.614734
  -0.722851
  -0.803189
  -0.852661
  -0.869365
  -0.852661
  -0.803189
  -0.722851
  -0.614734
  -0.482993
  -0.332691
  -0.169605
  0.0328069
  0.0643531
  0.0934262
   0.118909
   0.139822
   0.155362
   0.164931
   0.168163
   0.164931
   0.155362
   0.139822
   0.118909
  0.0934262
  0.0643531
  0.0328069
  -0.164918
  -0.323499
  -0.469647
  -0.597748
  -0.702877
  -0.780995
    -0.8291
  -0.845343
    -0.8291
  -0.780995
  -0.702877
  -0.597748
  -0.469647
  -0.323499
  -0.164918
  0.0321877
  0.0631384
  0.0916628
   0.116665
   0.137183
    0.15243
   0.161819
   0.164989
   0.161819
    0.15243
   0.137183
   0.116665
  0.0916628
  0.0631384
  0.0321877
  -0.160291
  -0.314421
  -0.456469
  -0.580975
  -0.683155
  -0.759081
  -0.805836
  -0.821624
  -0.805836
  -0.759081
  -0.683155
  -0.580975
  -0.456469
  -0.314421
  -0.160291
  0.0315743
  0.0619352
   0.089916
   0.114441
   0.134569
   0.149525
   0.158735
   0.161845
   0.158735
   0.149525
   0.134569
   0.114441
   0.089916
  0.0619352
  0.0315743
  -0.155722
   -0.30546
  -0.443459
  -0.564417
  -0.663684
  -0.737446
  -0.782868
  -0.798206
  -0.782868
  -0.737446
  -0.663684
  -0.564417
  -0.443459
   -0.30546
  -0.155722
  0.0309667
  0.0607434
  0.0881857
   0.112239
   0.131979
   0.146647
    0.15568
    0.15873
    0.15568
   0.146647
   0.131979
   0.112239
  0.0881857
  0.0607434
  0.0309667
  -0.151212
  -0.296614
  -0.430617
  -0.548071
  -0.644464
   -0.71609
  -0.760197
   -0.77509
  -0.760197
   -0.71609
  -0.644464
  -0.548071
  -0.430617
  -0.296614
  -0.151212
  0.0303649
  0.0595629
  0.0864719
   0.110058
   0.129414
   0.143798
   0.152655
   0.155645
   0.152655
   0.143798
   0.129414
   0.110058
   0.086472
  0.0595629
  0.0303649
  -0.146762
  -0.287883
  -0.417942
   -0.53194
  -0.625495
  -0.695013
  -0.737821
  -0.752276
  -0.737821
  -0.695013
  -0.625495
   -0.53194
  -0.417942
  -0.287883
  -0.146762
  0.0297689
  0.0583939
  0.0847748
   0.107898
   0.126874
   0.140975
   0.149659
   0.152591
   0.149659
   0.140975
   0.126874
   0.107898
  0.0847748
  0.0583939
  0.0297689
   -0.14237
  -0.279269
  -0.405435
  -0.516021
  -0.606777
  -0.674214
  -0.715742
  -0.729765
  -0.715742
  -0.674214
  -0.606777
  -0.516021
  -0.405435
  -0.279269
   -0.14237
  0.0291788
  0.0572362
  0.0830941
   0.105759
   0.124359
   0.138181
   0.146692
   0.149566
   0.146692
   0.138181
   0.124359
   0.105759
  0.0830941
  0.0572362
  0.0291788
  -0.138037
  -0.270769
  -0.393096
  -0.500317
   -0.58831
  -0.653695
   -0.69396
  -0.707555
  -0.693959
  -0.653695
   -0.58831
  -0.500317
  -0.393096
  -0.270769
  -0.138037
  0.0285944
    0.05609
  0.0814301
   0.103641
   0.121869
   0.135413
   0.143754
    0.14657
   0.143754
   0.135413
   0.121869
   0.103641
  0.0814301
    0.05609
  0.0285945
  -0.133763
  -0.262386
  -0.380925
  -0.484826
  -0.570095
  -0.633456
  -0.672473
  -0.685647
  -0.672473
  -0.633456
  -0.570095
  -0.484826
  -0.380925
  -0.262386
  -0.133763
  0.0280159
  0.0549553
  0.0797827
   0.101544
   0.119403
   0.132674
   0.140846
   0.143605
   0.140846
   0.132674
   0.119403
   0.101544
  0.0797827
  0.0549553
  0.0280159
  -0.129548
  -0.254118
  -0.368922
  -0.469548
   -0.55213
  -0.613495
  -0.651282
  -0.664042
  -0.651283
  -0.613495
  -0.552131
  -0.469548
  -0.368922
  -0.254118
  -0.129548
  0.0274433
  0.0538319
  0.0781518
  0.0994684
   0.116962
   0.129962
   0.137967
    0.14067
   0.137967
   0.129962
   0.116962
  0.0994684
  0.0781518
  0.0538319
  0.0274433
  -0.125392
  -0.245965
  -0.357086
  -0.454484
  -0.534417
  -0.593813
  -0.630388
  -0.642738
  -0.630388
  -0.593813
  -0.534417
  -0.454485
  -0.357086
  -0.245965
  -0.125392
  0.0268764
    0.05272
  0.0765376
  0.0974139
   0.114547
   0.127277
   0.135117
   0.137764
   0.135117
   0.127277
   0.114547
  0.0974139
  0.0765376
    0.05272
  0.0268764
  -0.121295
  -0.237928
  -0.345418
  -0.439634
  -0.516955
   -0.57441
   -0.60979
  -0.621737
   -0.60979
   -0.57441
  -0.516955
  -0.439634
  -0.345418
  -0.237928
  -0.121295
  0.0263155
  0.0516196
  0.0749401
  0.0953806
   0.112156
   0.124621
   0.132297
   0.134889
   0.132297
   0.124621
   0.112156
  0.0953806
  0.0749401
  0.0516196
  0.0263155
  -0.117256
  -0.230007
  -0.333918
  -0.424997
  -0.499744
  -0.555286
  -0.589489
  -0.601037
  -0.589489
  -0.555286
  -0.499744
  -0.424997
  -0.333918
  -0.230007
  -0.117256
  0.0257603
  0.0505307
  0.0733592
  0.0933685
    0.10979
   0.121992
   0.129506
   0.132043
   0.129506
   0.121992
    0.10979
  0.0933685
  0.0733592
  0.0505307
  0.0257603
  -0.113277
  -0.222201
  -0.322586
  -0.410574
  -0.482784
  -0.536441
  -0.569483
   -0.58064
  -0.569483
  -0.536441
  -0.482784
  -0.410574
  -0.322586
  -0.222201
  -0.113277
   0.025211
  0.0494532
  0.0717949
  0.0913776
   0.107449
   0.119391
   0.126744
   0.129227
   0.126744
   0.119391
   0.107449
  0.0913776
  0.0717949
  0.0494532
   0.025211
  -0.109357
  -0.214511
  -0.311421
  -0.396364
  -0.466075
  -0.517875
  -0.549773
  -0.560544
  -0.549773
  -0.517875
  -0.466075
  -0.396364
  -0.311421
  -0.214511
  -0.109357
  0.0246676
  0.0483872
  0.0702474
   0.089408
   0.105133
   0.116817
   0.124012
   0.126442
   0.124012
   0.116817
   0.105133
   0.089408
  0.0702474
  0.0483872
  0.0246676
  -0.105495
  -0.206936
  -0.300425
  -0.382368
  -0.449617
  -0.499588
   -0.53036
   -0.54075
   -0.53036
  -0.499588
  -0.449617
  -0.382368
  -0.300425
  -0.206936
  -0.105495
    0.02413
  0.0473328
  0.0687165
  0.0874596
   0.102842
   0.114271
    0.12131
   0.123686
    0.12131
   0.114271
   0.102842
  0.0874596
  0.0687165
  0.0473328
    0.02413
  -0.101692
  -0.199477
  -0.289596
  -0.368586
  -0.433411
   -0.48158
  -0.511243
  -0.521259
  -0.511243
   -0.48158
  -0.433411
  -0.368586
  -0.289596
  -0.199477
  -0.101692
  0.0235984
  0.0462898
  0.0672024
  0.0855325
   0.100576
   0.111754
   0.118637
   0.120961
   0.118637
   0.111754
   0.100576
  0.0855325
  0.0672024
  0.0462898
  0.0235984
 -0.0979487
  -0.192133
  -0.278934
  -0.355016
  -0.417455
  -0.463851
  -0.492422
  -0.502069
  -0.492422
  -0.463851
  -0.417455
  -0.355016
  -0.278934
  -0.192133
 -0.0979487
  0.0230725
  0.0452584
   0.065705
  0.0836267
  0.0983346
   0.109263
   0.115994
   0.118266
   0.115994
   0.109263
  0.0983345
  0.0836267
   0.065705
  0.0452584
  0.0230725
 -0.0942639
  -0.184905
  -0.268441
  -0.341661
   -0.40175
  -0.446401
  -0.473897
  -0.483181
  -0.473897
  -0.446401
   -0.40175
  -0.341661
  -0.268441
  -0.184905
 -0.0942639
  0.0225526
  0.0442386
  0.0642244
  0.0817422
  0.0961187
   0.106801
    0.11338
   0.115601
    0.11338
   0.106801
  0.0961187
  0.0817422
  0.0642244
  0.0442386
  0.0225526
 -0.0906379
  -0.177793
  -0.258115
  -0.328518
  -0.386297
   -0.42923
  -0.455668
  -0.464595
  -0.455668
   -0.42923
  -0.386297
  -0.328518
  -0.258115
  -0.177793
  -0.090638
  0.0220386
  0.0432303
  0.0627606
  0.0798791
  0.0939279
   0.104367
   0.110795
   0.112966
   0.110795
   0.104367
  0.0939279
  0.0798791
  0.0627606
  0.0432302
  0.0220386
 -0.0870709
  -0.170796
  -0.247957
   -0.31559
  -0.371094
  -0.412338
  -0.437736
  -0.446311
  -0.437736
  -0.412338
  -0.371094
   -0.31559
  -0.247957
  -0.170796
 -0.0870709
  0.0215305
  0.0422335
  0.0613135
  0.0780373
  0.0917622
   0.101961
   0.108241
   0.110361
   0.108241
   0.101961
  0.0917622
  0.0780373
  0.0613135
  0.0422335
  0.0215305
 -0.0835628
  -0.163914
  -0.237967
  -0.302875
  -0.356143
  -0.395725
  -0.420099
  -0.428329
  -0.420099
  -0.395725
  -0.356143
  -0.302875
  -0.237967
  -0.163914
 -0.0835628
  0.0210282
  0.0412483
  0.0598833
   0.076217
  0.0896217
  0.0995823
   0.105716
   0.107787
   0.105716
  0.0995823
  0.0896217
   0.076217
  0.0598833
  0.0412483
  0.0210282
 -0.0801136
  -0.157148
  -0.228144
  -0.290373
  -0.341442
   -0.37939
  -0.402759
  -0.410649
  -0.402759
   -0.37939
  -0.341442
  -0.290373
  -0.228144
  -0.157148
 -0.0801136
  0.0205319
  0.0402748
  0.0584699
  0.0744181
  0.0875064
  0.0972319
   0.103221
   0.105243
   0.103221
  0.0972319
  0.0875064
  0.0744181
  0.0584699
  0.0402748
  0.0205319
 -0.0767233
  -0.150498
  -0.218489
  -0.278084
  -0.326993
  -0.363335
  -0.385714
  -0.393271
  -0.385714
  -0.363335
  -0.326993
  -0.278085
  -0.218489
  -0.150498
 -0.0767233
  0.0200415
  0.0393128
  0.0570734
  0.0726406
  0.0854163
  0.0949095
   0.100755
   0.102729
   0.100755
  0.0949095
  0.0854163
  0.0726406
  0.0570734
  0.0393128
  0.0200415
 -0.0733918
  -0.143963
  -0.209002
   -0.26601
  -0.312794
  -0.347558
  -0.368966
  -0.376195
  -0.368966
  -0.347558
  -0.312794
   -0.26601
  -0.209002
  -0.143963
 -0.0733918
   0.019557
  0.0383625
  0.0556937
  0.0708846
  0.0833515
  0.0926152
  0.0983197
   0.100246
  0.0983197
  0.0926152
  0.0833515
  0.0708846
  0.0556937
  0.0383625
   0.019557
 -0.0701193
  -0.137544
  -0.199683
  -0.254148
  -0.298847
  -0.332061
  -0.352514
   -0.35942
  -0.352514
  -0.332061
  -0.298847
  -0.254148
  -0.199683
  -0.137544
 -0.0701193
  0.0190785
  0.0374237
  0.0543308
    0.06915
  0.0813119
  0.0903489
  0.0959139
   0.097793
  0.0959139
  0.0903489
  0.0813119
  0.0691501
  0.0543308
  0.0374237
  0.0190785
 -0.0669056
   -0.13124
  -0.190531
    -0.2425
   -0.28515
  -0.316842
  -0.336358
  -0.342947
  -0.336358
  -0.316842
   -0.28515
    -0.2425
  -0.190531
   -0.13124
 -0.0669056
  0.0186058
  0.0364967
  0.0529849
   0.067437
  0.0792976
  0.0881107
  0.0935378
  0.0953704
  0.0935378
  0.0881107
  0.0792975
   0.067437
  0.0529849
  0.0364967
  0.0186058
 -0.0637508
  -0.125052
  -0.181547
  -0.231066
  -0.271705
  -0.301902
  -0.320498
  -0.326776
  -0.320498
  -0.301902
  -0.271705
  -0.231066
  -0.181547
  -0.125052
 -0.0637508
  0.0181391
  0.0355812
  0.0516559
  0.0657455
  0.0773085
  0.0859006
  0.0911916
  0.0929782
  0.0911916
  0.0859006
  0.0773085
  0.0657455
  0.0516559
  0.0355812
  0.0181391
 -0.0606549
  -0.118979
  -0.172731
  -0.219845
   -0.25851
  -0.287241
  -0.304933
  -0.310907
  -0.304933
  -0.287241
   -0.25851
  -0.219845
  -0.172731
  -0.118979
 -0.0606549
  0.0176784
  0.0346774
  0.0503438
  0.0640755
  0.0753449
  0.0837187
  0.0888753
  0.0906165
  0.0888753
  0.0837187
  0.0753448
  0.0640755
  0.0503438
  0.0346774
  0.0176784
 -0.0576179
  -0.113022
  -0.164082
  -0.208837
  -0.245566
  -0.272859
  -0.289665
   -0.29534
  -0.289665
  -0.272859
  -0.245566
  -0.208837
  -0.164082
  -0.113022
 -0.0576179
  0.0172236
  0.0337853
  0.0490487
  0.0624271
  0.0734065
  0.0815649
  0.0865889
  0.0882853
  0.0865889
  0.0815649
  0.0734065
  0.0624271
  0.0490487
  0.0337853
  0.0172236
 -0.0546397
   -0.10718
  -0.155601
  -0.198042
  -0.232873
  -0.258755
  -0.274693
  -0.280074
  -0.274693
  -0.258755
  -0.232873
  -0.198043
  -0.155601
   -0.10718
 -0.0546397
  0.0167747
  0.0329048
  0.0477704
  0.0608002
  0.0714935
  0.0794393
  0.0843323
  0.0859845
  0.0843323
  0.0794393
  0.0714935
  0.0608002
  0.0477704
  0.0329048
  0.0167747
 -0.0517205
  -0.101453
  -0.147288
  -0.187462
  -0.220431
   -0.24493
  -0.260017
  -0.265111
  -0.260017
   -0.24493
  -0.220431
  -0.187462
  -0.147288
  -0.101453
 -0.0517205
  0.0163318
  0.0320361
  0.0465092
  0.0591949
  0.0696059
  0.0773419
  0.0821057
  0.0837143
  0.0821057
  0.0773419
  0.0696059
  0.0591949
  0.0465092
  0.0320361
  0.0163318
   -0.04886
 -0.0958424
  -0.139142
  -0.177094
   -0.20824
  -0.231384
  -0.245636
  -0.250449
  -0.245636
  -0.231384
   -0.20824
  -0.177094
  -0.139142
 -0.0958424
   -0.04886
  0.0158949
   0.031179
  0.0452648
  0.0576112
  0.0677436
  0.0752727
   0.079909
  0.0814745
   0.079909
  0.0752727
  0.0677436
  0.0576112
  0.0452648
   0.031179
  0.0158949
 -0.0460585
  -0.090347
  -0.131164
   -0.16694
    -0.1963
  -0.218117
  -0.231552
  -0.236088
  -0.231552
  -0.218117
    -0.1963
   -0.16694
  -0.131164
  -0.090347
 -0.0460585
  0.0154639
  0.0303335
  0.0440375
  0.0560491
  0.0659067
  0.0732316
  0.0777423
  0.0792653
  0.0777423
  0.0732316
  0.0659067
  0.0560491
  0.0440375
  0.0303335
  0.0154639
 -0.0433158
  -0.084967
  -0.123353
  -0.156999
  -0.184611
  -0.205129
  -0.217764
   -0.22203
  -0.217764
  -0.205129
  -0.184611
  -0.156999
  -0.123353
  -0.084967
 -0.0433158
  0.0150389
  0.0294998
  0.0428271
  0.0545085
  0.0640952
  0.0712188
  0.0756055
  0.0770867
  0.0756055
  0.0712188
  0.0640952
  0.0545085
  0.0428271
  0.0294998
  0.0150389
  -0.040632
 -0.0797025
   -0.11571
  -0.147271
  -0.173173
  -0.192419
  -0.204271
  -0.208273
  -0.204271
  -0.192419
  -0.173173
  -0.147271
   -0.11571
 -0.0797025
  -0.040632
  0.0146198
  0.0286778
  0.0416336
  0.0529896
  0.0623091
  0.0692342
  0.0734987
  0.0749386
  0.0734987
  0.0692342
  0.0623091
  0.0529896
  0.0416336
  0.0286778
  0.0146198
  -0.038007
 -0.0745535
  -0.108235
  -0.137757
  -0.161985
  -0.179988
  -0.191075
  -0.194818
  -0.191075
  -0.179988
  -0.161985
  -0.137757
  -0.108235
 -0.0745535
  -0.038007
  0.0142067
  0.0278674
  0.0404572
  0.0514922
  0.0605485
  0.0672778
  0.0714218
   0.072821
  0.0714218
  0.0672778
  0.0605485
  0.0514922
  0.0404572
  0.0278674
  0.0142067
 -0.0354409
 -0.0695198
  -0.100927
  -0.128456
  -0.151048
  -0.167836
  -0.178174
  -0.181664
  -0.178174
  -0.167836
  -0.151048
  -0.128456
  -0.100927
 -0.0695198
 -0.0354409
  0.0137995
  0.0270687
  0.0392977
  0.0500165
  0.0588132
  0.0653497
  0.0693749
   0.070734
  0.0693749
  0.0653497
  0.0588132
  0.0500165
  0.0392977
  0.0270687
  0.0137995
 -0.0329336
 -0.0646016
 -0.0937871
  -0.119368
  -0.140362
  -0.155962
  -0.165569
  -0.168812
  -0.165569
  -0.155962
  -0.140362
  -0.119368
 -0.0937871
 -0.0646016
 -0.0329336
  0.0133983
  0.0262817
  0.0381552
  0.0485623
  0.0571033
  0.0634497
  0.0673579
  0.0686775
  0.0673579
  0.0634497
  0.0571033
  0.0485623
  0.0381552
  0.0262817
  0.0133983
 -0.0304852
 -0.0597989
 -0.0868146
  -0.110494
  -0.129927
  -0.144367
   -0.15326
  -0.156262
   -0.15326
  -0.144367
  -0.129927
  -0.110494
 -0.0868145
 -0.0597989
 -0.0304852
  0.0130031
  0.0255065
  0.0370296
  0.0471298
  0.0554188
   0.061578
  0.0653709
  0.0666516
  0.0653709
   0.061578
  0.0554188
  0.0471298
  0.0370296
  0.0255065
  0.0130031
 -0.0280956
 -0.0551115
 -0.0800095
  -0.101833
  -0.119743
  -0.133051
  -0.141246
  -0.144014
  -0.141246
  -0.133051
  -0.119743
  -0.101833
 -0.0800095
 -0.0551115
 -0.0280956
  0.0126138
  0.0247428
   0.035921
  0.0457188
  0.0537596
  0.0597345
  0.0634138
  0.0646562
  0.0634138
  0.0597345
  0.0537596
  0.0457188
   0.035921
  0.0247428
  0.0126138
 -0.0257648
 -0.0505395
 -0.0733721
  -0.093385
  -0.109809
  -0.122013
  -0.129529
  -0.132066
  -0.129529
  -0.122013
  -0.109809
  -0.093385
 -0.0733721
 -0.0505395
 -0.0257648
  0.0122305
  0.0239909
  0.0348294
  0.0443294
  0.0521259
  0.0579192
  0.0614867
  0.0626913
  0.0614867
  0.0579192
  0.0521259
  0.0443294
  0.0348294
  0.0239909
  0.0122305
 -0.0234929
  -0.046083
 -0.0669022
 -0.0851504
  -0.100126
  -0.111254
  -0.118107
  -0.120421
  -0.118107
  -0.111254
  -0.100126
 -0.0851504
 -0.0669022
  -0.046083
 -0.0234929
  0.0118531
  0.0232507
  0.0337547
  0.0429616
  0.0505175
  0.0561321
  0.0595895
  0.0607569
  0.0595895
  0.0561321
  0.0505175
  0.0429616
  0.0337547
  0.0232507
  0.0118531
 -0.0212798
 -0.0417418
 -0.0605998
 -0.0771289
 -0.0906941
  -0.100774
  -0.106981
  -0.109077
  -0.106981
  -0.100774
  -0.090694
 -0.0771289
 -0.0605998
 -0.0417418
 -0.0212798
  0.0114817
  0.0225221
   0.032697
  0.0416154
  0.0489345
  0.0543731
  0.0577222
  0.0588531
  0.0577222
  0.0543731
  0.0489345
  0.0416154
   0.032697
  0.0225221
  0.0114817
 -0.0191255
  -0.037516
 -0.0544649
 -0.0693207
 -0.0815125
 -0.0905719
 -0.0961506
 -0.0980343
 -0.0961506
 -0.0905719
 -0.0815125
 -0.0693207
 -0.0544649
  -0.037516
 -0.0191255
  0.0111162
  0.0218052
  0.0316562
  0.0402907
  0.0473769
  0.0526424
  0.0558848
  0.0569797
  0.0558848
  0.0526424
  0.0473769
  0.0402907
  0.0316562
  0.0218052
  0.0111162
   -0.01703
 -0.0334056
 -0.0484975
 -0.0617256
 -0.0725817
 -0.0806484
 -0.0856159
 -0.0872932
 -0.0856159
 -0.0806484
 -0.0725817
 -0.0617256
 -0.0484975
 -0.0334056
   -0.01703
  0.0107567
  0.0210999
  0.0306324
  0.0389876
  0.0458446
  0.0509397
  0.0540773
  0.0551368
  0.0540773
  0.0509397
  0.0458446
  0.0389876
  0.0306324
  0.0210999
  0.0107567
 -0.0149934
 -0.0294105
 -0.0426975
 -0.0543437
 -0.0639014
 -0.0710035
 -0.0753769
 -0.0768536
 -0.0753769
 -0.0710035
 -0.0639014
 -0.0543437
 -0.0426975
 -0.0294105
 -0.0149934
  0.0104031
  0.0204063
  0.0296254
   0.037706
  0.0443376
  0.0492653
  0.0522997
  0.0533243
  0.0522997
  0.0492652
  0.0443375
   0.037706
  0.0296254
  0.0204063
  0.0104031
 -0.0130155
 -0.0255308
  -0.037065
 -0.0471749
 -0.0554718
  -0.061637
 -0.0654335
 -0.0667154
 -0.0654335
  -0.061637
 -0.0554718
 -0.0471749
  -0.037065
 -0.0255308
 -0.0130155
  0.0100554
  0.0197244
  0.0286354
  0.0364459
  0.0428558
  0.0476189
  0.0505519
  0.0515423
  0.0505519
  0.0476189
  0.0428558
  0.0364459
  0.0286354
  0.0197244
  0.0100554
 -0.0110964
 -0.0217664
    -0.0316
 -0.0402192
 -0.0472928
  -0.052549
 -0.0557857
 -0.0568786
 -0.0557857
  -0.052549
 -0.0472928
 -0.0402192
    -0.0316
 -0.0217664
 -0.0110964
 0.00971368
  0.0190541
  0.0276622
  0.0352073
  0.0413994
  0.0460006
  0.0488339
  0.0497907
   0.048834
  0.0460006
  0.0413994
  0.0352073
  0.0276622
  0.0190541
 0.00971368
-0.00923615
 -0.0181174
 -0.0263024
 -0.0334766
 -0.0393643
 -0.0437393
 -0.0464335
 -0.0473431
 -0.0464335
 -0.0437393
 -0.0393643
 -0.0334766
 -0.0263024
 -0.0181174
-0.00923615
 0.00937788
  0.0183954
  0.0267059
  0.0339902
  0.0399683
  0.0444104
  0.0471458
  0.0480694
  0.0471458
  0.0444104
  0.0399683
  0.0339902
  0.0267059
  0.0183954
 0.00937788
-0.00743466
 -0.0145836
 -0.0211722
 -0.0269471
 -0.0316864
 -0.0352081
 -0.0373767
  -0.038109
 -0.0373767
 -0.0352081
 -0.0316864
 -0.0269471
 -0.0211722
 -0.0145836
-0.00743466
 0.00904801
  0.0177483
  0.0257665
  0.0327946
  0.0385624
  0.0428482
  0.0454874
  0.0463786
  0.0454874
  0.0428482
  0.0385624
  0.0327946
  0.0257665
  0.0177483
 0.00904801
-0.00569195
 -0.0111652
 -0.0162093
 -0.0206306
  -0.024259
 -0.0269552
 -0.0286155
 -0.0291761
 -0.0286155
 -0.0269552
  -0.024259
 -0.0206306
 -0.0162093
 -0.0111652
-0.00569195
 0.00872405
  0.0171128
   0.024844
  0.0316204
  0.0371817
  0.0413141
  0.0438588
   0.044718
  0.0438588
  0.0413141
  0.0371817
  0.0316204
   0.024844
  0.0171128
 0.00872406
-0.00400801
-0.00786199
 -0.0114139
 -0.0145271
 -0.0170821
 -0.0189806
 -0.0201498
 -0.0205445
 -0.0201498
 -0.0189806
 -0.0170821
 -0.0145271
 -0.0114139
-0.00786199
-0.00400801
 0.00840602
   0.016489
  0.0239383
  0.0304677
  0.0358262
  0.0398079
  0.0422599
  0.0430878
  0.0422599
   0.039808
  0.0358262
  0.0304677
  0.0239383
   0.016489
 0.00840602
-0.00238283
-0.00467409
-0.00678576
-0.00863667
 -0.0101556
 -0.0112844
 -0.0119794
 -0.0122141
 -0.0119794
 -0.0112844
 -0.0101556
-0.00863667
-0.00678576
-0.00467409
-0.00238283
 0.00809389
  0.0158767
  0.0230494
  0.0293364
  0.0344959
  0.0383298
  0.0406907
  0.0414879
  0.0406907
  0.0383298
  0.0344959
  0.0293364
  0.0230494
  0.0158767
 0.00809389
-0.00081641
-0.00160145
-0.00232497
-0.00295915
 -0.0034796
-0.00386633
-0.00410449
 -0.0041849
-0.00410449
-0.00386633
 -0.0034796
-0.00295915
-0.00232497
-0.00160145
-0.00081641
 0.00778767
  0.0152761
  0.0221774
  0.0282265
  0.0331908
  0.0368797
  0.0391513
  0.0399183
  0.0391513
  0.0368797
  0.0331908
  0.0282265
  0.0221774
  0.0152761
 0.00778767
0.000691261
 0.00135596
 0.00196852
 0.00250542
 0.00294606
 0.00327348
 0.00347509
 0.00354318
 0.00347509
 0.00327348
 0.00294606
 0.00250542
 0.00196852
 0.00135596
0.000691261
 0.00748736
   0.014687
  0.0213222
   0.027138
  0.0319109
  0.0354575
  0.0376415
  0.0383789
  0.0376415
  0.0354575
  0.0319109
   0.027138
  0.0213222
   0.014687
 0.00748736
 0.00214019
 0.00419813
 0.00609472
 0.00775709
 0.00912137
  0.0101351
  0.0107594
  0.0109702
  0.0107594
  0.0101351
 0.00912137
 0.00775709
 0.00609472
 0.00419813
 0.00214019
 0.00719295
  0.0141095
  0.0204838
  0.0260709
  0.0306561
  0.0340633
  0.0361614
  0.0368698
  0.0361614
  0.0340633
  0.0306561
  0.0260709
  0.0204838
  0.0141095
 0.00719295
 0.00353039
  0.0069251
  0.0100537
  0.0127959
  0.0150464
  0.0167186
  0.0177484
  0.0180961
  0.0177484
  0.0167186
  0.0150464
  0.0127959
  0.0100537
  0.0069251
 0.00353039
 0.00690443
  0.0135435
  0.0196622
  0.0250252
  0.0294265
   0.032697
  0.0347109
   0.035391
  0.0347109
   0.032697
  0.0294265
  0.0250252
  0.0196622
  0.0135435
 0.00690443
 0.00486186
 0.00953688
  0.0138454
  0.0176218
  0.0207211
   0.023024
  0.0244421
   0.024921
  0.0244421
   0.023024
  0.0207211
  0.0176218
  0.0138454
 0.00953688
 0.00486186
 0.00662182
  0.0129892
  0.0188574
  0.0240009
   0.028222
  0.0313586
  0.0332901
  0.0339423
  0.0332901
  0.0313586
   0.028222
  0.0240009
  0.0188573
  0.0129892
 0.00662182
 0.00613462
  0.0120335
  0.0174699
  0.0222349
  0.0261455
  0.0290513
  0.0308407
  0.0314449
  0.0308407
  0.0290513
  0.0261455
  0.0222349
  0.0174699
  0.0120335
 0.00613462
  0.0063451
  0.0124464
  0.0180693
  0.0229979
  0.0270427
  0.0300482
   0.031899
  0.0325239
   0.031899
  0.0300482
  0.0270427
  0.0229979
  0.0180693
  0.0124464
  0.0063451
 0.00734867
  0.0144149
  0.0209272
  0.0266353
  0.0313198
  0.0348007
  0.0369442
   0.037668
  0.0369442
  0.0348007
  0.0313198
  0.0266353
  0.0209272
  0.0144149
 0.00734867
 0.00607428
  0.0119151
  0.0172981
  0.0220163
  0.0258884
  0.0287657
  0.0305375
  0.0311357
  0.0305375
  0.0287657
  0.0258884
  0.0220163
  0.0172981
  0.0119151
 0.00607428
 0.00850402
  0.0166812
  0.0242174
  0.0308229
  0.0362439
   0.040272
  0.0427525
  0.0435901
  0.0427525
   0.040272
  0.0362439
  0.0308229
  0.0242174
  0.0166812
 0.00850402
 0.00580936
  0.0113955
  0.0165437
  0.0210561
  0.0247593
  0.0275111
  0.0292056
  0.0297778
  0.0292056
  0.0275111
  0.0247593
  0.0210561
  0.0165437
  0.0113955
 0.00580936
 0.00960068
  0.0188324
  0.0273404
  0.0347978
  0.0409178
  0.0454655
  0.0482659
  0.0492114
  0.0482659
  0.0454655
  0.0409178
  0.0347978
  0.0273404
  0.0188324
 0.00960068
 0.00555033
  0.0108874
   0.015806
  0.0201172
  0.0236554
  0.0262844
  0.0279034
  0.0284501
  0.0279034
  0.0262844
  0.0236554
  0.0201172
   0.015806
  0.0108874
 0.00555033
  0.0106387
  0.0208685
  0.0302964
    0.03856
  0.0453417
   0.050381
  0.0534842
   0.054532
  0.0534842
   0.050381
  0.0453417
    0.03856
  0.0302964
  0.0208685
  0.0106387
 0.00529721
  0.0103908
  0.0150852
  0.0191998
  0.0225766
  0.0250857
  0.0266309
  0.0271526
  0.0266309
  0.0250857
  0.0225766
  0.0191998
  0.0150852
  0.0103908
 0.00529721
   0.011618
  0.0227895
  0.0330853
  0.0421095
  0.0495156
  0.0550188
  0.0584076
  0.0595519
  0.0584076
  0.0550188
  0.0495156
  0.0421095
  0.0330853
  0.0227895
   0.011618
 0.00504999
  0.0099059
  0.0143811
  0.0183037
  0.0215229
   0.023915
   0.025388
  0.0258854
   0.025388
   0.023915
  0.0215229
  0.0183037
  0.0143811
  0.0099059
 0.00504999
  0.0125387
  0.0245955
  0.0357071
  0.0454465
  0.0534394
  0.0593787
  0.0630361
  0.0642711
  0.0630361
  0.0593787
  0.0534395
  0.0454465
  0.0357071
  0.0245955
  0.0125387
 0.00480867
 0.00943254
  0.0136939
  0.0174291
  0.0204944
  0.0227722
  0.0241748
  0.0246484
  0.0241748
  0.0227722
  0.0204944
  0.0174291
  0.0136939
 0.00943254
 0.00480867
  0.0134007
  0.0262864
  0.0381619
  0.0485709
  0.0571134
   0.063461
  0.0673698
  0.0686897
  0.0673698
   0.063461
  0.0571134
  0.0485709
  0.0381619
  0.0262864
  0.0134007
 0.00457326
 0.00897077
  0.0130235
  0.0165758
  0.0194911
  0.0216573
  0.0229913
  0.0234417
  0.0229913
  0.0216573
  0.0194911
  0.0165758
  0.0130235
 0.00897077
 0.00457326
  0.0142041
  0.0278623
  0.0404498
  0.0514829
  0.0605374
  0.0672656
  0.0714088
  0.0728078
  0.0714088
  0.0672656
  0.0605374
  0.0514829
  0.0404498
  0.0278623
  0.0142041
 0.00434376
 0.00852059
    0.01237
   0.015744
   0.018513
  0.0205705
  0.0218375
  0.0222654
  0.0218375
  0.0205705
   0.018513
   0.015744
    0.01237
 0.00852059
 0.00434376
  0.0149489
  0.0293233
  0.0425708
  0.0541823
  0.0637117
  0.0707926
   0.075153
  0.0766254
   0.075153
  0.0707926
  0.0637117
  0.0541823
  0.0425708
  0.0293233
  0.0149489
 0.00412018
 0.00808201
  0.0117333
  0.0149336
  0.0175601
  0.0195117
  0.0207135
  0.0211193
  0.0207135
  0.0195117
  0.0175601
  0.0149336
  0.0117333
 0.00808201
 0.00412018
   0.015635
  0.0306692
  0.0445248
  0.0566693
  0.0666361
  0.0740421
  0.0786026
  0.0801426
  0.0786026
  0.0740421
  0.0666361
  0.0566693
  0.0445248
  0.0306692
   0.015635
 0.00390251
 0.00765505
  0.0111134
  0.0141447
  0.0166324
  0.0184809
  0.0196193
  0.0200036
  0.0196193
  0.0184809
  0.0166324
  0.0141447
  0.0111134
 0.00765505
 0.00390251
  0.0162626
  0.0319003
   0.046312
   0.058944
  0.0693108
  0.0770141
  0.0817577
  0.0833594
  0.0817577
  0.0770141
  0.0693108
   0.058944
   0.046312
  0.0319003
  0.0162626
 0.00369077
 0.00723971
  0.0105104
  0.0133772
    0.01573
  0.0174782
  0.0185548
  0.0189183
  0.0185548
  0.0174782
    0.01573
  0.0133772
  0.0105104
 0.00723971
 0.00369077
  0.0168316
  0.0330164
  0.0479324
  0.0610063
  0.0717359
  0.0797086
  0.0846182
   0.086276
  0.0846182
  0.0797086
  0.0717359
  0.0610063
  0.0479324
  0.0330164
  0.0168316
 0.00348497
 0.00683601
 0.00992434
  0.0126313
  0.0148528
  0.0165036
  0.0175201
  0.0178633
  0.0175201
  0.0165036
  0.0148528
  0.0126313
 0.00992434
 0.00683601
 0.00348497
   0.017342
  0.0340176
  0.0493859
  0.0628564
  0.0739113
  0.0821259
  0.0871844
  0.0888924
  0.0871844
  0.0821259
  0.0739113
  0.0628564
  0.0493859
  0.0340176
   0.017342
 0.00328509
 0.00644393
 0.00935514
  0.0119068
   0.014001
   0.015557
  0.0165153
  0.0168388
  0.0165153
   0.015557
   0.014001
  0.0119068
 0.00935514
 0.00644393
 0.00328509
  0.0177939
   0.034904
  0.0506728
  0.0644943
  0.0758372
  0.0842658
  0.0894561
  0.0912087
  0.0894561
  0.0842658
  0.0758372
  0.0644943
  0.0506728
   0.034904
  0.0177939
 0.00309115
 0.00606351
 0.00880285
  0.0112039
  0.0131744
  0.0146386
  0.0155403
  0.0158447
  0.0155403
  0.0146386
  0.0131744
  0.0112039
 0.00880285
 0.00606351
 0.00309115
  0.0181873
  0.0356756
   0.051793
  0.0659199
  0.0775137
  0.0861286
  0.0914336
  0.0932249
  0.0914336
  0.0861286
  0.0775137
    0.06592
   0.051793
  0.0356756
  0.0181873
 0.00290316
 0.00569474
 0.00826749
  0.0105225
  0.0123732
  0.0137483
  0.0145951
  0.0148811
  0.0145951
  0.0137483
  0.0123732
  0.0105225
 0.00826749
 0.00569474
 0.00290315
  0.0185221
  0.0363324
  0.0527465
  0.0671335
  0.0789407
  0.0877142
  0.0931169
  0.0949412
  0.0931169
  0.0877142
  0.0789407
  0.0671335
  0.0527465
  0.0363324
  0.0185221
 0.00272111
 0.00533764
 0.00774905
 0.00986267
  0.0115973
  0.0128862
  0.0136799
  0.0139479
  0.0136799
  0.0128862
  0.0115973
 0.00986267
 0.00774905
 0.00533764
 0.00272111
  0.0187984
  0.0368744
  0.0535334
  0.0681351
  0.0801184
  0.0890228
  0.0945061
  0.0963576
  0.0945061
  0.0890228
  0.0801184
  0.0681351
  0.0535334
  0.0368744
  0.0187984
 0.00254501
 0.00499221
 0.00724756
  0.0092244
  0.0108467
  0.0120523
  0.0127946
  0.0130453
  0.0127946
  0.0120523
  0.0108467
  0.0092244
 0.00724756
 0.00499221
 0.00254501
  0.0190163
  0.0373017
  0.0541537
  0.0689247
  0.0810468
  0.0900544
  0.0956013
  0.0974742
  0.0956013
  0.0900544
  0.0810468
  0.0689247
  0.0541537
  0.0373017
  0.0190163
 0.00237486
 0.00465846
 0.00676303
  0.0086077
  0.0101216
  0.0112465
  0.0119392
  0.0121731
  0.0119392
  0.0112465
  0.0101216
  0.0086077
 0.00676303
 0.00465846
 0.00237486
  0.0191756
  0.0376144
  0.0546076
  0.0695023
  0.0817261
  0.0908092
  0.0964025
  0.0982911
  0.0964025
  0.0908092
  0.0817261
  0.0695023
  0.0546076
  0.0376144
  0.0191756
 0.00221067
 0.00433639
 0.00629546
  0.0080126
 0.00942182
   0.010469
  0.0111138
  0.0113315
  0.0111138
   0.010469
 0.00942182
  0.0080126
 0.00629546
 0.00433639
 0.00221067
  0.0192766
  0.0378123
   0.054895
  0.0698681
  0.0821562
  0.0912871
  0.0969099
  0.0988085
  0.0969099
  0.0912871
  0.0821562
  0.0698681
   0.054895
  0.0378123
  0.0192766
 0.00205244
 0.00402602
 0.00584487
 0.00743911
 0.00874746
 0.00971966
  0.0103183
  0.0105205
  0.0103183
 0.00971966
 0.00874746
 0.00743911
 0.00584487
 0.00402602
 0.00205244
  0.0193191
  0.0378957
   0.055016
  0.0700221
  0.0823373
  0.0914883
  0.0971235
  0.0990263
  0.0971235
  0.0914884
  0.0823373
  0.0700221
   0.055016
  0.0378957
  0.0193191
 0.00190018
 0.00372734
 0.00541126
 0.00688722
 0.00809852
 0.00899859
 0.00955285
 0.00974001
 0.00955285
 0.00899859
 0.00809852
 0.00688722
 0.00541126
 0.00372734
 0.00190018
  0.0193031
  0.0378645
  0.0549707
  0.0699645
  0.0822695
   0.091413
  0.0970435
  0.0989447
  0.0970435
   0.091413
  0.0822695
  0.0699645
  0.0549707
  0.0378645
  0.0193031
 0.00175388
 0.00344036
 0.00499464
 0.00635696
   0.007475
 0.00830578
 0.00881736
 0.00899011
 0.00881736
 0.00830578
   0.007475
 0.00635696
 0.00499464
 0.00344036
 0.00175388
  0.0192288
  0.0377187
  0.0547591
  0.0696952
  0.0819528
  0.0910611
    0.09667
  0.0985639
    0.09667
  0.0910611
  0.0819528
  0.0696952
  0.0547591
  0.0377187
  0.0192288
 0.00161355
  0.0031651
 0.00459501
 0.00584834
 0.00687691
 0.00764122
 0.00811187
 0.00827079
 0.00811187
 0.00764122
 0.00687691
 0.00584834
 0.00459501
  0.0031651
 0.00161355
  0.0190962
  0.0374585
  0.0543813
  0.0692143
  0.0813874
  0.0904329
   0.096003
  0.0978838
   0.096003
  0.0904329
  0.0813874
  0.0692143
  0.0543813
  0.0374585
  0.0190962
 0.00147919
 0.00290154
 0.00421238
 0.00536134
 0.00630427
 0.00700493
 0.00743639
 0.00758208
 0.00743639
 0.00700493
 0.00630427
 0.00536134
 0.00421238
 0.00290154
 0.00147919
  0.0189052
  0.0370838
  0.0538373
   0.068522
  0.0805733
  0.0895283
  0.0950427
  0.0969047
  0.0950427
  0.0895283
  0.0805733
   0.068522
  0.0538373
  0.0370838
  0.0189052
  0.0013508
 0.00264969
 0.00384675
 0.00489599
 0.00575707
 0.00639691
 0.00679093
 0.00692397
 0.00679093
 0.00639691
 0.00575707
 0.00489599
 0.00384675
 0.00264969
  0.0013508
  0.0186558
  0.0365947
  0.0531273
  0.0676183
  0.0795107
  0.0883475
  0.0937892
  0.0956267
  0.0937892
  0.0883475
  0.0795107
  0.0676183
  0.0531273
  0.0365947
  0.0186558
 0.00122838
 0.00240955
 0.00349813
 0.00445227
 0.00523532
 0.00581717
 0.00617548
 0.00629646
 0.00617548
 0.00581717
 0.00523532
 0.00445227
 0.00349813
 0.00240955
 0.00122838
  0.0183482
  0.0359913
  0.0522512
  0.0665032
  0.0781995
  0.0868907
  0.0922427
  0.0940498
  0.0922427
  0.0868907
  0.0781995
  0.0665032
  0.0522512
  0.0359913
  0.0183482
 0.00111193
 0.00218113
 0.00316651
  0.0040302
 0.00473901
 0.00526571
 0.00559004
 0.00569956
 0.00559004
 0.00526571
 0.00473901
  0.0040302
 0.00316651
 0.00218113
 0.00111193
  0.0179823
  0.0352735
  0.0512092
   0.065177
  0.0766401
  0.0851579
  0.0904031
  0.0921743
  0.0904032
  0.0851579
  0.0766401
   0.065177
  0.0512092
  0.0352735
  0.0179823
 0.00100145
 0.00196441
 0.00285189
 0.00362976
 0.00426815
 0.00474251
 0.00503463
 0.00513326
 0.00503463
 0.00474252
 0.00426815
 0.00362976
 0.00285189
 0.00196441
 0.00100145
  0.0175581
  0.0344415
  0.0500014
  0.0636397
  0.0748324
  0.0831493
  0.0882708
  0.0900001
  0.0882708
  0.0831493
  0.0748324
  0.0636397
  0.0500014
  0.0344415
  0.0175581
 0.00089694
 0.00175941
 0.00255427
 0.00325097
 0.00382273
 0.00424759
 0.00450922
 0.00459756
 0.00450922
 0.00424759
 0.00382273
 0.00325097
 0.00255427
 0.00175941
 0.00089694
  0.0170758
  0.0334953
  0.0486277
  0.0618913
  0.0727765
  0.0808649
  0.0858458
  0.0875276
  0.0858458
  0.0808649
  0.0727765
  0.0618913
  0.0486277
  0.0334953
  0.0170758
0.000798397
 0.00156611
 0.00227364
  0.0028938
 0.00340275
 0.00378093
 0.00401381
 0.00409245
 0.00401381
 0.00378093
 0.00340275
  0.0028938
 0.00227364
 0.00156611
0.000798397
  0.0165352
   0.032435
  0.0470883
  0.0599321
  0.0704727
   0.078305
  0.0831282
  0.0847568
  0.0831282
   0.078305
  0.0704727
  0.0599321
  0.0470883
   0.032435
  0.0165352
0.000705821
 0.00138452
 0.00201001
 0.00255825
 0.00300819
 0.00334252
  0.0035484
 0.00361792
  0.0035484
 0.00334252
 0.00300819
 0.00255825
 0.00201001
 0.00138452
0.000705821
  0.0159365
  0.0312605
  0.0453833
   0.057762
  0.0679209
  0.0754697
  0.0801182
  0.0816878
  0.0801182
  0.0754697
  0.0679209
   0.057762
  0.0453833
  0.0312605
  0.0159365
0.000619207
 0.00121462
 0.00176335
 0.00224432
 0.00263904
 0.00293235
 0.00311296
 0.00317395
 0.00311296
 0.00293235
 0.00263904
 0.00224432
 0.00176335
 0.00121462
0.000619207
  0.0152796
  0.0299721
  0.0435127
  0.0553812
  0.0651214
  0.0723591
   0.076816
  0.0783209
   0.076816
  0.0723591
  0.0651214
  0.0553812
  0.0435127
  0.0299721
  0.0152796
0.000538554
 0.00105641
 0.00153367
 0.00195199
  0.0022953
  0.0025504
 0.00270749
 0.00276053
 0.00270749
  0.0025504
  0.0022953
 0.00195199
 0.00153367
 0.00105641
0.000538554
  0.0145647
  0.0285696
  0.0414767
  0.0527899
  0.0620743
  0.0689733
  0.0732217
  0.0746562
  0.0732217
  0.0689733
  0.0620743
  0.0527899
  0.0414767
  0.0285696
  0.0145647
0.000463857
0.000909889
 0.00132095
 0.00168125
 0.00197695
 0.00219667
 0.00233197
 0.00237765
 0.00233197
 0.00219666
 0.00197695
 0.00168125
 0.00132095
0.000909889
0.000463857
  0.0137917
  0.0270533
  0.0392753
  0.0499881
  0.0587797
  0.0653125
  0.0693355
  0.0706938
  0.0693355
  0.0653126
  0.0587797
  0.0499881
  0.0392753
  0.0270533
  0.0137917
0.000395114
0.000775043
 0.00112519
 0.00143209
 0.00168396
 0.00187112
 0.00198637
 0.00202528
 0.00198637
 0.00187112
 0.00168396
 0.00143209
 0.00112519
0.000775043
0.000395114
  0.0129606
  0.0254231
  0.0369087
  0.0469759
  0.0552378
   0.061377
  0.0651575
   0.066434
  0.0651575
   0.061377
  0.0552378
  0.0469759
  0.0369087
  0.0254231
  0.0129606
0.000332318
0.000651866
0.000946363
 0.00120449
 0.00141633
 0.00157374
 0.00167068
 0.00170341
 0.00167068
 0.00157374
 0.00141633
 0.00120449
0.000946363
0.000651866
0.000332318
  0.0120715
  0.0236792
  0.0343769
  0.0437535
  0.0514487
  0.0571667
  0.0606879
  0.0618769
  0.0606879
  0.0571667
  0.0514487
  0.0437535
  0.0343769
  0.0236792
  0.0120715
0.000275468
0.000540349
0.000784465
0.000998434
 0.00117403
 0.00130452
 0.00138487
   0.001412
 0.00138487
 0.00130452
 0.00117403
0.000998434
0.000784465
0.000540349
0.000275467
  0.0111245
  0.0218216
    0.03168
  0.0403211
  0.0474126
   0.052682
   0.055927
  0.0570226
   0.055927
   0.052682
  0.0474126
  0.0403211
    0.03168
  0.0218216
  0.0111245
0.000224556
0.000440482
0.000639481
0.000813905
0.000957051
 0.00106342
 0.00112892
 0.00115103
 0.00112892
 0.00106342
0.000957051
0.000813905
0.000639481
0.000440482
0.000224556
  0.0101196
  0.0198503
  0.0288182
  0.0366787
  0.0431296
   0.047923
  0.0508748
  0.0518715
  0.0508748
   0.047923
  0.0431296
  0.0366787
  0.0288182
  0.0198503
  0.0101196
0.000179579
0.000352257
0.000511398
0.000650886
0.000765361
0.000850423
0.000902804
0.000920491
0.000902804
0.000850423
0.000765361
0.000650886
0.000511398
0.000352257
0.000179579
 0.00905679
  0.0177655
  0.0257916
  0.0328265
  0.0385999
  0.0428899
  0.0455317
  0.0464237
  0.0455317
  0.0428899
  0.0385999
  0.0328265
  0.0257916
  0.0177655
 0.00905678
0.000140532
0.000275664
0.000400201
0.000509359
0.000598943
 0.00066551
0.000706501
0.000720343
0.000706501
 0.00066551
0.000598943
 0.00050936
0.000400201
0.000275664
0.000140532
 0.00793612
  0.0155673
  0.0226002
  0.0287646
  0.0338236
  0.0375828
  0.0398977
  0.0406794
  0.0398977
  0.0375828
  0.0338236
  0.0287646
  0.0226002
  0.0155673
 0.00793612
 0.00010741
0.000210692
0.000305877
0.000389308
0.000457777
0.000508655
0.000539985
0.000550564
0.000539985
0.000508655
0.000457777
0.000389308
0.000305877
0.000210692
 0.00010741
 0.00675766
  0.0132556
  0.0192442
  0.0244933
  0.0288011
   0.032002
  0.0339732
  0.0346388
  0.0339732
   0.032002
  0.0288011
  0.0244933
  0.0192442
  0.0132556
 0.00675766
8.02076e-05
0.000157333
0.000228412
0.000290713
0.000341842
0.000379834
 0.00040323
0.000411129
 0.00040323
0.000379834
0.000341842
0.000290713
0.000228412
0.000157333
8.02076e-05
 0.00552145
  0.0108307
  0.0157238
  0.0200126
  0.0235323
  0.0261477
  0.0277583
  0.0283021
  0.0277583
  0.0261477
  0.0235323
  0.0200126
  0.0157238
  0.0108307
 0.00552145
5.89205e-05
0.000115577
0.000167791
0.000213557
0.000251117
0.000279026
0.000296212
0.000302015
0.000296212
0.000279026
0.000251117
0.000213557
0.000167791
0.000115577
5.89205e-05
 0.00422753
 0.00829259
   0.012039
  0.0153228
  0.0180177
  0.0200202
  0.0212533
  0.0216697
  0.0212533
  0.0200202
  0.0180177
  0.0153228
   0.012039
 0.00829259
 0.00422753
4.35439e-05
8.54143e-05
0.000124002
0.000157825
0.000185582
0.000206208
0.000218909
0.000223197
0.000218909
0.000206208
0.000185582
0.000157825
0.000124002
8.54143e-05
4.35439e-05
 0.00287594
 0.00564137
 0.00819002
  0.0104239
  0.0122572
  0.0136195
  0.0144584
  0.0147417
  0.0144584
  0.0136195
  0.0122572
  0.0104239
 0.00819002
 0.00564137
 0.00287594
3.40733e-05
6.68371e-05
9.70324e-05
0.000123499
0.000145219
0.000161359
0.000171297
0.000174653
0.000171297
0.000161359
0.000145219
0.000123499
9.70324e-05
6.68371e-05
3.40733e-05
 0.00146675
 0.00287713
 0.00417697
 0.00531628
 0.00625128
 0.00694605
  0.0073739
 0.00751836
  0.0073739
 0.00694605
 0.00625128
 0.00531628
 0.00417697
 0.00287713
 0.00146675
          0
          0
          0
          0
          0
          0
          0
          0
          0
          0
          0
          0
          0
          0
          0
 1.4013e-45
 1.4013e-45
 1.4013e-45
 1.4013e-45
 1.4013e-45
 1.4013e-45
 1.4013e-45
 1.4013e-45
 1.4013e-45
 1.4013e-45
 1.4013e-45
 1.4013e-45
 1.4013e-45
 1.4013e-45
 1.4013e-45
