-0.772176
-0.750095
-0.728308
-0.7068369999999999
-0.685693
-0.664905
-0.644474
-0.6244149999999999
-0.604745
-0.585464
-0.566613
-0.548191
-0.530199
-0.512644
-0.49549399999999993
-0.478729
-0.46232799999999996
-0.44626899999999997
-0.430525
-0.41507200000000005
-0.399918
-0.385201
-0.370602
-0.356211
-0.341941
-0.327586
-0.313472
-0.299398
-0.28573200000000004
-0.272345
-0.259438
-0.24729099999999998
-0.23537399999999997
-0.223694
-0.212207
-0.20086099999999998
-0.189747
-0.17892
-0.16834000000000002
-0.15805
-0.148044
-0.138247
-0.128863
-0.119853
-0.11113599999999998
-0.10299100000000001
-0.09491669999999999
-0.08673380000000001
-0.0787607
-0.07094910000000001
-0.06344069999999999
-0.0562398
-0.049370599999999994
-0.0426754
-0.0364771
-0.030871100000000002
-0.025691500000000003
-0.0211773
-0.016885499999999998
-0.012919
-0.00918984
-0.00553307
-0.0022903000000000003
0.000642939
0.00309214
0.0051015
0.00663533
0.00770951
0.00846632
0.008633799999999999
0.00871939
0.00886366
0.00876175
0.00836233
0.00773703
0.00688644
0.00581776
0.00462285
0.00324009
0.0018735
2.1332800000000004e-05
