-0.772185
-0.750103
-0.7283149999999999
-0.7068409999999999
-0.6856939999999999
-0.664904
-0.644471
-0.624409
-0.604737
-0.5854520000000001
-0.5665979999999999
-0.5481729999999999
-0.5301779999999999
-0.512622
-0.495471
-0.478706
-0.46230600000000005
-0.44624899999999995
-0.430507
-0.41505600000000004
-0.399904
-0.385196
-0.370606
-0.35623299999999997
-0.341982
-0.32763200000000003
-0.31352399999999997
-0.29944
-0.285765
-0.272359
-0.25943499999999997
-0.24728699999999998
-0.235371
-0.223694
-0.21220999999999998
-0.20086400000000001
-0.189751
-0.178925
-0.168345
-0.158058
-0.148053
-0.13825199999999999
-0.128865
-0.119849
-0.111125
-0.102996
-0.0949352
-0.0867558
-0.0787853
-0.0709723
-0.0634617
-0.0562559
-0.0493814
-0.042671499999999994
-0.0364589
-0.030842900000000003
-0.0256538
-0.021143400000000003
-0.0168555
-0.0129002
-0.00918137
-0.0055231
-0.00227881
0.0006605210000000001
0.00311541
0.0051341
0.00667597
0.007756699999999999
0.00851835
0.00867015
0.00874061
0.00887884
0.0087715
0.00836437
0.00773177
0.00687468
0.00579972
0.00460286
0.00321824
0.00186394
2.40969e-05
