-0.772187
-0.750105
-0.728316
-0.706842
-0.6856949999999999
-0.664904
-0.64447
-0.6244069999999999
-0.604734
-0.58545
-0.566596
-0.548172
-0.5301779999999999
-0.512622
-0.495471
-0.478706
-0.46230600000000005
-0.446248
-0.43050600000000006
-0.415055
-0.399904
-0.385185
-0.370584
-0.35618
-0.341898
-0.327543
-0.31342800000000004
-0.299361
-0.285704
-0.272333
-0.259443
-0.247297
-0.235382
-0.223704
-0.212218
-0.200876
-0.18976600000000002
-0.17894100000000002
-0.16836099999999998
-0.15807100000000002
-0.148065
-0.138271
-0.128892
-0.11989000000000001
-0.11118199999999999
-0.103028
-0.094943
-0.0867595
-0.0787848
-0.0709712
-0.06346
-0.0562572
-0.0493857
-0.0426973
-0.0365061
-0.0309045
-0.0257298
-0.0212096
-0.0169118
-0.012933199999999999
-0.00919103
-0.00553003
-0.002283
0.000649397
0.00309735
0.005102300000000001
0.00663042
0.00769902
0.00844854
0.00862353
0.00871718
0.00886071
0.00875867
0.00836296
0.00774179
0.00689583
0.005832
0.00463935
0.00325894
0.00188173
1.8964800000000002e-05
