   0.0980198
     0.19509
     0.29028
    0.382679
    0.471399
    0.555569
    0.634389
    0.707109
    0.773009
    0.831469
    0.881919
    0.923879
    0.956939
    0.980789
    0.995179
    0.999999
    0.995179
    0.980789
    0.956939
    0.923879
    0.881919
    0.831469
    0.773009
    0.707109
    0.634389
    0.555569
      0.4714
     0.38268
     0.29028
     0.19509
   0.0980201
   -0.772176
    -1.53684
    -2.28663
    -3.01433
    -3.71295
    -4.37575
    -4.99637
    -5.56882
    -6.08761
    -6.54775
     -6.9448
    -7.27496
    -7.53504
    -7.72255
    -7.83569
    -7.87337
    -7.83524
    -7.72166
    -7.53374
    -7.27328
     -6.9428
    -6.54547
    -6.08514
    -5.56624
    -4.99375
     -4.3732
    -3.71057
    -3.01222
    -2.28488
    -1.53556
   -0.771479
   0.0956106
    0.190299
    0.283155
    0.373283
    0.459816
    0.541919
    0.618804
    0.689728
    0.754009
    0.811028
    0.860237
    0.901161
    0.933406
    0.956662
    0.970704
    0.975398
      0.9707
    0.956653
    0.933393
    0.901143
    0.860216
    0.811003
    0.753982
      0.6897
    0.618775
    0.541892
    0.459789
    0.373259
    0.283135
    0.190285
    0.095603
   -0.750095
     -1.4929
    -2.22127
    -2.92819
    -3.60686
    -4.25076
    -4.85368
    -5.40982
    -5.91384
    -6.36089
    -6.74666
    -7.06744
    -7.32016
    -7.50238
    -7.61235
    -7.64902
    -7.61203
    -7.50175
    -7.31923
    -7.06624
    -6.74522
    -6.35926
    -5.91207
    -5.40796
    -4.85178
     -4.2489
    -3.60511
    -2.92663
    -2.21997
    -1.49195
   -0.749575
   0.0932307
    0.185562
    0.276104
    0.363986
    0.448361
    0.528417
    0.603382
    0.672536
    0.735212
    0.790807
    0.838786
    0.878686
    0.910124
    0.932797
    0.946487
    0.951061
    0.946477
    0.932778
    0.910095
    0.878649
    0.838741
    0.790756
    0.735157
    0.672478
    0.603323
    0.528359
    0.448306
    0.363936
    0.276063
    0.185532
   0.0932144
   -0.728308
    -1.44955
    -2.15679
    -2.84322
    -3.50223
    -4.12748
    -4.71296
    -5.25303
     -5.7425
    -6.17665
     -6.5513
    -6.86287
    -7.10833
    -7.28535
     -7.3922
    -7.42787
    -7.39202
    -7.28499
    -7.10781
    -6.86219
     -6.5505
    -6.17573
     -5.7415
    -5.25198
    -4.71187
     -4.1264
     -3.5012
    -2.84229
    -2.15602
    -1.44898
   -0.727997
    0.090876
    0.180874
    0.269129
    0.354789
    0.437031
    0.515062
    0.588131
    0.655535
    0.716624
    0.770811
    0.817574
    0.856463
    0.887104
    0.909201
    0.922542
       0.927
     0.92253
    0.909176
    0.887068
    0.856418
    0.817522
    0.770754
    0.716564
    0.655475
    0.588076
    0.515011
    0.436986
    0.354751
    0.269098
    0.180851
     0.09086
   -0.706837
    -1.40683
    -2.09326
     -2.7595
    -3.39914
    -4.00604
    -4.57434
    -5.09858
    -5.57372
    -5.99517
    -6.35889
    -6.66137
     -6.8997
    -7.07159
    -7.17538
    -7.21008
    -7.17535
    -7.07152
     -6.8996
    -6.66123
    -6.35872
    -5.99498
    -5.57351
    -5.09836
     -4.5741
     -4.0058
    -3.39891
    -2.75928
    -2.09308
     -1.4067
   -0.706761
   0.0885474
    0.176239
    0.262231
    0.345695
    0.425828
    0.501857
    0.573052
    0.638726
    0.698248
    0.751044
    0.796607
    0.834498
    0.864351
    0.885882
    0.898881
    0.903224
     0.89887
    0.885862
    0.864323
    0.834464
    0.796571
    0.751008
    0.698215
    0.638699
    0.573035
    0.501849
    0.425826
    0.345698
    0.262233
    0.176238
   0.0885395
   -0.685693
    -1.36477
     -2.0307
    -2.67706
    -3.29764
    -3.88647
    -4.43787
    -4.94653
    -5.40756
    -5.81652
    -6.16947
    -6.46302
    -6.69433
    -6.86118
    -6.96197
    -6.99571
    -6.96209
    -6.86143
    -6.69469
    -6.46348
    -6.17002
    -5.81714
    -5.40824
    -4.94724
    -4.43859
    -3.88717
     -3.2983
    -2.67765
    -2.03118
    -1.36512
   -0.685881
   0.0862458
    0.171658
    0.255414
    0.336707
    0.414756
    0.488808
    0.558152
    0.622118
    0.680092
    0.731517
    0.775896
    0.812803
    0.841884
    0.862858
    0.875525
    0.879763
    0.875531
    0.862869
    0.841898
    0.812821
    0.775918
    0.731542
     0.68012
    0.622149
    0.558184
     0.48884
    0.414783
    0.336727
    0.255423
    0.171658
   0.0862395
   -0.664905
    -1.32341
    -1.96919
      -2.596
    -3.19784
    -3.76889
    -4.30366
      -4.797
    -5.24416
    -5.64083
    -5.98319
    -6.26795
    -6.49236
    -6.65426
    -6.75208
     -6.7849
    -6.75239
    -6.65485
    -6.49323
    -6.26908
    -5.98454
    -5.64236
    -5.24583
    -4.79875
    -4.30544
    -3.77063
    -3.19947
    -2.59745
    -1.97038
    -1.32428
    -0.66537
   0.0839718
    0.167132
    0.248679
     0.32783
    0.403821
    0.475922
    0.543438
     0.60572
    0.662169
    0.712242
    0.755457
    0.791398
    0.819721
    0.840152
    0.852497
    0.856637
     0.85253
    0.840215
    0.819807
    0.791504
    0.755576
    0.712369
    0.662297
    0.605842
    0.543548
    0.476013
     0.40389
    0.327874
      0.2487
    0.167134
   0.0839675
   -0.644474
    -1.28277
    -1.90873
    -2.51635
    -3.09976
    -3.65335
    -4.17179
    -4.65008
    -5.08362
    -5.46823
     -5.8002
    -6.07634
    -6.29399
    -6.45104
    -6.54598
     -6.5779
    -6.54649
    -6.45205
    -6.29546
    -6.07825
    -5.80248
    -5.47081
    -5.08643
    -4.65302
    -4.17476
    -3.65625
    -3.10247
    -2.51875
    -1.91071
     -1.2842
   -0.645242
   0.0817259
    0.162662
     0.24203
    0.319066
    0.393029
    0.463206
    0.528924
    0.589549
    0.644499
    0.693244
    0.735317
    0.770311
    0.797889
    0.817785
    0.829808
    0.833842
    0.829847
     0.81786
    0.797995
    0.770442
    0.735465
      0.6934
    0.644651
    0.589688
     0.52904
    0.463294
    0.393083
    0.319088
    0.242026
    0.162645
    0.081716
   -0.624415
    -1.24286
    -1.84939
    -2.43815
    -3.00347
    -3.53993
    -4.04233
    -4.50586
    -4.92603
    -5.29881
    -5.62059
    -5.88829
    -6.09933
    -6.25166
    -6.34381
    -6.37488
    -6.34457
    -6.25317
    -6.10153
    -5.89113
    -5.62396
     -5.3026
    -4.93012
    -4.51012
    -4.04663
    -3.54409
    -3.00735
    -2.44157
    -1.85219
    -1.24489
   -0.625501
   0.0795113
    0.158255
    0.235475
    0.310428
    0.382393
    0.450679
    0.514628
    0.573624
    0.627101
    0.674544
    0.715495
    0.749558
    0.776404
    0.795772
    0.807473
    0.811397
    0.807505
    0.795834
    0.776494
     0.74967
    0.715621
    0.674674
    0.627223
    0.573726
    0.514699
    0.450714
    0.382391
    0.310393
     0.23542
    0.158201
   0.0794872
   -0.604745
    -1.20373
     -1.7912
    -2.36148
    -2.90908
    -3.42874
    -3.91545
    -4.36451
     -4.7716
    -5.13279
    -5.44461
    -5.70405
    -5.90862
    -6.05633
    -6.14573
    -6.17597
    -6.14674
    -6.05831
    -5.91152
    -5.70778
    -5.44903
    -5.13777
    -4.77697
    -4.37009
    -3.92106
    -3.43418
    -2.91414
    -2.36593
    -1.79484
    -1.20636
   -0.606152
   0.0773343
    0.153924
    0.229032
    0.301937
    0.371938
    0.438359
    0.500561
    0.557947
    0.609964
     0.65611
     0.69594
    0.729069
    0.755178
    0.774011
    0.785387
    0.789196
    0.785401
    0.774036
    0.755212
    0.729107
    0.695974
    0.656132
    0.609966
    0.557922
    0.500504
    0.438268
    0.371819
    0.301802
    0.228899
    0.153817
   0.0772881
   -0.585464
    -1.16538
    -1.73417
    -2.28635
    -2.81661
    -3.31983
    -3.79118
     -4.2261
     -4.6204
    -4.97028
    -5.27236
    -5.52373
    -5.72196
    -5.86513
    -5.95184
    -5.98124
    -5.95306
    -5.86753
    -5.72547
    -5.52824
    -5.27773
    -4.97634
    -4.62696
    -4.23294
    -3.79806
    -3.32651
    -2.82282
    -2.29184
    -1.73866
    -1.16861
   -0.587193
   0.0751978
    0.149672
    0.222706
    0.293598
    0.361666
    0.426252
    0.486733
    0.542529
    0.593101
    0.637961
    0.676676
    0.708873
    0.734243
    0.752539
    0.763584
     0.76727
    0.763562
    0.752494
    0.734172
    0.708773
    0.676542
     0.63779
    0.592893
    0.542286
     0.48646
    0.425956
    0.361363
    0.293307
    0.222452
    0.149485
   0.0751148
   -0.566613
    -1.12789
    -1.67841
     -2.2129
    -2.72619
    -3.21333
    -3.66965
    -4.09073
    -4.47252
    -4.81132
    -5.10387
    -5.34732
    -5.53934
    -5.67805
     -5.7621
    -5.79068
    -5.76349
     -5.6808
    -5.54337
    -5.35251
    -5.11006
    -4.81833
    -4.48012
    -4.09867
    -3.67765
     -3.2211
    -2.73341
    -2.21927
    -1.68363
    -1.13165
   -0.568624
   0.0730858
    0.145466
    0.216446
    0.285343
    0.351495
    0.414259
    0.473029
    0.527244
    0.576382
    0.619968
    0.657582
    0.688862
    0.713506
    0.731276
    0.741999
    0.745571
    0.741959
    0.731195
    0.713384
    0.688697
    0.657373
    0.619715
    0.576088
    0.526915
    0.472673
    0.413887
    0.351129
    0.285006
    0.216162
    0.145261
   0.0729898
   -0.548191
    -1.09125
    -1.62394
    -2.14113
    -2.63785
    -3.10928
     -3.5509
    -3.95844
    -4.32797
    -4.65592
    -4.93911
    -5.17481
    -5.36073
    -5.49507
    -5.57653
    -5.60429
    -5.57808
    -5.49814
    -5.36522
    -5.18059
      -4.946
    -4.66371
    -4.33641
    -3.96726
    -3.55979
    -3.11791
    -2.64588
    -2.14823
    -1.62975
    -1.09544
    -0.55044
   0.0710007
    0.141313
    0.210261
    0.277184
    0.341439
    0.402398
     0.45947
    0.512117
    0.559833
    0.602156
    0.638679
     0.66905
    0.692977
    0.710226
    0.720634
    0.724098
    0.720585
    0.710128
     0.69283
    0.668855
    0.638438
    0.601871
    0.559509
    0.511761
    0.459092
    0.402008
    0.341064
    0.276849
    0.209985
    0.141115
   0.0709049
   -0.530199
    -1.05546
    -1.57073
    -2.07102
    -2.55153
     -3.0076
    -3.43485
    -3.82915
    -4.18669
    -4.50402
    -4.77805
    -5.00616
    -5.18611
    -5.31617
    -5.39506
    -5.42201
    -5.39674
    -5.31949
    -5.19097
     -5.0124
    -4.78551
    -4.51244
    -4.19582
    -3.83869
    -3.44447
    -3.01695
    -2.56024
    -2.07873
    -1.57704
    -1.06002
   -0.532649
   0.0689019
    0.137141
     0.20406
    0.269015
    0.331382
    0.390555
    0.445962
    0.497075
    0.543402
    0.584496
    0.619962
    0.649457
    0.672698
    0.689458
    0.699578
    0.702958
    0.699567
    0.689436
    0.672663
    0.649409
      0.6199
    0.584419
     0.54331
    0.496967
     0.44584
    0.390421
    0.331247
    0.268893
    0.203962
    0.137072
    0.068868
   -0.512644
    -1.02053
    -1.51877
    -2.00255
    -2.46721
    -2.90826
    -3.32145
    -3.70279
    -4.04859
    -4.35552
    -4.62059
    -4.84125
    -5.01536
    -5.14121
    -5.21758
    -5.24373
    -5.21937
    -5.14473
    -5.02051
    -4.84789
    -4.62851
    -4.36447
     -4.0583
    -3.71294
    -3.33169
    -2.91823
    -2.47651
    -2.01079
    -1.52553
    -1.02542
   -0.515258
    0.066805
    0.132974
    0.197871
    0.260868
     0.32136
    0.378762
    0.432522
    0.482122
    0.527084
    0.566973
    0.601407
    0.630051
    0.652631
    0.668926
    0.678782
    0.682098
    0.678847
    0.669055
    0.652818
    0.630291
    0.601691
    0.567291
    0.527423
    0.482469
    0.432862
    0.379081
    0.321643
    0.261112
    0.198073
    0.133121
   0.0668772
   -0.495494
   -0.986404
      -1.468
    -1.93563
    -2.38479
    -2.81114
    -3.21058
    -3.57923
    -3.91355
    -4.21029
    -4.46659
    -4.67997
    -4.84834
    -4.97008
    -5.04399
    -5.06934
    -5.04588
     -4.9738
    -4.85379
    -4.68698
    -4.47496
    -4.21975
     -3.9238
    -3.58995
     -3.2214
    -2.82167
    -2.39462
    -1.94434
    -1.47515
   -0.991562
   -0.498241
   0.0647282
    0.128852
    0.191757
     0.25283
    0.311486
    0.367155
    0.419303
    0.467424
    0.511056
    0.549774
    0.583208
     0.61103
    0.632973
    0.648824
    0.658428
     0.66169
    0.658578
    0.649117
    0.633398
     0.61157
    0.583842
    0.550482
    0.511813
    0.468207
    0.420083
      0.3679
     0.31216
    0.253414
    0.192229
     0.12919
   0.0649045
   -0.478729
   -0.953035
    -1.41835
    -1.87018
    -2.30417
    -2.71613
     -3.1021
    -3.45833
     -3.7814
    -4.06817
    -4.31587
    -4.52211
    -4.68488
    -4.80259
    -4.87409
    -4.89867
    -4.87609
    -4.80653
    -4.69065
    -4.52955
    -4.32474
     -4.0782
    -3.79225
    -3.46967
    -3.11354
    -2.72726
    -2.31454
    -1.87934
    -1.42585
   -0.958426
   -0.481574
   0.0626662
    0.124763
    0.185697
     0.24487
    0.301718
    0.355684
     0.40625
    0.452923
    0.495255
    0.532831
    0.565292
    0.592317
    0.613647
     0.62907
    0.638437
    0.641652
    0.638682
     0.62955
    0.614339
    0.593194
    0.566316
    0.533972
    0.496473
    0.454183
    0.407511
    0.356896
    0.302821
    0.245828
    0.186467
    0.125313
   0.0629583
   -0.462328
   -0.920386
    -1.36976
    -1.80611
    -2.22524
    -2.62311
    -2.99587
    -3.33993
    -3.65197
    -3.92897
    -4.16825
     -4.3675
    -4.52478
    -4.63855
     -4.7077
    -4.73153
     -4.7098
     -4.6427
    -4.53085
    -4.37531
    -4.17756
    -3.93946
     -3.6633
    -3.35174
    -3.00776
    -2.63464
    -2.23595
    -1.81554
    -1.37744
   -0.925873
   -0.465194
   0.0606675
    0.120794
    0.179809
     0.23713
    0.292212
    0.344512
    0.393529
    0.438782
    0.479835
    0.516284
    0.547777
    0.574003
    0.594706
     0.60968
    0.618776
    0.621907
    0.619039
    0.610195
    0.595456
    0.574965
    0.548916
    0.517568
    0.481222
    0.440232
    0.394991
    0.345932
    0.293526
    0.238288
    0.180753
    0.121478
   0.0610347
   -0.446269
   -0.888407
    -1.32215
    -1.74333
    -2.14788
     -2.5319
     -2.8917
    -3.22381
    -3.52502
    -3.79243
    -4.02346
    -4.21587
     -4.3678
    -4.47774
    -4.54463
    -4.56775
    -4.54685
    -4.48214
     -4.3742
    -4.22408
    -4.03319
    -3.80335
    -3.53676
    -3.23597
    -2.90387
    -2.54363
    -2.15869
    -1.75277
    -1.32975
   -0.893757
   -0.448993
   0.0587066
    0.116902
    0.174035
    0.229541
     0.28289
    0.333555
     0.38105
    0.424904
    0.464696
    0.500029
    0.530561
    0.555986
    0.576053
    0.590564
     0.59937
    0.602394
    0.599602
    0.591019
    0.576728
    0.556867
    0.531625
    0.501253
    0.466044
    0.426338
    0.382518
    0.335006
    0.284262
    0.230775
    0.175063
     0.11766
   0.0591209
   -0.430525
   -0.857051
    -1.27547
    -1.68175
    -2.07199
    -2.44242
    -2.78947
     -3.1098
    -3.40031
     -3.6582
    -3.88098
     -4.0665
    -4.21297
    -4.31894
    -4.38338
    -4.40557
    -4.38528
    -4.32272
    -4.21847
    -4.07355
    -3.88931
    -3.66754
    -3.41035
    -3.12021
    -2.79989
    -2.45246
    -2.08124
    -1.68981
     -1.2819
   -0.861528
   -0.432735
   0.0567072
    0.112989
    0.168327
    0.222101
    0.273793
    0.322871
    0.368852
    0.411293
    0.449775
    0.483946
    0.513475
    0.538064
    0.557472
    0.571505
    0.580023
    0.582944
    0.580237
    0.571929
    0.558097
    0.538876
    0.514452
    0.485064
    0.450997
    0.412578
    0.370179
    0.324208
    0.275108
    0.223353
    0.169439
    0.113885
   0.0572252
   -0.415072
   -0.826285
    -1.22968
    -1.62137
    -1.99758
    -2.35469
    -2.68925
    -2.99802
      -3.278
    -3.52646
    -3.74097
    -3.91949
    -4.06029
      -4.162
    -4.22364
    -4.24457
    -4.22459
     -4.1639
    -4.06307
    -3.92309
    -3.74529
    -3.53139
    -3.28343
     -3.0038
    -2.69517
    -2.36052
    -2.00305
    -1.62619
    -1.23356
   -0.829002
   -0.416402
   0.0547264
    0.109118
     0.16269
    0.214761
    0.264822
    0.312331
    0.356807
    0.397833
    0.434996
    0.467991
      0.4965
    0.520238
    0.538974
    0.552521
    0.560747
    0.563566
    0.560947
    0.552917
    0.539551
    0.520979
     0.49738
    0.468981
    0.436058
    0.398927
    0.357946
    0.313508
    0.266042
    0.216003
    0.163872
    0.110149
   0.0553486
   -0.399918
   -0.796095
    -1.18471
      -1.562
    -1.92434
    -2.26823
    -2.59036
    -2.88759
    -3.15705
    -3.39606
     -3.6023
    -3.77381
    -3.90894
     -4.0064
    -4.06525
    -4.08494
    -4.06527
    -4.00645
    -3.90904
    -3.77399
     -3.6026
    -3.39652
    -3.15773
    -2.88854
    -2.59153
    -2.26955
     -1.9257
    -1.56328
    -1.18578
   -0.796859
   -0.400266
   0.0529666
    0.105541
    0.157238
    0.207487
    0.255794
    0.301651
    0.344597
    0.384219
    0.420126
    0.452001
    0.479535
    0.502459
     0.52055
     0.53363
    0.541573
    0.544296
    0.541772
    0.534025
    0.521126
    0.503201
    0.480422
    0.453008
    0.421222
     0.38537
    0.345797
    0.302883
    0.257039
    0.208705
    0.158343
    0.106437
   0.0534854
   -0.385201
   -0.766724
    -1.14088
      -1.504
    -1.85259
    -2.18329
    -2.49292
     -2.7785
    -3.03727
    -3.26671
    -3.46461
     -3.6291
    -3.75859
    -3.85187
    -3.90802
    -3.92654
    -3.90725
    -3.85035
    -3.75639
    -3.62629
     -3.4613
    -3.26303
    -3.03338
    -2.77457
    -2.48909
    -2.17969
    -1.84933
    -1.50121
    -1.13866
   -0.765193
   -0.384393
   0.0512388
    0.102012
    0.151829
    0.200238
    0.246771
    0.290958
    0.332367
     0.37059
    0.405257
     0.43603
    0.462611
    0.484744
    0.502212
    0.514845
     0.52252
    0.525161
    0.522742
    0.515283
    0.502855
    0.485577
    0.463615
    0.437179
    0.406523
    0.371941
    0.333764
    0.292358
    0.248121
    0.201474
    0.152865
     0.10276
   0.0516391
   -0.370602
   -0.737577
    -1.09737
    -1.44643
    -1.78136
      -2.099
    -2.39627
    -2.67035
     -2.9186
    -3.13866
    -3.32841
    -3.48606
    -3.61009
    -3.69935
    -3.75296
    -3.77045
    -3.75165
    -3.69677
    -3.60632
    -3.48121
    -3.32263
    -3.13213
    -2.91155
    -2.66301
     -2.3889
    -2.09187
    -1.77477
    -1.44065
    -1.09272
   -0.734332
   -0.368929
   0.0493797
   0.0983129
    0.146321
    0.192963
    0.237788
    0.280354
    0.320247
    0.357078
    0.390487
     0.42015
    0.445777
    0.467118
    0.483966
    0.496157
    0.503569
    0.506129
    0.503811
    0.496633
    0.484663
    0.468012
    0.446839
    0.421342
    0.391761
    0.358379
    0.321512
    0.281525
    0.238803
    0.193811
    0.146997
   0.0987958
   0.0496872
   -0.356211
   -0.708729
     -1.0541
    -1.38907
     -1.7104
    -2.01506
    -2.30013
    -2.56291
    -2.80089
    -3.01181
    -3.19364
    -3.34468
    -3.46348
    -3.54892
     -3.6002
    -3.61684
    -3.59869
    -3.54594
    -3.45911
    -3.33905
    -3.18691
    -3.00417
    -2.79259
    -2.55422
    -2.29136
    -2.00651
    -1.70243
      -1.382
     -1.0483
   -0.704519
    -0.35397
   0.0475229
   0.0946261
    0.140848
     0.18575
    0.228895
    0.269867
    0.308267
    0.343721
    0.375885
    0.404445
    0.429122
    0.449675
    0.465904
    0.477649
    0.484793
    0.487264
    0.485035
    0.478122
    0.466587
    0.450537
     0.43012
    0.405525
    0.376981
    0.344758
     0.30916
    0.270558
     0.22933
    0.185988
    0.140987
    0.094727
   0.0476812
   -0.341941
   -0.680147
    -1.01127
    -1.33236
     -1.6403
    -1.93224
    -2.20538
    -2.45714
    -2.68513
    -2.88719
    -3.06139
    -3.20609
    -3.31991
    -3.40178
    -3.45092
    -3.46688
    -3.44951
      -3.399
    -3.31583
    -3.20081
    -3.05505
    -2.87995
    -2.67721
    -2.44877
    -2.19684
    -1.92383
    -1.63237
     -1.3252
    -1.00527
   -0.675636
   -0.339476
   0.0456865
   0.0909712
    0.135409
    0.178579
    0.220061
    0.259455
    0.296379
    0.330472
    0.361403
    0.388868
    0.412598
    0.432358
    0.447953
    0.459224
    0.466058
    0.468378
    0.466153
    0.459392
    0.448148
    0.432531
    0.412683
    0.388841
    0.361242
    0.330162
    0.295917
    0.258853
    0.219354
    0.177869
    0.134841
   0.0906215
   0.0456528
   -0.327586
   -0.651519
   -0.968588
    -1.27601
    -1.57084
    -1.85034
    -2.11186
    -2.35294
    -2.57128
    -2.76481
     -2.9317
    -3.07037
     -3.1795
    -3.25805
    -3.30528
    -3.32076
    -3.30434
    -3.25618
    -3.17677
    -3.06683
    -2.92744
    -2.75989
     -2.5658
    -2.34703
    -2.10569
    -1.84408
    -1.56474
    -1.27032
   -0.963644
   -0.647665
   -0.325423
   0.0438821
   0.0873764
    0.130054
    0.171513
    0.211351
    0.249183
    0.284641
     0.31738
    0.347079
    0.373444
    0.396214
    0.415159
    0.430086
    0.440842
    0.447311
    0.449415
    0.447118
    0.440424
     0.42938
     0.41411
    0.394749
    0.371601
    0.344912
    0.314974
    0.282113
    0.246648
    0.208963
    0.169428
    0.128465
   0.0863714
    0.043555
   -0.313472
   -0.623397
     -0.9267
    -1.22079
    -1.50284
    -1.77027
    -2.02054
    -2.25129
    -2.46033
    -2.64567
    -2.80556
    -2.93847
    -3.04313
    -3.11855
      -3.164
    -3.17904
    -3.16356
    -3.11769
    -3.04188
    -2.93684
    -2.80356
    -2.64329
    -2.45755
    -2.24812
    -2.01703
    -1.76649
    -1.49891
    -1.21688
   -0.923104
   -0.620415
   -0.311729
    0.042085
   0.0838044
    0.124747
    0.164521
    0.202734
    0.239015
    0.273005
     0.30437
    0.332798
    0.358001
    0.379722
    0.397733
    0.411842
    0.421908
    0.427816
    0.429547
    0.427081
    0.420438
    0.409684
    0.394931
    0.376333
    0.354142
    0.328608
    0.300007
    0.268655
    0.234859
    0.198981
    0.161357
    0.122376
    0.082305
   0.0415151
   -0.299398
   -0.595474
   -0.885307
    -1.16641
    -1.43609
    -1.69186
     -1.9313
    -2.15214
    -2.35227
    -2.52981
    -2.68304
    -2.81052
      -2.911
     -2.9835
    -3.02732
    -3.04202
    -3.02744
    -2.98373
    -2.91132
    -2.81088
    -2.68338
    -2.53001
    -2.35226
    -2.15182
    -1.93064
    -1.69083
    -1.43471
    -1.16475
   -0.883551
   -0.593823
   -0.298359
   0.0403017
   0.0802585
    0.119477
    0.157569
    0.194158
    0.228876
    0.261378
    0.291336
    0.318445
    0.342427
    0.363027
    0.380024
    0.393226
    0.402517
    0.407787
    0.409088
    0.406423
    0.399836
    0.389418
     0.37526
    0.357529
    0.336412
    0.312148
    0.284986
    0.255224
    0.223154
    0.189112
    0.153407
    0.116394
   0.0783175
   0.0395161
   -0.285732
   -0.568379
   -0.845171
    -1.11372
    -1.37144
    -1.61595
    -1.84493
    -2.05617
    -2.24767
    -2.41759
    -2.56432
    -2.68643
    -2.78275
    -2.85231
    -2.89443
    -2.90867
    -2.89487
    -2.85317
    -2.78399
    -2.68797
    -2.56604
    -2.41937
    -2.24938
    -2.05769
    -1.84616
    -1.61682
    -1.37189
    -1.11373
   -0.844829
   -0.567782
   -0.285264
   0.0385127
   0.0766843
    0.114131
    0.150476
     0.18535
    0.218394
    0.249267
    0.277663
    0.303286
    0.325917
    0.345327
     0.36132
    0.373736
    0.382454
    0.387397
    0.388578
    0.386014
    0.379748
    0.369874
    0.356484
    0.339737
    0.319793
    0.296874
    0.271195
    0.243024
     0.21263
    0.180315
    0.146367
    0.111102
   0.0747746
   0.0376952
   -0.272345
   -0.541932
   -0.806157
    -1.06263
    -1.30891
    -1.54264
    -1.76159
    -1.96361
    -2.14675
    -2.30925
    -2.44954
    -2.56628
    -2.65835
    -2.72483
    -2.76508
    -2.77867
    -2.76548
    -2.72564
    -2.65952
    -2.56776
    -2.45125
    -2.31109
    -2.14865
    -1.96549
    -1.76339
    -1.54428
    -1.31029
    -1.06368
   -0.806832
   -0.542225
   -0.272415
   0.0366671
   0.0729945
    0.108607
    0.143135
    0.176218
     0.20751
    0.236678
    0.263442
    0.287523
    0.308773
    0.326995
    0.342026
     0.35374
     0.36201
     0.36678
    0.368012
    0.365727
    0.359953
    0.350779
    0.338291
    0.322639
    0.303955
    0.282436
    0.258263
    0.231674
    0.202913
    0.172247
    0.139946
    0.106294
   0.0715612
   0.0360392
   -0.259438
   -0.516411
   -0.768459
     -1.0132
    -1.24829
    -1.47145
    -1.68053
    -1.87345
    -2.04832
    -2.20347
    -2.33738
    -2.44879
    -2.53663
    -2.60003
    -2.63839
    -2.65132
    -2.63869
    -2.60063
     -2.5375
    -2.44989
    -2.33867
    -2.20489
    -2.04985
    -1.87506
    -1.68219
    -1.47312
    -1.24986
    -1.01458
   -0.769558
   -0.517152
   -0.259808
   0.0345701
    0.068825
    0.102393
    0.134957
    0.166181
    0.195743
    0.223344
    0.248707
    0.271586
    0.291807
    0.309194
    0.323588
    0.334876
    0.342939
    0.347726
    0.349183
    0.347318
     0.34214
    0.333715
    0.322127
    0.307499
     0.28996
    0.269681
    0.246835
    0.221629
     0.19429
    0.165057
    0.134189
    0.101948
   0.0686308
   0.0345232
   -0.247291
   -0.492247
   -0.732525
    -0.96581
    -1.18986
    -1.40252
    -1.60174
    -1.78554
    -1.95214
    -2.09993
    -2.22749
    -2.33359
    -2.41723
    -2.47759
    -2.51407
    -2.52632
    -2.51422
    -2.47788
    -2.41766
    -2.33413
    -2.22809
    -2.10058
    -1.95282
    -1.78624
    -1.60246
    -1.40326
    -1.19056
   -0.966411
   -0.732994
   -0.492563
   -0.247443
   0.0323289
   0.0643852
   0.0958111
    0.126354
    0.155708
    0.183581
    0.209711
    0.233817
    0.255683
    0.275087
    0.291865
    0.305849
    0.316928
    0.324987
    0.329971
    0.331805
    0.330484
     0.32599
    0.318366
    0.307689
    0.294057
      0.2776
    0.258463
    0.236816
    0.212844
    0.186759
    0.158779
    0.129157
   0.0981393
    0.066052
   0.0331799
   -0.235374
   -0.468534
   -0.697248
   -0.919276
    -1.13248
    -1.33481
    -1.52433
    -1.69916
    -1.85763
     -1.9982
    -2.11951
    -2.22041
    -2.29993
    -2.35728
    -2.39193
    -2.40352
    -2.39194
    -2.35731
    -2.29995
    -2.22043
     -2.1195
    -1.99815
    -1.85755
    -1.69906
    -1.52422
    -1.33471
    -1.13237
   -0.919156
   -0.697132
   -0.468446
   -0.235314
   0.0301008
   0.0600987
   0.0896896
    0.118538
    0.146361
    0.172853
    0.197759
    0.220814
    0.241803
    0.260505
    0.276748
    0.290359
    0.301214
    0.309201
    0.314248
    0.316289
    0.315302
    0.311273
     0.30423
    0.294235
    0.281369
    0.265753
    0.247515
    0.226828
    0.203867
    0.178865
    0.152043
    0.123669
   0.0940025
   0.0632859
   0.0317996
   -0.223694
   -0.445254
    -0.66256
   -0.873488
    -1.07601
    -1.26818
    -1.44815
    -1.61418
    -1.76466
    -1.89814
    -2.01332
    -2.10911
    -2.18458
      -2.239
    -2.27184
    -2.28279
    -2.27173
    -2.23879
    -2.18427
     -2.1087
    -2.01281
    -1.89754
    -1.76399
    -1.61347
    -1.44742
    -1.26745
    -1.07531
    -0.87284
      -0.662
   -0.444825
   -0.223417
   0.0280449
   0.0561753
   0.0841447
    0.111525
     0.13805
    0.163382
    0.187269
    0.209452
    0.229714
    0.247831
    0.263624
    0.276908
    0.287546
     0.29543
    0.300471
    0.302617
    0.301831
    0.298111
    0.291473
    0.281974
    0.269682
    0.254713
    0.237184
    0.217279
    0.195171
    0.171121
    0.145362
    0.118175
    0.089836
   0.0604893
   0.0304017
   -0.212207
   -0.422363
   -0.628457
   -0.828482
    -1.02051
    -1.20271
    -1.37332
     -1.5307
    -1.67333
    -1.79984
      -1.909
    -1.99976
    -2.07124
    -2.12276
    -2.15381
    -2.16411
    -2.15356
    -2.12225
    -2.07049
    -1.99879
    -1.90783
     -1.7985
    -1.67186
    -1.52914
    -1.37172
    -1.20112
      -1.019
   -0.827109
   -0.627296
   -0.421486
   -0.211662
   0.0267581
   0.0535644
   0.0801909
    0.106279
     0.13157
    0.155759
    0.178596
    0.199834
    0.219253
    0.236639
    0.251808
    0.264588
    0.274834
    0.282438
    0.287308
    0.289389
    0.288643
    0.285075
    0.278701
    0.269593
    0.257829
    0.243525
    0.226814
    0.207807
    0.186676
    0.163677
    0.139036
    0.113015
   0.0858737
    0.057799
   0.0290508
   -0.200861
   -0.399783
   -0.594868
   -0.784204
    -0.96597
    -1.13841
    -1.29987
    -1.44879
    -1.58374
     -1.7034
    -1.80663
    -1.89244
       -1.96
    -2.00866
    -2.03795
    -2.04759
    -2.03751
    -2.00778
    -1.95871
    -1.89077
    -1.80462
    -1.70109
    -1.58119
    -1.44607
    -1.29705
    -1.13559
    -0.96327
   -0.781753
   -0.592805
   -0.398261
   -0.200006
   0.0258747
   0.0517159
   0.0772952
    0.102321
    0.126545
      0.1497
    0.171543
    0.191846
    0.210389
    0.226979
     0.24143
    0.253589
    0.263315
    0.270501
    0.275056
    0.276931
    0.276088
    0.272545
    0.266324
    0.257517
    0.246215
    0.232537
    0.216627
    0.198518
    0.178368
    0.156423
    0.132893
    0.108018
   0.0820396
   0.0551955
   0.0277433
   -0.189747
   -0.377665
   -0.561965
   -0.740827
   -0.912532
    -1.07541
    -1.22789
    -1.36851
     -1.4959
    -1.60885
    -1.70626
     -1.7872
    -1.85089
    -1.89672
    -1.92425
    -1.93323
    -1.92356
    -1.89536
     -1.8489
    -1.78464
     -1.7032
    -1.60537
    -1.49209
    -1.36446
    -1.22373
    -1.07128
   -0.908608
   -0.737301
    -0.55903
   -0.375538
   -0.188611
   0.0250879
   0.0500447
   0.0746323
    0.098635
    0.121813
    0.143938
    0.164782
    0.184133
    0.201786
    0.217559
     0.23128
     0.24281
    0.252018
    0.258815
    0.263124
    0.264896
    0.264109
    0.260738
    0.254804
    0.246391
    0.235577
    0.222481
    0.207228
    0.189895
    0.170633
     0.14965
    0.127145
    0.103344
   0.0784754
   0.0527844
     0.02652
    -0.17892
   -0.356104
   -0.529868
   -0.698487
   -0.860342
    -1.01386
    -1.15755
    -1.29004
    -1.41004
    -1.51641
    -1.60811
    -1.68428
    -1.74418
    -1.78722
    -1.81301
    -1.82128
    -1.81197
    -1.78521
    -1.74127
    -1.68059
    -1.60375
     -1.5115
    -1.40474
     -1.2845
    -1.15196
    -1.00841
   -0.855276
   -0.694028
   -0.526242
   -0.353536
   -0.177586
   0.0244177
   0.0485898
   0.0722669
   0.0953094
    0.117488
    0.138615
    0.158478
    0.176888
    0.193654
    0.208612
    0.221606
    0.232512
    0.241218
     0.24765
    0.251747
    0.253461
    0.252779
    0.249627
    0.244021
    0.236021
    0.225697
    0.213158
    0.198517
      0.1819
    0.163457
    0.143364
    0.121808
   0.0990027
   0.0751642
   0.0505436
   0.0253817
    -0.16834
   -0.335036
   -0.498505
   -0.657118
   -0.809353
   -0.953726
    -1.08885
    -1.21341
    -1.32622
    -1.42618
    -1.51235
    -1.58391
    -1.64017
    -1.68058
    -1.70475
    -1.71245
    -1.70362
    -1.67838
    -1.63701
     -1.5799
    -1.50763
    -1.42089
    -1.32051
    -1.20747
    -1.08289
   -0.947966
   -0.804032
   -0.652472
   -0.494769
   -0.332421
   -0.167006
    0.023511
   0.0467728
   0.0695431
   0.0916788
    0.112967
    0.133228
    0.152269
    0.169913
    0.185988
    0.200333
    0.212806
     0.22327
    0.231618
    0.237777
    0.241684
    0.243298
    0.242599
    0.239544
    0.234145
    0.226453
    0.216532
     0.20448
    0.190405
    0.174437
    0.156721
    0.137428
    0.116738
   0.0948583
   0.0719983
    0.048401
   0.0243003
    -0.15805
   -0.314532
   -0.467957
   -0.616806
   -0.759649
   -0.895109
    -1.02188
    -1.13874
    -1.24453
    -1.33826
    -1.41901
    -1.48609
    -1.53888
    -1.57684
    -1.59959
    -1.60692
    -1.59875
    -1.57519
    -1.53648
      -1.483
    -1.41527
    -1.33395
    -1.23982
     -1.1338
    -1.01691
   -0.890301
   -0.755191
   -0.612889
    -0.46478
   -0.312283
   -0.156876
   0.0225826
   0.0449273
   0.0668079
   0.0880788
    0.108542
    0.128023
    0.146344
    0.163335
     0.17884
    0.192692
    0.204758
    0.214879
    0.222949
    0.228887
    0.232627
    0.234136
    0.233388
    0.230381
    0.225129
    0.217679
    0.208092
    0.196457
    0.182881
    0.167491
    0.150431
    0.131867
    0.111975
   0.0909554
   0.0690116
   0.0463774
   0.0232789
   -0.148044
   -0.294603
   -0.438284
   -0.577675
   -0.711439
   -0.838306
   -0.957059
    -1.06652
    -1.16562
     -1.2534
      -1.329
    -1.39183
    -1.44133
    -1.47693
    -1.49832
    -1.50527
    -1.49771
    -1.47573
    -1.43953
    -1.38949
    -1.32609
    -1.24994
    -1.16179
    -1.06249
   -0.953006
   -0.834391
   -0.707798
    -0.57445
   -0.435636
     -0.2927
    -0.14702
   0.0218104
   0.0434012
   0.0645701
   0.0851428
    0.104932
    0.123757
    0.141443
    0.157827
    0.172756
    0.186076
    0.197655
    0.207356
    0.215075
    0.220733
    0.224265
     0.22564
    0.224834
    0.221851
    0.216712
    0.209463
    0.200167
    0.188914
    0.175806
    0.160968
     0.14454
    0.126678
    0.107555
   0.0873553
   0.0662752
   0.0445326
   0.0223403
   -0.138247
   -0.275135
   -0.409367
   -0.539585
   -0.664536
   -0.783119
    -0.89422
   -0.996668
    -1.08947
     -1.1717
    -1.24257
    -1.30145
     -1.3478
    -1.38113
    -1.40114
    -1.40763
    -1.40054
    -1.37994
    -1.34606
    -1.29921
    -1.23988
    -1.16862
    -1.08615
   -0.993262
   -0.890857
    -0.77993
   -0.661553
   -0.536877
   -0.407102
   -0.273498
   -0.137352
   0.0211519
   0.0421044
   0.0626756
   0.0826577
     0.10187
    0.120118
    0.137229
    0.153048
    0.167418
    0.180207
    0.191284
    0.200541
    0.207878
    0.213224
    0.216519
     0.21773
    0.216838
    0.213853
    0.208797
     0.20172
    0.192688
    0.181787
     0.16912
    0.154805
    0.138979
    0.121788
    0.103397
   0.0839771
   0.0637134
   0.0428089
   0.0214639
   -0.128863
   -0.256491
   -0.381676
   -0.503107
   -0.619599
   -0.730203
   -0.833894
   -0.929511
    -1.01614
    -1.09289
    -1.15905
    -1.21397
    -1.25712
    -1.28811
    -1.30664
    -1.31254
    -1.30577
    -1.28642
    -1.25466
    -1.21084
    -1.15538
    -1.08883
    -1.01185
    -0.92519
   -0.829688
   -0.726282
   -0.615966
   -0.499816
   -0.378945
   -0.254545
    -0.12781
   0.0206957
   0.0411367
   0.0611411
   0.0805364
   0.0991441
    0.116791
    0.133311
    0.148555
    0.162376
     0.17465
    0.185257
    0.194098
    0.201086
    0.206155
    0.209255
    0.210355
    0.209443
    0.206518
    0.201605
    0.194743
    0.185992
    0.175437
    0.163176
    0.149327
    0.134018
    0.117402
   0.0996329
   0.0809121
   0.0614231
   0.0412847
   0.0206766
   -0.119853
   -0.238636
   -0.355246
    -0.46839
   -0.576963
   -0.679965
   -0.776416
   -0.865295
   -0.945747
    -1.01698
    -1.07831
    -1.12915
    -1.16902
    -1.19754
    -1.21447
    -1.21965
    -1.21304
    -1.19474
    -1.16495
    -1.12396
     -1.0722
    -1.01017
   -0.938499
   -0.857888
   -0.769128
   -0.673096
   -0.570726
   -0.463011
   -0.350989
   -0.235743
   -0.118378
   0.0202743
   0.0402348
   0.0596939
   0.0785154
   0.0965259
    0.113577
     0.12951
    0.144189
    0.157475
    0.169254
    0.179416
    0.187872
    0.194545
    0.199377
    0.202325
    0.203359
    0.202471
    0.199649
    0.194917
    0.188296
     0.17984
    0.169634
    0.157764
    0.144353
     0.12952
    0.113425
   0.0962204
   0.0781355
   0.0593554
   0.0399129
   0.0199666
   -0.111136
   -0.221332
   -0.329579
   -0.434602
   -0.535385
   -0.630889
   -0.720188
   -0.802406
   -0.876752
   -0.942514
   -0.999066
    -1.04588
    -1.08251
    -1.10862
    -1.12398
    -1.12847
    -1.12205
    -1.10483
    -1.07699
    -1.03883
    -0.99074
   -0.933191
   -0.866755
   -0.792105
   -0.709971
   -0.621176
   -0.526587
   -0.427121
   -0.323738
   -0.217421
   -0.109188
   0.0197847
   0.0392251
   0.0581292
   0.0763898
   0.0938418
     0.11035
     0.12577
    0.139967
    0.152817
    0.164207
    0.174037
    0.182208
    0.188646
     0.19328
    0.196063
    0.196975
    0.196002
    0.193157
     0.18846
    0.181968
    0.173741
    0.163892
    0.152525
    0.139635
    0.125326
     0.10976
   0.0930733
   0.0755235
   0.0572847
   0.0384677
   0.0192447
   -0.102991
   -0.204973
   -0.304991
    -0.40193
   -0.494855
   -0.582832
   -0.665012
   -0.740605
   -0.808888
   -0.869219
    -0.92103
   -0.963851
   -0.997286
    -1.02104
    -1.03491
    -1.03878
    -1.03263
    -1.01655
   -0.990715
   -0.955403
   -0.910974
   -0.857877
   -0.796643
   -0.727893
   -0.652306
   -0.570633
   -0.483674
   -0.392268
     -0.2973
    -0.19966
   -0.100279
   0.0192483
   0.0381339
    0.056463
   0.0741585
   0.0910632
    0.107055
    0.121999
    0.135764
    0.148233
    0.159293
    0.168848
    0.176786
    0.183028
    0.187489
     0.19011
    0.190888
    0.189802
    0.186897
    0.182195
    0.175798
    0.167778
    0.158279
    0.147419
    0.135059
    0.121275
    0.106233
   0.0900479
   0.0730068
   0.0552778
   0.0370599
   0.0185415
  -0.0949167
   -0.188769
   -0.280664
   -0.369649
   -0.454864
   -0.535483
   -0.610731
   -0.679899
   -0.742329
   -0.797445
   -0.844727
   -0.883761
   -0.914189
   -0.935751
   -0.948261
   -0.951613
   -0.945793
   -0.930882
   -0.907044
   -0.874537
   -0.833694
   -0.784939
   -0.728762
   -0.665739
   -0.596501
   -0.521728
   -0.442159
   -0.358557
   -0.271733
   -0.182488
  -0.0916694
   0.0188145
   0.0372279
   0.0550445
    0.072217
   0.0885914
    0.104057
    0.118479
    0.131725
    0.143671
    0.154221
    0.163273
    0.170747
    0.176567
    0.180691
    0.183081
    0.183759
    0.182732
     0.17992
    0.175341
    0.169091
    0.161231
    0.151933
    0.141299
    0.129294
    0.116008
    0.101566
   0.0860958
   0.0698109
   0.0528777
   0.0354715
    0.017769
  -0.0867338
   -0.172444
   -0.256314
   -0.337478
   -0.415151
   -0.488604
   -0.557135
   -0.620118
    -0.67696
   -0.727137
   -0.770178
   -0.805696
   -0.833364
   -0.852938
   -0.864247
   -0.867196
   -0.861775
   -0.848066
    -0.82622
   -0.796474
   -0.759136
   -0.714596
   -0.663308
   -0.605815
     -0.5427
    -0.47458
   -0.402133
   -0.326054
   -0.247088
   -0.165943
  -0.0833904
   0.0183939
   0.0363457
   0.0536527
   0.0702938
   0.0861145
    0.101012
    0.114851
    0.127496
     0.13882
    0.148746
    0.157172
    0.164062
    0.169349
    0.173052
    0.175152
    0.175703
    0.174735
    0.172029
    0.167585
    0.161487
     0.15378
    0.144665
     0.13424
    0.122594
    0.109845
   0.0960806
   0.0814372
   0.0660456
   0.0500582
   0.0336129
   0.0168663
  -0.0787607
   -0.156551
   -0.232634
    -0.30623
   -0.376626
   -0.443184
    -0.50527
   -0.562331
   -0.613831
   -0.659293
   -0.698294
   -0.730469
   -0.755522
   -0.773226
   -0.783425
   -0.786039
   -0.781057
   -0.768563
   -0.748697
   -0.721672
   -0.687767
   -0.647339
   -0.600799
   -0.548653
   -0.491436
     -0.4297
    -0.36407
   -0.295172
   -0.223688
   -0.150244
  -0.0755405
   0.0178254
   0.0351117
   0.0516269
   0.0674485
   0.0824215
   0.0964719
    0.109471
    0.121334
    0.131957
    0.141293
    0.149275
    0.155765
    0.160703
    0.164105
    0.165951
    0.166314
    0.165213
    0.162522
    0.158251
    0.152445
    0.145158
    0.136531
    0.126663
    0.115643
    0.103583
   0.0905804
    0.076758
   0.0622454
    0.047178
    0.031686
   0.0159119
  -0.0709491
   -0.141013
   -0.209526
   -0.275819
   -0.339255
   -0.399253
    -0.45524
   -0.506702
   -0.553149
   -0.594145
   -0.629302
     -0.6583
   -0.680869
   -0.696811
   -0.705985
    -0.70833
   -0.703837
   -0.692585
   -0.674702
   -0.650381
   -0.619876
   -0.583495
   -0.541611
   -0.494649
   -0.443088
   -0.387444
   -0.328283
   -0.266176
   -0.201745
   -0.135537
  -0.0681864
   0.0170371
   0.0334346
   0.0489304
   0.0637073
   0.0776172
   0.0906231
    0.102614
    0.113562
    0.123396
    0.132099
    0.139632
    0.145742
    0.150367
    0.153505
     0.15513
    0.155335
    0.154137
    0.151518
    0.147511
    0.142122
    0.135409
    0.127444
     0.11831
    0.108081
   0.0968527
   0.0847284
   0.0718169
   0.0582535
   0.0441625
   0.0296721
   0.0149151
  -0.0634407
   -0.126086
   -0.187339
   -0.246634
   -0.303409
   -0.357133
   -0.407298
    -0.45343
   -0.495089
   -0.531877
   -0.563441
   -0.589503
   -0.609816
   -0.624205
   -0.632538
   -0.634765
   -0.630874
    -0.62093
   -0.605045
   -0.583387
   -0.556185
   -0.523698
   -0.486262
   -0.444227
   -0.398017
    -0.34811
   -0.295017
   -0.239255
   -0.181392
   -0.121904
   -0.061371
   0.0154357
   0.0303821
   0.0445955
   0.0582077
   0.0710941
   0.0831508
   0.0942786
    0.104442
    0.113572
    0.121651
    0.128633
    0.134326
    0.138671
     0.14165
    0.143239
    0.143497
    0.142439
    0.140061
     0.13639
    0.131449
    0.125285
    0.117965
    0.109561
    0.100149
   0.0898142
   0.0786376
   0.0667174
    0.054169
   0.0411039
   0.0276407
   0.0138988
  -0.0562398
     -0.1118
   -0.166153
   -0.218781
    -0.26918
   -0.316894
    -0.36147
   -0.402509
   -0.439624
    -0.47246
   -0.500703
   -0.524095
   -0.542416
   -0.555504
   -0.563239
   -0.565555
   -0.562435
   -0.553907
   -0.540063
   -0.521035
    -0.49702
   -0.468253
   -0.435029
   -0.397657
   -0.356518
   -0.312014
   -0.264597
   -0.214715
   -0.162871
     -0.1095
  -0.0551217
   0.0134601
   0.0266272
    0.039297
   0.0515528
   0.0632893
   0.0743232
   0.0845549
   0.0939247
    0.102361
    0.109833
     0.11629
    0.121611
    0.125745
    0.128656
    0.130321
    0.130753
    0.129957
    0.127929
    0.124686
    0.120267
     0.11471
    0.108086
    0.100457
   0.0919048
   0.0825105
   0.0723285
   0.0614455
   0.0499549
   0.0379543
   0.0255515
   0.0128542
  -0.0493706
  -0.0981917
    -0.14601
   -0.192356
   -0.236777
   -0.278884
   -0.318269
   -0.354596
   -0.387522
   -0.416724
   -0.441924
   -0.462876
   -0.479382
   -0.491291
   -0.498495
   -0.500911
   -0.498522
   -0.491321
   -0.479382
   -0.462807
   -0.441763
   -0.416459
   -0.387153
   -0.354119
   -0.317694
   -0.278215
   -0.236082
   -0.191685
   -0.145466
  -0.0978291
   -0.049233
   0.0115466
    0.022982
   0.0341495
   0.0450225
   0.0554946
    0.065399
   0.0746308
   0.0831203
   0.0907883
   0.0976039
    0.103512
    0.108428
    0.112305
    0.115109
    0.116813
     0.11741
    0.116896
     0.11526
    0.112512
    0.108685
    0.103811
   0.0979502
   0.0911545
   0.0834954
   0.0750415
   0.0658549
   0.0560137
   0.0455974
   0.0346955
   0.0233887
   0.0117737
  -0.0426754
  -0.0850118
   -0.126638
   -0.167104
    -0.20602
   -0.243003
    -0.27769
   -0.309761
   -0.338906
   -0.364829
   -0.387278
   -0.406025
    -0.42089
   -0.431724
   -0.438428
   -0.440911
   -0.439151
   -0.433139
   -0.422935
   -0.408616
   -0.390323
   -0.368222
   -0.342532
   -0.313488
   -0.281378
   -0.246508
   -0.209225
   -0.169899
   -0.128921
  -0.0866785
  -0.0435829
  0.00963168
   0.0193329
   0.0289904
    0.038463
   0.0476423
   0.0563837
   0.0645802
   0.0721548
   0.0790226
    0.085153
   0.0904873
   0.0949763
    0.098577
    0.101257
    0.102992
    0.103754
    0.103532
    0.102305
    0.100077
   0.0968719
   0.0927135
   0.0876449
   0.0817079
   0.0749612
   0.0674618
   0.0592816
   0.0504927
   0.0411627
   0.0313743
   0.0211812
   0.0106694
  -0.0364771
  -0.0728102
     -0.1087
   -0.143706
   -0.177497
   -0.209691
   -0.239967
   -0.268019
   -0.293568
   -0.316345
   -0.336123
   -0.352691
   -0.365889
   -0.375574
   -0.381655
   -0.384042
    -0.38271
   -0.377654
   -0.368926
   -0.356587
   -0.340761
   -0.321581
   -0.299233
   -0.273925
   -0.245902
   -0.215444
   -0.182843
   -0.148453
   -0.112609
  -0.0756728
  -0.0380038
  0.00798704
   0.0160777
   0.0241711
    0.032178
   0.0400004
   0.0475217
   0.0546473
    0.061292
   0.0673763
   0.0728466
   0.0776417
   0.0817204
   0.0850372
   0.0875646
   0.0892726
   0.0901394
   0.0901494
   0.0892901
   0.0875611
   0.0849821
   0.0815742
   0.0773691
   0.0724067
   0.0667054
   0.0603136
   0.0532395
   0.0455295
   0.0372478
   0.0284496
   0.0192302
  0.00966128
  -0.0308711
  -0.0617534
  -0.0924143
   -0.122405
   -0.151443
   -0.179172
   -0.205315
   -0.229572
   -0.251696
   -0.271439
   -0.288598
   -0.302982
   -0.314445
   -0.322859
    -0.32814
   -0.330212
   -0.329052
   -0.324659
   -0.317074
   -0.306362
   -0.292627
   -0.276006
   -0.256658
   -0.234794
   -0.210628
   -0.184404
   -0.156381
   -0.126871
  -0.0961686
   -0.064585
  -0.0324305
  0.00646619
   0.0130457
    0.019645
   0.0262337
    0.032731
   0.0390542
   0.0451256
   0.0508555
   0.0561706
   0.0609933
   0.0652579
   0.0689281
   0.0719541
   0.0743125
    0.075969
   0.0769126
   0.0771255
   0.0766071
   0.0753577
   0.0733937
   0.0707356
   0.0674028
   0.0634312
   0.0587935
   0.0535225
   0.0475541
   0.0409033
   0.0336286
   0.0257598
   0.0174398
  0.00873311
  -0.0256915
  -0.0515212
  -0.0773075
   -0.102586
   -0.127118
   -0.150574
   -0.172718
   -0.193268
    -0.21201
   -0.228726
   -0.243242
   -0.255392
   -0.265049
   -0.272106
   -0.276486
   -0.278136
   -0.277033
   -0.273189
   -0.266637
   -0.257448
   -0.245709
   -0.231556
   -0.215126
   -0.196622
   -0.176231
   -0.154156
   -0.130616
   -0.105881
  -0.0802008
  -0.0538309
  -0.0270328
  0.00517938
   0.0104509
    0.015728
   0.0210263
   0.0262769
   0.0314311
   0.0364216
   0.0411824
   0.0456476
   0.0497555
   0.0534477
   0.0566909
    0.059443
   0.0616819
   0.0633827
   0.0645327
   0.0651239
   0.0651246
   0.0645348
   0.0632873
   0.0613748
   0.0588291
    0.055657
   0.0518417
   0.0473872
   0.0422618
   0.0364672
    0.030057
   0.0230577
   0.0156183
  0.00780962
  -0.0211773
  -0.0424983
  -0.0638188
  -0.0847054
   -0.104954
   -0.124278
   -0.142476
   -0.159327
   -0.174654
   -0.188284
   -0.200073
   -0.209897
    -0.21765
   -0.223243
    -0.22661
    -0.22771
   -0.226523
   -0.223097
   -0.217468
   -0.209711
   -0.199907
   -0.188178
   -0.174646
    -0.15947
   -0.142808
   -0.124825
   -0.105707
  -0.0856578
  -0.0648843
  -0.0435666
  -0.0219123
  0.00412025
  0.00829083
   0.0124273
   0.0165879
   0.0207137
   0.0247902
   0.0287626
   0.0325939
   0.0362319
   0.0396388
   0.0427701
   0.0456004
   0.0480985
    0.050246
   0.0520266
   0.0534233
   0.0544327
   0.0549834
   0.0550663
   0.0545195
   0.0533019
   0.0514568
   0.0489645
   0.0458278
   0.0420321
   0.0375919
   0.0325065
   0.0268313
   0.0205923
   0.0139426
  0.00695535
  -0.0168855
  -0.0339097
  -0.0509614
  -0.0676419
  -0.0837848
  -0.0991516
   -0.113578
   -0.126901
   -0.138981
   -0.149688
   -0.158909
   -0.166557
   -0.172554
   -0.176826
    -0.17932
   -0.180005
   -0.178857
   -0.175957
   -0.171331
   -0.165052
   -0.157187
   -0.147839
   -0.137112
   -0.125117
   -0.111985
  -0.0978432
  -0.0828451
  -0.0671358
  -0.0508829
  -0.0341997
  -0.0172478
  0.00315587
  0.00633025
  0.00944493
   0.0125931
   0.0157315
   0.0188751
   0.0219904
   0.0250642
   0.0280683
   0.0309914
   0.0338149
   0.0364748
    0.038948
   0.0411111
   0.0429192
   0.0443995
   0.0455219
    0.046241
   0.0465214
   0.0462556
    0.045395
   0.0439617
    0.041933
   0.0393226
   0.0361245
   0.0323459
   0.0279967
   0.0231248
    0.017766
   0.0120444
  0.00603426
   -0.012919
  -0.0258918
  -0.0388205
  -0.0514332
  -0.0636031
  -0.0751668
   -0.086002
  -0.0959874
   -0.105014
   -0.112979
   -0.119792
   -0.125416
   -0.129796
   -0.132901
   -0.134699
   -0.135173
   -0.134314
   -0.132156
    -0.12872
   -0.124049
   -0.118194
    -0.11122
   -0.103203
  -0.0942261
  -0.0843884
  -0.0737844
  -0.0625297
  -0.0507263
  -0.0385009
  -0.0259265
  -0.0131231
  0.00239801
  0.00477073
  0.00704876
  0.00936202
   0.0116845
   0.0140613
   0.0164801
    0.018951
   0.0214676
   0.0240408
    0.026672
   0.0292482
    0.031743
   0.0339153
   0.0356843
    0.037123
   0.0381802
   0.0388492
    0.039084
   0.0388521
    0.038114
   0.0368804
   0.0351339
   0.0329038
   0.0301952
    0.027006
   0.0233543
   0.0192772
   0.0148146
   0.0100553
  0.00506643
 -0.00918984
  -0.0183687
  -0.0274575
   -0.036309
  -0.0448318
  -0.0529334
  -0.0605287
  -0.0675334
  -0.0738684
  -0.0794508
  -0.0842058
  -0.0881401
  -0.0912085
   -0.093411
  -0.0947299
  -0.0951524
  -0.0946773
  -0.0932933
  -0.0910141
  -0.0878552
  -0.0838502
  -0.0790313
  -0.0734513
  -0.0671691
  -0.0602559
  -0.0527768
  -0.0448156
  -0.0364364
  -0.0277307
  -0.0187374
 -0.00954211
  0.00175924
  0.00351887
  0.00523904
  0.00704185
  0.00892938
   0.0109079
   0.0129773
   0.0150576
   0.0171229
    0.019231
    0.021362
   0.0234566
   0.0254716
   0.0272533
   0.0287311
   0.0299313
   0.0308111
   0.0313617
   0.0315505
   0.0313558
   0.0307534
   0.0297542
   0.0283522
   0.0265611
   0.0243895
   0.0218239
   0.0188785
    0.015592
   0.0119973
  0.00816063
  0.00413439
 -0.00553307
  -0.0110969
  -0.0166423
  -0.0220647
  -0.0273003
  -0.0323087
  -0.0370332
   -0.041437
  -0.0454721
   -0.049093
  -0.0522535
  -0.0549418
  -0.0571248
  -0.0587867
  -0.0599081
  -0.0604679
  -0.0604567
  -0.0598573
  -0.0586705
  -0.0568879
  -0.0545223
  -0.0515938
  -0.0481335
  -0.0441873
  -0.0398043
  -0.0350122
  -0.0298676
  -0.0244054
   -0.018688
  -0.0127118
 -0.00653081
  0.00134471
  0.00271684
  0.00410708
  0.00562393
  0.00728824
  0.00905285
   0.0109146
    0.012687
    0.014315
   0.0159028
    0.017415
   0.0188631
   0.0202072
   0.0214065
   0.0224188
     0.02323
   0.0238101
   0.0241478
   0.0242223
   0.0240178
   0.0235219
   0.0227423
    0.021681
   0.0203305
   0.0186988
   0.0167572
   0.0145134
   0.0120064
  0.00926153
  0.00632381
    0.003232
  -0.0022903
 -0.00465911
 -0.00709004
 -0.00952171
  -0.0119155
  -0.0142763
  -0.0165677
  -0.0187896
  -0.0209146
  -0.0229246
  -0.0247942
  -0.0264894
  -0.0279863
  -0.0292531
  -0.0302695
  -0.0310077
  -0.0314528
  -0.0315836
  -0.0313901
   -0.030841
  -0.0299288
  -0.0286597
  -0.0270415
  -0.0251051
  -0.0228772
  -0.0203502
  -0.0175576
  -0.0145116
  -0.0112552
 -0.00775546
 -0.00404777
  0.00129389
  0.00252229
  0.00367538
  0.00487699
  0.00613581
  0.00743944
  0.00877517
    0.010034
   0.0111768
   0.0122626
    0.013273
   0.0142234
   0.0150969
   0.0158782
   0.0165481
   0.0170957
   0.0175055
   0.0177518
   0.0178191
    0.017673
    0.017296
   0.0167137
   0.0159229
   0.0149323
   0.0137467
   0.0123373
   0.0107079
  0.00888177
  0.00687601
  0.00471515
  0.00242491
 0.000642939
  0.00112362
  0.00142513
  0.00155245
  0.00150627
  0.00128612
 0.000904572
 0.000371443
-0.000295382
 -0.00107212
 -0.00193555
 -0.00285636
    -0.00381
 -0.00476789
 -0.00570776
 -0.00660653
 -0.00744772
 -0.00821605
 -0.00890016
 -0.00944516
 -0.00983463
  -0.0100401
  -0.0100509
 -0.00985258
 -0.00944336
 -0.00879273
 -0.00790339
 -0.00677232
 -0.00541297
 -0.00382188
 -0.00202049
  0.00129732
  0.00242251
  0.00335164
  0.00422003
  0.00502728
  0.00580838
  0.00655681
  0.00726182
  0.00791225
  0.00852336
  0.00909191
  0.00963036
    0.010137
   0.0106112
   0.0110502
   0.0114428
   0.0117839
   0.0120288
    0.012162
   0.0121258
   0.0118942
   0.0115104
   0.0109669
   0.0102918
  0.00949013
  0.00853645
  0.00743331
  0.00619006
    0.004818
   0.0033242
  0.00172495
  0.00309214
  0.00594215
  0.00850508
   0.0107394
   0.0126161
   0.0141443
   0.0153162
    0.016153
   0.0166635
   0.0168777
   0.0168176
   0.0165102
   0.0159834
   0.0152658
   0.0143856
   0.0133651
    0.012226
   0.0109802
  0.00963974
   0.0082778
  0.00691229
   0.0055955
  0.00434409
   0.0032026
  0.00218599
  0.00133182
 0.000655678
 0.000167467
-0.000119881
-0.000227801
-0.000154686
 0.000943334
  0.00173807
   0.0023497
  0.00288326
  0.00334123
  0.00375722
   0.0041381
  0.00448599
  0.00480444
  0.00510481
  0.00539132
  0.00567006
  0.00594243
   0.0061993
  0.00643468
  0.00665456
  0.00685147
  0.00701903
  0.00714834
  0.00719397
  0.00714113
  0.00700719
  0.00679115
  0.00649248
  0.00611387
  0.00561657
   0.0049924
  0.00423876
  0.00334933
  0.00233758
  0.00120371
   0.0051015
  0.00984531
   0.0141553
   0.0180304
   0.0214306
   0.0243603
   0.0268015
   0.0287623
   0.0302394
   0.0312597
   0.0318343
   0.0320057
   0.0317974
   0.0312494
   0.0303909
   0.0292656
    0.027905
   0.0263413
   0.0246025
   0.0227449
   0.0207983
   0.0188019
    0.016782
   0.0147734
   0.0127977
   0.0108468
  0.00893618
  0.00705944
  0.00522895
  0.00344069
  0.00170373
 0.000436234
 0.000784194
  0.00100973
  0.00118949
  0.00132632
  0.00144457
  0.00155498
  0.00166019
  0.00176935
  0.00188434
  0.00201102
  0.00214339
  0.00228012
  0.00239826
  0.00248553
  0.00256593
  0.00263234
  0.00272365
  0.00284382
   0.0029656
  0.00308843
  0.00320223
  0.00330951
  0.00337587
  0.00339665
  0.00331554
   0.0031106
  0.00276622
  0.00225903
  0.00161243
 0.000815358
  0.00663533
   0.0128142
   0.0184363
   0.0235495
   0.0281114
   0.0321314
   0.0355889
   0.0384855
   0.0408089
   0.0425841
   0.0438092
   0.0445365
   0.0447782
   0.0445762
   0.0439506
   0.0429547
   0.0416183
    0.039982
   0.0380788
   0.0359389
   0.0335969
   0.0310753
   0.0284094
   0.0256275
   0.0227645
    0.019779
   0.0166963
   0.0135032
   0.0102175
  0.00685498
  0.00343037
 2.95341e-05
 8.50366e-06
-9.10285e-05
-0.000216864
-0.000370474
-0.000522809
-0.000666399
-0.000798751
-0.000913957
-0.000999805
 -0.00104981
 -0.00105913
  -0.0010229
-0.000958382
-0.000865592
-0.000735295
-0.000562541
-0.000339605
-5.98825e-05
 0.000251788
 0.000590981
 0.000949519
  0.00131981
  0.00165578
  0.00193698
  0.00211096
  0.00214307
  0.00201366
  0.00168863
  0.00121386
 0.000577915
  0.00770951
   0.0148728
   0.0213627
   0.0272971
   0.0326294
   0.0374115
   0.0416288
   0.0452856
   0.0483736
   0.0509034
   0.0528732
   0.0543108
   0.0552247
   0.0556258
   0.0555271
    0.054965
   0.0539631
   0.0525475
   0.0507459
   0.0485472
   0.0459779
   0.0430469
   0.0397841
   0.0362158
   0.0323757
   0.0282739
   0.0239442
   0.0194116
   0.0147074
  0.00987688
  0.00495276
-0.000306319
-0.000630311
-0.000995338
 -0.00137428
 -0.00177313
 -0.00215736
 -0.00252222
 -0.00286419
 -0.00317867
 -0.00343947
 -0.00363544
 -0.00374602
 -0.00375611
 -0.00367451
   -0.003489
  -0.0032096
 -0.00282605
 -0.00237244
 -0.00184873
 -0.00128514
-0.000695498
-8.82742e-05
 0.000517584
   0.0010653
   0.0015204
  0.00183785
  0.00197443
  0.00191145
  0.00160946
  0.00114222
 0.000502629
  0.00846632
   0.0163413
   0.0234861
   0.0300881
   0.0360908
   0.0415778
   0.0465294
   0.0509413
   0.0547996
   0.0580922
   0.0608109
   0.0629544
   0.0645238
   0.0654978
   0.0658808
    0.065692
   0.0649508
   0.0636732
   0.0618883
   0.0595542
   0.0566996
   0.0533284
   0.0494733
   0.0451644
   0.0404367
   0.0353501
   0.0299441
   0.0242769
   0.0183885
   0.0123462
  0.00619439
-0.000697322
 -0.00135701
 -0.00199002
 -0.00258838
 -0.00315123
 -0.00365948
 -0.00410291
 -0.00447902
  -0.0047752
 -0.00497791
 -0.00507002
 -0.00505336
 -0.00491418
 -0.00466997
 -0.00431726
 -0.00386926
 -0.00333012
 -0.00272846
 -0.00207923
 -0.00140983
-0.000746241
-9.64775e-05
 0.000510059
  0.00104062
  0.00145944
  0.00173051
  0.00181664
  0.00171754
  0.00141059
 0.000974799
  0.00042329
   0.0086338
   0.0168303
   0.0244737
   0.0316838
   0.0384023
   0.0446633
   0.0504321
   0.0556761
   0.0603641
    0.064458
    0.067932
   0.0707697
   0.0729569
   0.0744554
   0.0752569
   0.0753519
    0.074745
    0.073445
   0.0714702
   0.0688119
   0.0654969
   0.0615578
   0.0570345
   0.0519926
   0.0464853
   0.0405792
   0.0343334
   0.0278092
   0.0210661
   0.0141554
  0.00713374
  -0.0010444
 -0.00199381
 -0.00284099
 -0.00359239
 -0.00423704
 -0.00477037
 -0.00517665
 -0.00545591
 -0.00559065
 -0.00558594
  -0.0054258
 -0.00514338
 -0.00473474
 -0.00423353
 -0.00365093
 -0.00300602
 -0.00231845
 -0.00160897
-0.000905234
-0.000228649
 0.000386552
 0.000938004
  0.00139249
  0.00174976
  0.00198071
  0.00206515
  0.00197785
  0.00174117
  0.00135093
 0.000888578
 0.000382042
  0.00871939
   0.0171407
   0.0251646
   0.0328426
   0.0401153
   0.0469711
   0.0533647
   0.0592398
    0.064553
   0.0692459
   0.0732806
   0.0766316
   0.0792756
   0.0811645
   0.0822837
   0.0826015
   0.0821122
   0.0808194
     0.07873
   0.0758638
   0.0722408
   0.0679137
   0.0629213
   0.0573548
   0.0512775
   0.0447564
   0.0378658
   0.0306686
   0.0232439
    0.015631
   0.0079035
   -0.001065
 -0.00199326
 -0.00275018
 -0.00338348
 -0.00387644
 -0.00424353
  -0.0044744
 -0.00457638
 -0.00454521
 -0.00438261
 -0.00408916
  -0.0036848
 -0.00317912
 -0.00261141
 -0.00200584
 -0.00138085
-0.000765369
-0.000153398
 0.000430293
 0.000965949
  0.00142733
  0.00180746
   0.0020842
  0.00226356
  0.00233128
  0.00227686
  0.00209146
  0.00178641
  0.00136605
 0.000892205
 0.000389116
  0.00886366
   0.0174898
   0.0257816
   0.0337681
   0.0413852
   0.0486102
   0.0553911
   0.0616523
    0.067342
   0.0723888
   0.0767442
   0.0803745
   0.0832458
   0.0853203
   0.0865778
    0.086998
   0.0865747
   0.0853151
   0.0832289
   0.0803322
    0.076649
   0.0722176
   0.0670785
   0.0612994
   0.0549414
   0.0480686
   0.0407554
   0.0330702
   0.0250958
   0.0168875
  0.00852758
-0.000823462
 -0.00147804
  -0.0019081
 -0.00220976
 -0.00236667
 -0.00241765
 -0.00236213
 -0.00221774
 -0.00199488
 -0.00169042
 -0.00131859
-0.000880383
 -0.00039334
  0.00010369
 0.000579881
  0.00102415
  0.00140543
   0.0017639
   0.0020844
  0.00235395
  0.00255837
  0.00268797
  0.00273233
  0.00270192
  0.00259499
  0.00240705
  0.00214081
  0.00178989
  0.00136094
 0.000890832
 0.000397445
  0.00876175
   0.0173463
   0.0256631
   0.0337203
   0.0414511
   0.0488231
   0.0557806
    0.062233
   0.0681234
   0.0733713
   0.0779211
   0.0817318
   0.0847604
   0.0869782
   0.0883576
   0.0888878
   0.0885594
   0.0873806
   0.0853621
   0.0825151
   0.0788675
   0.0744434
   0.0692865
   0.0634422
   0.0569705
   0.0499326
   0.0424026
   0.0344529
   0.0261681
   0.0176165
  0.00888537
-0.000175188
 -0.00028534
-0.000283908
-0.000215679
-7.08173e-05
  0.00014284
  0.00042394
 0.000747339
  0.00109906
  0.00147866
  0.00186914
  0.00228082
  0.00269872
  0.00309364
  0.00344267
  0.00373272
  0.00394234
  0.00409716
  0.00418708
  0.00421106
  0.00416066
  0.00403664
  0.00383438
  0.00356712
  0.00323681
  0.00285037
  0.00241363
  0.00193401
  0.00142229
 0.000909183
 0.000414931
  0.00836233
   0.0166315
   0.0247319
   0.0326235
   0.0402363
   0.0475187
   0.0544073
   0.0608205
   0.0666976
   0.0719662
    0.076571
   0.0804655
   0.0836069
   0.0859587
   0.0874924
   0.0881865
   0.0880288
   0.0870163
   0.0851549
   0.0824519
   0.0789306
   0.0746142
   0.0695429
   0.0637615
   0.0573273
   0.0503008
   0.0427551
   0.0347646
    0.026415
   0.0177835
  0.00896164
 0.000633445
  0.00120271
   0.0017343
  0.00223506
  0.00271167
  0.00319419
  0.00368579
  0.00415958
  0.00460328
  0.00501708
  0.00538533
  0.00573299
  0.00605106
  0.00632279
  0.00653488
  0.00667176
  0.00671963
  0.00668496
  0.00655899
  0.00634996
  0.00605296
  0.00567787
  0.00522444
   0.0047076
  0.00413233
  0.00351765
  0.00287407
  0.00222618
  0.00159174
 0.000997756
 0.000467321
  0.00773703
   0.0154626
    0.023118
   0.0306174
   0.0378905
   0.0448678
   0.0514808
   0.0576576
   0.0633354
   0.0684508
   0.0729507
   0.0767856
   0.0799149
   0.0822978
    0.083907
   0.0847136
   0.0847044
   0.0838674
   0.0822048
   0.0797203
   0.0764323
   0.0723616
   0.0675433
   0.0620186
   0.0558395
   0.0490607
   0.0417503
   0.0339815
   0.0258375
   0.0174001
  0.00876234
  0.00140851
  0.00266173
   0.0037653
   0.0047476
  0.00561023
  0.00639398
  0.00710111
  0.00772567
  0.00825948
  0.00870671
  0.00905668
  0.00932927
  0.00951737
  0.00961808
  0.00962148
  0.00952449
  0.00931753
  0.00901051
  0.00859896
  0.00809679
  0.00750531
  0.00684262
  0.00611685
  0.00535318
  0.00456782
  0.00378442
  0.00302552
  0.00230107
  0.00163447
   0.0010291
 0.000503302
  0.00688644
   0.0138365
    0.020809
   0.0276842
   0.0343967
   0.0408616
   0.0470115
   0.0527732
   0.0580853
   0.0628868
   0.0671263
   0.0707577
   0.0737426
   0.0760437
   0.0776357
   0.0784895
   0.0785927
   0.0779314
   0.0765064
   0.0743156
   0.0713727
   0.0676921
   0.0633023
   0.0582441
   0.0525622
   0.0462818
    0.039457
    0.032174
   0.0245081
   0.0165216
  0.00829706
  0.00214875
    0.004062
  0.00572447
  0.00718318
  0.00843132
  0.00951664
   0.0104382
   0.0112105
   0.0118292
   0.0123017
   0.0126216
    0.012802
   0.0128367
   0.0127363
   0.0124951
   0.0121245
   0.0116215
    0.011003
   0.0102713
  0.00944838
  0.00854355
  0.00758484
  0.00659035
  0.00559676
  0.00463184
  0.00372255
  0.00290105
  0.00215832
  0.00151938
 0.000960107
 0.000491702
  0.00581776
   0.0117674
    0.017823
    0.023833
   0.0297391
   0.0354455
   0.0408897
   0.0460018
   0.0507257
   0.0550062
   0.0587973
   0.0620586
   0.0647564
   0.0668582
   0.0683424
   0.0691813
   0.0693648
   0.0688802
   0.0677287
   0.0659027
   0.0634126
   0.0602666
   0.0564846
   0.0521021
   0.0471528
   0.0416302
   0.0355711
     0.02907
   0.0221907
    0.014976
  0.00749576
  0.00287439
  0.00539298
   0.0075041
  0.00932882
   0.0108518
   0.0121341
   0.0131735
   0.0139961
   0.0146006
   0.0150023
   0.0151998
   0.0152126
   0.0150419
   0.0147071
   0.0142128
   0.0135771
   0.0128093
   0.0119309
   0.0109575
    0.009914
    0.008823
  0.00771136
  0.00660829
  0.00553025
  0.00450749
  0.00356279
  0.00272546
  0.00199416
  0.00138974
 0.000878686
 0.000464733
  0.00462285
  0.00940386
   0.0143285
    0.019237
   0.0240805
   0.0287686
   0.0332497
   0.0374642
   0.0413675
   0.0449111
   0.0480593
   0.0507805
   0.0530502
   0.0548336
   0.0561142
   0.0568608
   0.0570651
   0.0567366
   0.0558814
   0.0544747
   0.0525236
   0.0500586
   0.0470984
   0.0436138
   0.0396156
   0.0351078
   0.0301055
   0.0246715
   0.0188398
   0.0127001
  0.00630915
  0.00350322
  0.00653139
  0.00899418
   0.0110884
   0.0127915
   0.0141794
   0.0152496
   0.0160406
   0.0165555
   0.0168188
   0.0168362
   0.0166361
   0.0162289
   0.0156441
   0.0148975
   0.0140144
   0.0130157
   0.0119279
    0.010778
  0.00959289
  0.00840538
  0.00723736
  0.00612455
  0.00505748
  0.00406414
  0.00315985
  0.00236953
  0.00170061
  0.00117146
 0.000741989
 0.000411157
  0.00324009
  0.00665009
   0.0102214
   0.0137896
   0.0173196
   0.0207322
   0.0239913
   0.0270522
   0.0298859
   0.0324542
   0.0347348
   0.0367077
     0.03836
   0.0396586
   0.0405943
    0.041135
    0.041275
   0.0410454
   0.0404578
   0.0394722
   0.0380946
   0.0363791
   0.0343483
   0.0319182
   0.0290843
    0.025865
    0.022256
   0.0182874
   0.0139568
  0.00938578
  0.00460154
  0.00313764
  0.00597935
  0.00844376
   0.0105923
   0.0124015
      0.0139
   0.0150856
   0.0159794
   0.0165881
   0.0169307
    0.017019
    0.016877
   0.0165212
   0.0159785
   0.0152698
   0.0144208
   0.0134559
   0.0124015
   0.0112847
   0.0101318
  0.00897103
  0.00782424
  0.00671811
   0.0056551
  0.00465482
  0.00372946
  0.00289431
  0.00215554
  0.00152089
 0.000969156
 0.000494131
   0.0018735
  0.00381041
   0.0057986
  0.00776695
  0.00969705
   0.0115483
   0.0133024
   0.0149366
   0.0164362
   0.0177822
   0.0189633
   0.0199698
   0.0207954
   0.0214254
   0.0218563
   0.0220732
   0.0220743
   0.0218748
   0.0214816
   0.0208785
   0.0200709
   0.0190865
   0.0179395
   0.0165973
   0.0150627
   0.0133461
   0.0114493
  0.00938712
  0.00715959
  0.00481561
  0.00236381
-1.95399e-05
-3.74863e-05
-5.24701e-05
-6.43143e-05
-7.28813e-05
-7.88627e-05
-8.25298e-05
-8.43884e-05
-8.46163e-05
-8.34826e-05
-8.11112e-05
-7.77062e-05
-7.33781e-05
-6.83151e-05
-6.26333e-05
-5.65049e-05
-5.00593e-05
-4.34559e-05
-3.68454e-05
 -3.0373e-05
-2.41941e-05
-1.84044e-05
-1.31275e-05
-8.42292e-06
-4.43318e-06
-1.21692e-06
 1.05715e-06
 2.39774e-06
 2.75315e-06
 2.33394e-06
 1.31092e-06
 2.13328e-05
 4.26656e-05
 3.89723e-05
 3.52791e-05
 3.33694e-05
 3.14597e-05
 3.03175e-05
 2.91753e-05
 2.75924e-05
 2.60095e-05
 2.40712e-05
 2.21329e-05
 1.79211e-05
 1.37092e-05
 9.53066e-06
 5.35214e-06
 2.93818e-06
 5.24221e-07
-5.13745e-06
-1.07991e-05
-1.42386e-05
-1.76781e-05
-2.85635e-05
-3.94489e-05
-4.41735e-05
-4.88981e-05
-4.91125e-05
 -4.9327e-05
 -3.3054e-05
-1.67811e-05
-8.39053e-06
