   0.0980198
     0.19509
     0.29028
    0.382679
    0.471399
    0.555569
    0.634389
    0.707109
    0.773009
    0.831469
    0.881919
    0.923879
    0.956939
    0.980789
    0.995179
    0.999999
    0.995179
    0.980789
    0.956939
    0.923879
    0.881919
    0.831469
    0.773009
    0.707109
    0.634389
    0.555569
      0.4714
     0.38268
     0.29028
     0.19509
   0.0980201
   -0.772187
    -1.53686
    -2.28666
    -3.01437
      -3.713
    -4.37581
    -4.99643
    -5.56889
    -6.08769
    -6.54782
    -6.94488
    -7.27503
    -7.53512
    -7.72263
    -7.83577
    -7.87345
    -7.83531
    -7.72173
     -7.5338
    -7.27334
    -6.94285
    -6.54553
    -6.08519
    -5.56628
    -4.99378
    -4.37323
    -3.71059
    -3.01224
    -2.28489
    -1.53556
   -0.771482
   0.0956108
      0.1903
    0.283156
    0.373283
    0.459816
     0.54192
    0.618804
    0.689729
     0.75401
    0.811029
    0.860238
    0.901162
    0.933407
    0.956663
    0.970705
    0.975399
    0.970701
    0.956654
    0.933393
    0.901144
    0.860216
    0.811004
    0.753982
      0.6897
    0.618776
    0.541892
    0.459789
     0.37326
    0.283136
    0.190285
    0.095603
   -0.750105
    -1.49292
     -2.2213
    -2.92823
     -3.6069
     -4.2508
    -4.85373
    -5.40988
     -5.9139
    -6.36095
    -6.74672
     -7.0675
    -7.32022
    -7.50244
    -7.61241
    -7.64907
    -7.61208
     -7.5018
    -7.31928
    -7.06629
    -6.74526
    -6.35929
     -5.9121
    -5.40799
     -4.8518
    -4.24891
    -3.60513
    -2.92664
    -2.21997
    -1.49195
   -0.749577
    0.093231
    0.185562
    0.276105
    0.363987
    0.448362
    0.528418
    0.603384
    0.672538
    0.735214
    0.790809
    0.838788
    0.878688
    0.910126
    0.932799
    0.946489
    0.951063
    0.946479
    0.932779
    0.910097
    0.878651
    0.838743
    0.790757
    0.735158
    0.672479
    0.603324
    0.528359
    0.448306
    0.363937
    0.276063
    0.185532
   0.0932145
   -0.728316
    -1.44957
    -2.15681
    -2.84325
    -3.50226
    -4.12752
      -4.713
    -5.25307
    -5.74254
    -6.17669
    -6.55135
    -6.86291
    -7.10838
    -7.28539
    -7.39224
    -7.42791
    -7.39205
    -7.28502
    -7.10784
    -6.86221
    -6.55052
    -6.17575
    -5.74152
    -5.25199
    -4.71188
    -4.12641
    -3.50121
     -2.8423
    -2.15602
    -1.44898
   -0.727997
   0.0908764
    0.180875
     0.26913
    0.354791
    0.437032
    0.515064
    0.588133
    0.655537
    0.716627
    0.770814
    0.817577
    0.856466
    0.887106
    0.909204
    0.922545
    0.927002
    0.922532
    0.909179
     0.88707
     0.85642
    0.817524
    0.770756
    0.716566
    0.655477
    0.588077
    0.515013
    0.436987
    0.354752
    0.269098
     0.18085
   0.0908598
   -0.706842
    -1.40684
    -2.09327
    -2.75951
    -3.39916
    -4.00606
    -4.57436
    -5.09861
    -5.57374
    -5.99519
    -6.35891
    -6.66139
    -6.89972
    -7.07161
     -7.1754
    -7.21009
    -7.17536
    -7.07153
     -6.8996
    -6.66123
    -6.35872
    -5.99498
     -5.5735
    -5.09835
     -4.5741
    -4.00579
     -3.3989
    -2.75928
    -2.09307
     -1.4067
   -0.706759
   0.0885479
     0.17624
    0.262232
    0.345697
     0.42583
    0.501859
    0.573054
    0.638729
    0.698251
    0.751047
     0.79661
    0.834501
    0.864355
    0.885885
    0.898884
    0.903228
    0.898874
    0.885865
    0.864326
    0.834467
    0.796574
    0.751011
    0.698217
    0.638701
    0.573037
     0.50185
    0.425828
    0.345698
    0.262233
    0.176237
   0.0885389
   -0.685695
    -1.36477
     -2.0307
    -2.67707
    -3.29765
    -3.88647
    -4.43787
    -4.94653
    -5.40756
    -5.81652
    -6.16947
    -6.46301
    -6.69432
    -6.86117
    -6.96195
     -6.9957
    -6.96208
    -6.86141
    -6.69467
    -6.46346
       -6.17
    -5.81712
    -5.40821
    -4.94722
    -4.43856
    -3.88715
    -3.29829
    -2.67763
    -2.03117
    -1.36511
   -0.685876
   0.0862464
    0.171659
    0.255415
    0.336709
    0.414758
    0.488811
    0.558155
    0.622122
    0.680096
    0.731521
      0.7759
    0.812807
    0.841888
    0.862862
     0.87553
    0.879767
    0.875535
    0.862873
    0.841902
    0.812825
    0.775922
    0.731546
    0.680124
    0.622153
    0.558187
    0.488843
    0.414786
    0.336729
    0.255425
    0.171659
   0.0862399
   -0.664904
    -1.32341
    -1.96918
      -2.596
    -3.19783
    -3.76888
    -4.30364
    -4.79698
    -5.24413
     -5.6408
    -5.98316
    -6.26792
    -6.49233
    -6.65422
    -6.75204
    -6.78486
    -6.75234
    -6.65481
    -6.49319
    -6.26903
    -5.98449
    -5.64232
    -5.24578
    -4.79871
     -4.3054
    -3.77059
    -3.19944
    -2.59743
    -1.97036
    -1.32426
   -0.665363
   0.0839724
    0.167133
    0.248681
    0.327832
    0.403823
    0.475925
    0.543441
    0.605724
    0.662173
    0.712246
    0.755461
    0.791403
    0.819725
    0.840157
    0.852502
    0.856642
    0.852536
     0.84022
    0.819813
    0.791509
    0.755582
    0.712375
    0.662303
    0.605848
    0.543554
    0.476019
    0.403895
    0.327879
    0.248704
    0.167137
    0.083969
    -0.64447
    -1.28276
    -1.90872
    -2.51633
    -3.09973
    -3.65332
    -4.17175
    -4.65004
    -5.08357
    -5.46817
    -5.80014
    -6.07628
    -6.29393
    -6.45097
    -6.54591
    -6.57783
    -6.54642
    -6.45197
    -6.29539
    -6.07818
    -5.80241
    -5.47074
    -5.08636
    -4.65296
    -4.17471
     -3.6562
    -3.10243
    -2.51872
    -1.91068
    -1.28418
   -0.645232
   0.0817265
    0.162663
    0.242032
    0.319068
    0.393031
     0.46321
    0.528927
    0.589553
    0.644503
    0.693249
    0.735322
    0.770316
    0.797895
    0.817792
    0.829814
    0.833849
    0.829855
    0.817869
    0.798004
    0.770451
    0.735475
     0.69341
    0.644662
    0.589699
    0.529051
    0.463304
    0.393093
    0.319097
    0.242035
    0.162652
   0.0817195
   -0.624407
    -1.24285
    -1.84936
    -2.43812
    -3.00343
    -3.53988
    -4.04228
    -4.50579
    -4.92596
    -5.29873
    -5.62051
    -5.88821
    -6.09924
    -6.25157
    -6.34371
    -6.37478
    -6.34447
    -6.25307
    -6.10144
    -5.89103
    -5.62386
    -5.30251
    -4.93004
    -4.51005
    -4.04656
    -3.54403
     -3.0073
    -2.44153
    -1.85216
    -1.24487
    -0.62549
   0.0795119
    0.158257
    0.235477
     0.31043
    0.382396
    0.450682
    0.514632
    0.573629
    0.627106
    0.674549
    0.715501
    0.749565
    0.776412
     0.79578
    0.807482
    0.811407
    0.807517
    0.795846
    0.776507
    0.749684
    0.715636
    0.674689
    0.627239
    0.573742
    0.514715
     0.45073
    0.382407
    0.310408
    0.235433
    0.158212
   0.0794928
   -0.604734
    -1.20371
    -1.79116
    -2.36143
    -2.90903
    -3.42868
    -3.91537
    -4.36443
     -4.7715
    -5.13269
     -5.4445
    -5.70394
    -5.90851
    -6.05621
    -6.14561
    -6.17585
    -6.14662
    -6.05819
     -5.9114
    -5.70766
    -5.44892
    -5.13766
    -4.77686
       -4.37
    -3.92097
    -3.43411
    -2.91407
    -2.36588
     -1.7948
    -1.20633
   -0.606138
   0.0773349
    0.153925
    0.229034
    0.301939
     0.37194
    0.438362
    0.500566
    0.557953
    0.609971
    0.656118
    0.695948
    0.729079
    0.755189
    0.774024
    0.785402
    0.789213
    0.785418
    0.774055
    0.755232
    0.729128
    0.695996
    0.656154
    0.609989
    0.557945
    0.500527
     0.43829
     0.37184
    0.301822
    0.228916
    0.153832
   0.0772951
    -0.58545
    -1.16535
    -1.73413
     -2.2863
    -2.81654
    -3.31975
    -3.79108
    -4.22599
    -4.62029
    -4.97016
    -5.27223
    -5.52359
    -5.72182
    -5.86498
    -5.95169
    -5.98109
    -5.95291
    -5.86738
    -5.72533
     -5.5281
     -5.2776
    -4.97622
    -4.62684
    -4.23283
    -3.79797
    -3.32643
    -2.82275
    -2.29178
    -1.73861
    -1.16858
   -0.587178
   0.0751984
    0.149673
    0.222708
    0.293601
    0.361669
    0.426256
    0.486739
    0.542536
    0.593109
    0.637972
    0.676688
    0.708888
    0.734259
    0.752557
    0.763604
    0.767293
    0.763586
     0.75252
    0.734199
    0.708801
    0.676571
    0.637819
    0.592923
    0.542316
    0.486489
    0.425983
    0.361388
     0.29333
    0.222473
    0.149502
   0.0751232
   -0.566596
    -1.12785
    -1.67837
    -2.21283
    -2.72611
    -3.21324
    -3.66954
    -4.09062
    -4.47239
    -4.81118
    -5.10372
    -5.34717
    -5.53917
    -5.67788
    -5.76193
    -5.79051
    -5.76332
    -5.68063
    -5.54321
    -5.35236
    -5.10991
    -4.81818
    -4.47999
    -4.09855
    -3.67754
      -3.221
    -2.73333
    -2.21921
    -1.68358
    -1.13161
   -0.568608
   0.0730869
    0.145469
    0.216449
    0.285348
    0.351501
    0.414267
    0.473039
    0.527256
    0.576396
    0.619985
    0.657601
    0.688884
     0.71353
    0.731302
    0.742028
    0.745602
    0.741991
    0.731228
    0.713418
    0.688731
    0.657407
    0.619749
    0.576122
    0.526947
    0.472703
    0.413915
    0.351155
    0.285029
    0.216181
    0.145276
   0.0729973
   -0.548172
    -1.09121
    -1.62389
    -2.14106
    -2.63776
    -3.10918
    -3.55078
    -3.95831
    -4.32782
    -4.65576
    -4.93894
    -5.17463
    -5.36055
    -5.49489
    -5.57634
     -5.6041
     -5.5779
    -5.49796
    -5.36504
    -5.18041
    -4.94584
    -4.66356
    -4.33627
    -3.96713
    -3.55967
    -3.11781
    -2.64579
    -2.14816
     -1.6297
    -1.09541
   -0.550423
   0.0710026
    0.141317
    0.210267
    0.277192
    0.341449
    0.402409
    0.459484
    0.512135
    0.559853
    0.602179
    0.638705
    0.669079
    0.693008
     0.71026
     0.72067
    0.724135
    0.720623
    0.710167
    0.692869
    0.668895
    0.638477
    0.601909
    0.559545
    0.511795
    0.459123
    0.402036
    0.341089
    0.276871
    0.210003
    0.141129
   0.0709115
   -0.530178
    -1.05542
    -1.57066
    -2.07094
    -2.55143
    -3.00749
    -3.43472
    -3.82901
    -4.18653
    -4.50385
    -4.77787
    -5.00597
    -5.18592
    -5.31597
    -5.39486
    -5.42181
    -5.39654
    -5.31929
    -5.19078
    -5.01222
    -4.78534
    -4.51228
    -4.19568
    -3.83856
    -3.44436
    -3.01685
    -2.56015
    -2.07866
    -1.57699
    -1.05999
   -0.532632
   0.0689053
    0.137148
     0.20407
    0.269029
    0.331399
    0.390574
    0.445984
      0.4971
     0.54343
    0.584526
    0.619995
    0.649492
    0.672735
    0.689497
    0.699618
    0.702999
    0.699608
    0.689477
    0.672703
    0.649448
    0.619937
    0.584454
    0.543342
    0.496997
    0.445867
    0.390445
    0.331268
     0.26891
    0.203975
    0.137081
   0.0688723
   -0.512622
    -1.02049
    -1.51871
    -2.00247
    -2.46711
    -2.90814
    -3.32132
    -3.70264
    -4.04843
    -4.35534
    -4.62041
    -4.84106
    -5.01516
    -5.14101
    -5.21738
    -5.24352
    -5.21917
    -5.14454
    -5.02032
    -4.84771
    -4.62834
    -4.36431
    -4.05815
     -3.7128
    -3.33157
    -2.91812
    -2.47642
    -2.01072
    -1.52548
    -1.02538
    -0.51524
     0.06681
    0.132984
    0.197885
    0.260887
    0.321382
    0.378788
    0.432552
    0.482154
    0.527119
     0.56701
    0.601446
    0.630092
    0.652673
    0.668968
    0.678823
     0.68214
    0.678887
    0.669094
    0.652856
    0.630327
    0.601724
    0.567322
    0.527451
    0.482494
    0.432884
    0.379099
    0.321658
    0.261124
    0.198081
    0.133125
   0.0668792
   -0.495471
   -0.986358
    -1.46793
    -1.93554
    -2.38468
    -2.81102
    -3.21044
    -3.57908
    -3.91338
    -4.21011
     -4.4664
    -4.67977
    -4.84814
    -4.96987
    -5.04378
    -5.06914
    -5.04568
    -4.97361
     -4.8536
     -4.6868
    -4.47479
    -4.21959
    -3.92366
    -3.58982
    -3.22128
    -2.82157
    -2.39454
    -1.94427
    -1.47509
   -0.991522
   -0.498221
   0.0647341
    0.128864
    0.191773
    0.252851
     0.31151
    0.367183
    0.419334
    0.467458
    0.511091
    0.549811
    0.583245
    0.611067
    0.633011
    0.648861
    0.658465
    0.661726
    0.658612
    0.649149
    0.633429
    0.611598
    0.583867
    0.550506
    0.511834
    0.468225
    0.420099
    0.367913
    0.312171
    0.253423
    0.192236
    0.129194
   0.0649064
   -0.478706
    -0.95299
    -1.41828
    -1.87009
    -2.30406
    -2.71601
    -3.10196
    -3.45818
    -3.78123
    -4.06799
    -4.31569
    -4.52192
    -4.68468
    -4.80239
    -4.87389
    -4.89848
     -4.8759
    -4.80634
    -4.69047
    -4.52937
    -4.32458
    -4.07804
    -3.79212
    -3.46954
    -3.11342
    -2.72716
    -2.31445
    -1.87927
    -1.42579
    -0.95838
   -0.481551
   0.0626726
    0.124775
    0.185714
    0.244893
    0.301744
    0.355712
    0.406281
    0.452955
    0.495288
    0.532865
    0.565325
     0.59235
    0.613679
    0.629101
    0.638467
     0.64168
    0.638708
    0.629573
     0.61436
    0.593212
    0.566333
    0.533987
    0.496487
    0.454196
    0.407521
    0.356903
    0.302828
    0.245833
    0.186471
    0.125316
     0.06296
   -0.462306
   -0.920342
    -1.36969
    -1.80603
    -2.22514
    -2.62299
    -2.99574
    -3.33978
    -3.65181
     -3.9288
    -4.16808
    -4.36732
    -4.52459
    -4.63836
    -4.70751
    -4.73135
    -4.70962
    -4.64253
    -4.53069
    -4.37515
    -4.17741
    -3.93932
    -3.66318
    -3.35162
    -3.00765
    -2.63454
    -2.23587
    -1.81547
    -1.37738
   -0.925824
    -0.46517
   0.0606731
    0.120805
    0.179823
    0.237149
    0.292232
    0.344534
    0.393552
    0.438806
    0.479859
    0.516307
      0.5478
    0.574024
    0.594726
    0.609698
    0.618794
    0.621923
    0.619053
    0.610208
    0.595468
    0.574976
    0.548926
    0.517577
    0.481231
    0.440239
    0.394998
    0.345937
     0.29353
    0.238292
    0.180757
    0.121481
   0.0610361
   -0.446248
   -0.888366
    -1.32209
    -1.74325
    -2.14778
    -2.53179
    -2.89158
    -3.22368
    -3.52488
    -3.79228
     -4.0233
     -4.2157
    -4.36763
    -4.47757
    -4.54444
    -4.56756
    -4.54666
    -4.48195
    -4.37402
     -4.2239
    -4.03301
    -3.80318
     -3.5366
    -3.23582
    -2.90373
     -2.5435
    -2.15857
    -1.75266
    -1.32966
   -0.893682
   -0.448956
    0.058711
    0.116911
    0.174046
    0.229554
    0.282904
     0.33357
    0.381065
    0.424919
    0.464709
    0.500042
    0.530571
    0.555994
     0.57606
    0.590569
    0.599375
    0.602398
    0.599605
    0.591022
     0.57673
    0.556868
    0.531627
    0.501254
    0.466046
     0.42634
     0.38252
    0.335008
    0.284263
    0.230777
    0.175064
    0.117662
   0.0591219
   -0.430506
   -0.857013
    -1.27541
    -1.68168
     -2.0719
    -2.44232
    -2.78936
    -3.10968
    -3.40018
    -3.65806
    -3.88084
    -4.06635
    -4.21282
    -4.31878
     -4.3832
    -4.40538
    -4.38509
    -4.32252
    -4.21828
    -4.07335
    -3.88911
    -3.66735
    -3.41016
    -3.12003
    -2.79971
     -2.4523
    -2.08109
    -1.68966
    -1.28178
   -0.861428
   -0.432686
   0.0567154
    0.113005
    0.168341
    0.222114
    0.273802
    0.322875
    0.368854
    0.411292
    0.449773
    0.483944
    0.513472
     0.53806
    0.557467
    0.571499
    0.580017
    0.582938
    0.580231
    0.571922
     0.55809
    0.538869
    0.514445
    0.485058
    0.450991
    0.412573
    0.370174
    0.324204
    0.275105
     0.22335
    0.169438
    0.113885
   0.0572249
   -0.415055
   -0.826252
    -1.22963
     -1.6213
     -1.9975
     -2.3546
    -2.68915
    -2.99791
    -3.27788
    -3.52632
    -3.74082
    -3.91933
    -4.06013
    -4.16183
    -4.22345
    -4.24438
     -4.2244
    -4.16371
    -4.06288
     -3.9229
    -3.74511
    -3.53121
    -3.28325
    -3.00363
    -2.69502
    -2.36038
    -2.00291
    -1.62607
    -1.23346
   -0.828919
   -0.416361
   0.0547383
    0.109141
    0.162708
    0.214774
    0.264825
    0.312324
    0.356795
    0.397815
    0.434978
    0.467974
    0.496483
    0.520221
    0.538957
    0.552504
     0.56073
    0.563548
     0.56093
      0.5529
    0.539534
    0.520963
    0.497364
    0.468967
    0.436044
    0.398914
    0.357934
    0.313498
    0.266034
    0.215997
    0.163867
    0.110145
    0.055347
   -0.399904
   -0.796068
    -1.18467
    -1.56195
    -1.92428
    -2.26815
    -2.59027
    -2.88749
    -3.15693
    -3.39592
    -3.60214
    -3.77364
    -3.90876
    -4.00621
    -4.06506
    -4.08474
    -4.06507
    -4.00626
    -3.90885
     -3.7738
    -3.60242
    -3.39635
    -3.15757
    -2.88839
    -2.59138
    -2.26942
    -1.92558
    -1.56318
    -1.18569
    -0.79679
   -0.400232
    0.052969
    0.105546
    0.157239
    0.207484
    0.255785
    0.301635
    0.344576
    0.384195
    0.420101
    0.451974
    0.479508
    0.502431
    0.520522
    0.533602
    0.541545
    0.544268
    0.541745
    0.533998
      0.5211
    0.503177
    0.480399
    0.452986
    0.421202
    0.385352
    0.345781
    0.302869
    0.257027
    0.208695
    0.158336
    0.106432
   0.0534831
   -0.385185
   -0.766692
    -1.14083
    -1.50394
    -1.85251
     -2.1832
    -2.49282
    -2.77838
    -3.03713
    -3.26656
    -3.46445
    -3.62894
    -3.75842
    -3.85169
    -3.90784
    -3.92636
    -3.90707
    -3.85017
    -3.75622
    -3.62612
    -3.46115
    -3.26288
    -3.03324
    -2.77444
    -2.48897
    -2.17958
    -1.84924
    -1.50113
     -1.1386
   -0.765148
   -0.384371
   0.0512317
    0.101999
    0.151812
    0.200219
    0.246749
    0.290933
    0.332338
    0.370559
    0.405223
    0.435995
    0.462575
    0.484706
    0.502173
    0.514807
    0.522482
    0.525124
    0.522705
    0.515247
     0.50282
    0.485545
    0.463585
    0.437151
    0.406497
    0.371917
    0.333744
    0.292341
    0.248106
    0.201463
    0.152856
    0.102754
    0.051636
   -0.370584
   -0.737541
    -1.09731
    -1.44634
    -1.78126
    -2.09888
    -2.39614
    -2.67021
    -2.91845
     -3.1385
    -3.32824
    -3.48589
    -3.60992
    -3.69917
    -3.75279
    -3.77028
    -3.75148
     -3.6966
    -3.60616
    -3.48106
    -3.32249
      -3.132
    -2.91143
     -2.6629
    -2.38881
    -2.09179
     -1.7747
     -1.4406
    -1.09269
    -0.73431
   -0.368918
   0.0493718
   0.0982976
    0.146301
    0.192939
    0.237759
    0.280322
    0.320212
    0.357039
    0.390446
    0.420107
    0.445732
    0.467073
    0.483921
    0.496111
    0.503524
    0.506085
    0.503768
    0.496591
    0.484623
    0.467975
    0.446804
    0.421309
    0.391732
    0.358353
     0.32149
    0.281509
    0.238797
    0.193813
    0.147006
   0.0988111
   0.0496948
    -0.35618
   -0.708669
    -1.05402
    -1.38897
    -1.71029
    -2.01493
        -2.3
    -2.56277
    -2.80074
    -3.01165
    -3.19349
    -3.34452
    -3.46332
    -3.54877
    -3.60004
    -3.61669
    -3.59854
     -3.5458
    -3.45898
    -3.33893
    -3.18679
    -3.00407
     -2.7925
    -2.55415
    -2.29129
    -2.00646
    -1.70239
    -1.38197
    -1.04828
   -0.704506
   -0.353964
   0.0475144
   0.0946096
    0.140825
    0.185722
    0.228862
     0.26983
    0.308226
    0.343677
    0.375838
    0.404396
    0.429072
    0.449625
    0.465854
    0.477599
    0.484744
    0.487216
    0.484988
    0.478077
    0.466544
    0.450496
    0.430082
     0.40549
    0.376949
    0.344729
    0.309137
    0.270543
    0.229332
    0.186006
    0.141014
    0.094764
   0.0476995
   -0.341898
   -0.680063
    -1.01117
    -1.33224
    -1.64017
     -1.9321
    -2.20524
      -2.457
    -2.68499
    -2.88704
    -3.06124
    -3.20594
    -3.31976
    -3.40163
    -3.45078
    -3.46675
    -3.44939
    -3.39889
    -3.31573
    -3.20072
    -3.05497
    -2.87988
    -2.67715
    -2.44872
    -2.19681
    -1.92381
    -1.63236
    -1.32519
    -1.00526
   -0.675633
   -0.339474
   0.0456779
   0.0909544
    0.135386
     0.17855
    0.220027
    0.259418
    0.296337
    0.330428
    0.361356
    0.388819
    0.412547
    0.432306
      0.4479
    0.459172
    0.466006
    0.468326
    0.466102
    0.459343
    0.448102
    0.432489
     0.41265
    0.388818
    0.361228
    0.330159
    0.295924
     0.25887
    0.219386
    0.177914
    0.134891
   0.0906762
     0.04568
   -0.327543
   -0.651433
   -0.968487
     -1.2759
    -1.57072
    -1.85022
    -2.11174
    -2.35281
    -2.57115
    -2.76469
    -2.93158
    -3.07025
    -3.17938
    -3.25793
    -3.30517
    -3.32066
    -3.30425
     -3.2561
    -3.17669
    -3.06677
    -2.92738
    -2.75984
    -2.56576
      -2.347
    -2.10567
    -1.84407
    -1.56473
    -1.27031
    -0.96364
   -0.647664
   -0.325422
   0.0438737
     0.08736
    0.130031
    0.171486
    0.211318
    0.249147
    0.284601
    0.317337
    0.347034
    0.373396
    0.396164
    0.415107
    0.430034
    0.440789
    0.447257
    0.449361
    0.447065
    0.440372
    0.429332
    0.414066
    0.394722
    0.371589
    0.344916
    0.314995
    0.282148
    0.246697
    0.209024
      0.1695
    0.128537
   0.0864432
   0.0435908
   -0.313428
   -0.623307
   -0.926599
    -1.22068
    -1.50273
    -1.77016
    -2.02043
    -2.25118
    -2.46022
    -2.64557
    -2.80546
    -2.93838
    -3.04305
    -3.11847
    -3.16392
    -3.17898
    -3.16351
    -3.11764
    -3.04185
    -2.93681
    -2.80354
    -2.64327
    -2.45753
    -2.24811
    -2.01702
    -1.76648
    -1.49891
    -1.21688
   -0.923104
   -0.620417
    -0.31173
   0.0420782
    0.083791
    0.124729
    0.164496
    0.202705
    0.238981
    0.272967
    0.304329
    0.332753
    0.357953
    0.379671
     0.39768
    0.411788
    0.421855
    0.427768
    0.429506
    0.427045
    0.420409
    0.409662
    0.394916
     0.37633
    0.354151
    0.328629
    0.300041
    0.268699
    0.234913
    0.199043
    0.161428
    0.122445
   0.0823722
   0.0415489
   -0.299361
   -0.595401
   -0.885227
    -1.16632
      -1.436
    -1.69178
    -1.93122
    -2.15206
     -2.3522
    -2.52974
    -2.68298
    -2.81046
    -2.91095
    -2.98346
    -3.02728
    -3.04198
    -3.02741
    -2.98371
     -2.9113
    -2.81086
    -2.68337
       -2.53
    -2.35225
    -2.15182
    -1.93063
    -1.69083
    -1.43471
    -1.16475
   -0.883554
   -0.593825
   -0.298361
   0.0402967
   0.0802485
    0.119462
    0.157549
    0.194132
    0.228846
    0.261343
    0.291296
    0.318402
    0.342379
    0.362976
     0.37997
    0.393172
    0.402463
    0.407744
    0.409056
    0.406403
    0.399829
     0.38942
    0.375271
    0.357549
     0.33644
    0.312183
     0.28503
    0.255275
    0.223211
    0.189175
    0.153475
    0.116459
   0.0783796
   0.0395475
   -0.285704
   -0.568323
   -0.845112
    -1.11365
    -1.37138
     -1.6159
    -1.84488
    -2.05613
    -2.24764
    -2.41757
     -2.5643
    -2.68641
    -2.78274
     -2.8523
    -2.89442
    -2.90866
    -2.89486
    -2.85317
    -2.78399
    -2.68797
    -2.56605
    -2.41938
    -2.24938
     -2.0577
    -1.84617
    -1.61683
     -1.3719
    -1.11374
   -0.844835
   -0.567787
   -0.285267
   0.0385078
   0.0766745
    0.114116
    0.150456
    0.185324
    0.218363
    0.249233
    0.277626
    0.303249
    0.325882
    0.345294
    0.361288
    0.373706
    0.382426
    0.387376
    0.388563
    0.386006
    0.379747
    0.369878
    0.356492
    0.339748
    0.319808
     0.29689
    0.271213
    0.243044
    0.212654
    0.180342
    0.146398
    0.111133
   0.0748051
    0.037711
   -0.272333
   -0.541908
   -0.806134
    -1.06261
    -1.30889
    -1.54262
    -1.76157
     -1.9636
    -2.14674
    -2.30925
    -2.44954
    -2.56629
    -2.65836
    -2.72484
    -2.76509
    -2.77869
     -2.7655
    -2.72566
    -2.65954
    -2.56779
    -2.45127
    -2.31112
    -2.14868
    -1.96552
    -1.76341
     -1.5443
    -1.31031
     -1.0637
   -0.806845
   -0.542234
    -0.27242
   0.0366622
   0.0729846
    0.108591
    0.143114
    0.176191
    0.207477
    0.236642
    0.263404
     0.28749
    0.308747
    0.326976
    0.342014
    0.353731
    0.362005
    0.366777
    0.368012
    0.365728
    0.359956
    0.350782
    0.338295
     0.32264
    0.303954
    0.282431
    0.258256
    0.231665
    0.202904
    0.172238
     0.13994
     0.10629
   0.0715601
   0.0360394
   -0.259443
    -0.51642
   -0.768473
    -1.01322
    -1.24831
    -1.47147
    -1.68055
    -1.87347
    -2.04834
    -2.20349
     -2.3374
    -2.44882
    -2.53666
    -2.60007
    -2.63843
    -2.65136
    -2.63873
    -2.60067
    -2.53754
    -2.44994
    -2.33871
    -2.20494
     -2.0499
     -1.8751
    -1.68223
    -1.47315
    -1.24989
    -1.01461
   -0.769578
   -0.517167
   -0.259816
   0.0345658
   0.0688162
    0.102383
    0.134947
    0.166169
    0.195729
    0.223328
    0.248689
     0.27157
    0.291792
     0.30918
    0.323575
     0.33486
    0.342922
    0.347705
    0.349158
    0.347288
    0.342104
    0.333675
    0.322083
     0.30745
    0.289909
    0.269627
    0.246779
    0.221573
    0.194235
    0.165006
    0.134143
    0.101909
   0.0686007
   0.0345088
   -0.247297
   -0.492259
   -0.732542
   -0.965833
    -1.18989
    -1.40255
    -1.60177
    -1.78557
    -1.95217
    -2.09997
    -2.22753
    -2.33364
    -2.41729
    -2.47765
    -2.51413
    -2.52639
    -2.51429
    -2.47795
    -2.41773
     -2.3342
    -2.22816
    -2.10065
    -1.95288
    -1.78631
    -1.60252
    -1.40331
     -1.1906
   -0.966449
   -0.733024
   -0.492583
   -0.247453
   0.0323241
   0.0643759
   0.0958046
    0.126351
    0.155706
    0.183583
    0.209711
    0.233817
    0.255679
     0.27508
    0.291853
    0.305832
    0.316904
    0.324956
     0.32993
    0.331754
    0.330421
    0.325916
    0.318284
      0.3076
    0.293963
    0.277501
    0.258362
    0.236714
    0.212744
    0.186662
    0.158687
    0.129072
   0.0980674
   0.0659942
   0.0331515
   -0.235382
   -0.468551
    -0.69727
   -0.919304
    -1.13252
    -1.33486
    -1.52437
    -1.69921
    -1.85768
    -1.99826
    -2.11958
    -2.22049
    -2.30001
    -2.35737
    -2.39202
    -2.40361
    -2.39204
    -2.35741
    -2.30005
    -2.22053
     -2.1196
    -1.99825
    -1.85764
    -1.69915
     -1.5243
    -1.33478
    -1.13243
   -0.919206
    -0.69717
   -0.468472
   -0.235327
   0.0301021
   0.0601016
   0.0896904
    0.118536
    0.146355
    0.172842
     0.19774
    0.220789
    0.241768
    0.260461
    0.276695
    0.290297
    0.301142
     0.30912
    0.314158
    0.316191
    0.315196
     0.31116
    0.304111
    0.294113
    0.281247
    0.265631
    0.247397
    0.226714
    0.203762
    0.178769
    0.151961
    0.123599
   0.0939425
   0.0632367
   0.0317751
   -0.223704
   -0.445274
   -0.662587
   -0.873523
    -1.07605
    -1.26823
    -1.44822
    -1.61425
    -1.76474
    -1.89822
    -2.01341
    -2.10921
    -2.18469
    -2.23911
    -2.27196
    -2.28291
    -2.27186
    -2.23891
    -2.18439
    -2.10882
    -2.01293
    -1.89766
     -1.7641
    -1.61357
    -1.44751
    -1.26753
    -1.07538
   -0.872896
    -0.66204
   -0.444848
   -0.223428
   0.0280517
   0.0561896
   0.0841517
    0.111525
    0.138037
    0.163357
     0.18723
    0.209401
    0.229649
    0.247754
    0.263532
    0.276804
    0.287431
    0.295305
    0.300338
    0.302478
    0.301687
    0.297964
    0.291326
    0.281827
    0.269539
    0.254573
    0.237054
    0.217158
    0.195065
    0.171032
    0.145292
    0.118123
     0.08979
   0.0604501
   0.0303821
   -0.212218
   -0.422385
   -0.628489
   -0.828524
    -1.02056
    -1.20277
     -1.3734
    -1.53079
    -1.67343
    -1.79995
    -1.90911
    -1.99988
    -2.07137
    -2.12289
    -2.15395
    -2.16426
     -2.1537
    -2.12239
    -2.07064
    -1.99893
    -1.90797
    -1.79864
    -1.67199
    -1.52926
    -1.37182
    -1.20121
    -1.01908
   -0.827168
   -0.627335
   -0.421504
   -0.211671
   0.0267515
   0.0535529
   0.0801667
    0.106243
     0.13152
    0.155696
    0.178519
    0.199746
    0.219154
     0.23653
     0.25169
    0.264461
    0.274701
      0.2823
    0.287167
    0.289247
    0.288502
    0.284936
    0.278568
    0.269467
     0.25771
    0.243415
    0.226709
    0.207709
    0.186589
    0.163602
    0.138975
    0.112969
   0.0858342
    0.057767
   0.0290346
   -0.200876
   -0.399813
   -0.594911
   -0.784259
   -0.966038
    -1.13849
    -1.29996
    -1.44889
    -1.58385
    -1.70352
    -1.80677
    -1.89258
    -1.96015
    -2.00881
     -2.0381
    -2.04775
    -2.03767
    -2.00794
    -1.95887
    -1.89093
    -1.80478
    -1.70124
    -1.58133
     -1.4462
    -1.29717
     -1.1357
   -0.963359
   -0.781824
   -0.592857
   -0.398294
   -0.200022
    0.025856
    0.051681
   0.0772432
    0.102254
    0.126463
    0.149605
    0.171436
    0.191729
    0.210264
    0.226847
    0.241294
    0.253449
    0.263173
    0.270359
    0.274916
    0.276794
    0.275957
    0.272421
     0.26621
    0.257416
    0.246126
     0.23246
    0.216551
    0.198445
    0.178303
    0.156365
    0.132844
    0.107978
   0.0820071
   0.0551708
   0.0277307
   -0.189766
   -0.377703
   -0.562017
   -0.740893
   -0.912611
     -1.0755
      -1.228
    -1.36862
    -1.49603
    -1.60898
     -1.7064
    -1.78735
    -1.85105
    -1.89688
    -1.92442
    -1.93339
    -1.92373
    -1.89553
    -1.84907
     -1.7848
    -1.70336
    -1.60552
    -1.49223
    -1.36459
    -1.22384
    -1.07139
   -0.908701
   -0.737379
   -0.559092
   -0.375583
   -0.188633
   0.0250638
   0.0499989
   0.0745708
   0.0985597
    0.121727
    0.143843
    0.164679
    0.184025
    0.201673
    0.217444
    0.231165
    0.242695
    0.251906
    0.258706
    0.263019
    0.264796
    0.264012
    0.260644
    0.254717
    0.246309
    0.235504
    0.222415
    0.207165
    0.189834
    0.170577
    0.149599
    0.127101
    0.103306
    0.078444
   0.0527598
   0.0265075
   -0.178941
   -0.356146
   -0.529924
   -0.698558
   -0.860426
    -1.01395
    -1.15766
    -1.29016
    -1.41017
    -1.51655
    -1.60826
    -1.68444
    -1.74434
    -1.78739
    -1.81318
    -1.82145
    -1.81215
    -1.78539
    -1.74145
    -1.68076
    -1.60392
    -1.51167
    -1.40489
    -1.28464
    -1.15209
    -1.00853
   -0.855382
   -0.694118
   -0.526315
   -0.353589
   -0.177612
   0.0243897
   0.0485361
   0.0722002
   0.0952312
    0.117404
    0.138526
    0.158386
    0.176794
    0.193561
     0.20852
    0.221518
    0.232428
    0.241139
    0.247578
     0.25168
    0.253401
    0.252718
    0.249566
     0.24396
    0.235962
    0.225641
    0.213105
    0.198467
    0.181852
    0.163412
    0.143322
     0.12177
   0.0989674
   0.0751341
   0.0505191
   0.0253692
   -0.168361
   -0.335079
   -0.498564
   -0.657193
   -0.809441
   -0.953826
    -1.08896
    -1.21353
    -1.32635
    -1.42632
     -1.5125
    -1.58406
    -1.64033
    -1.68074
    -1.70492
    -1.71262
    -1.70379
    -1.67856
    -1.63719
    -1.58009
    -1.50781
    -1.42106
    -1.32067
    -1.20763
    -1.08303
   -0.948099
    -0.80415
   -0.652574
   -0.494851
   -0.332483
   -0.167036
   0.0234914
   0.0467352
   0.0694976
   0.0916266
    0.112912
    0.133171
    0.152211
    0.169855
    0.185931
    0.200276
     0.21275
    0.223214
    0.231564
    0.237726
    0.241635
    0.243253
    0.242554
    0.239498
      0.2341
    0.226409
    0.216489
    0.204439
    0.190366
    0.174399
    0.156686
    0.137394
    0.116707
   0.0948294
   0.0719735
   0.0483806
   0.0242899
   -0.158071
   -0.314575
   -0.468016
   -0.616881
   -0.759739
   -0.895213
      -1.022
    -1.13886
    -1.24467
     -1.3384
    -1.41917
    -1.48626
    -1.53906
    -1.57702
    -1.59978
     -1.6071
    -1.59894
    -1.57538
    -1.53667
    -1.48318
    -1.41545
    -1.33412
    -1.23998
    -1.13394
    -1.01704
   -0.890417
   -0.755292
   -0.612974
   -0.464847
   -0.312331
     -0.1569
   0.0225717
   0.0449062
   0.0667843
   0.0880532
    0.108517
    0.127999
    0.146321
    0.163314
    0.178819
    0.192671
    0.204734
    0.214853
     0.22292
    0.228857
    0.232597
    0.234105
    0.233358
     0.23035
    0.225099
    0.217649
    0.208062
    0.196429
    0.182853
    0.167464
    0.150405
    0.131842
    0.111951
   0.0909325
   0.0689918
    0.046361
   0.0232704
   -0.148065
   -0.294645
   -0.438342
   -0.577749
   -0.711529
   -0.838412
   -0.957176
    -1.06665
    -1.16576
    -1.25355
    -1.32917
    -1.39202
    -1.44152
    -1.47713
    -1.49853
    -1.50547
    -1.49791
    -1.47592
    -1.43972
    -1.38967
    -1.32626
     -1.2501
    -1.16194
    -1.06263
   -0.953125
   -0.834496
   -0.707886
   -0.574521
   -0.435689
   -0.292735
   -0.147038
   0.0218063
   0.0433933
    0.064561
   0.0851328
    0.104922
    0.123746
    0.141432
    0.157817
    0.172746
    0.186066
    0.197644
    0.207343
    0.215061
    0.220718
    0.224251
    0.225625
    0.224819
    0.221836
    0.216697
    0.209448
    0.200152
    0.188899
    0.175791
    0.160952
    0.144523
    0.126661
    0.107536
   0.0873365
    0.066257
   0.0445154
   0.0223316
   -0.138271
   -0.275184
   -0.409433
   -0.539668
   -0.664643
    -0.78325
   -0.894363
   -0.996821
    -1.08963
    -1.17187
    -1.24275
    -1.30164
    -1.34799
    -1.38132
    -1.40133
    -1.40782
    -1.40072
    -1.38012
    -1.34623
    -1.29938
    -1.24003
    -1.16876
    -1.08628
   -0.993375
   -0.890956
   -0.780014
   -0.661622
    -0.53693
   -0.407141
   -0.273522
   -0.137365
   0.0211541
   0.0421088
   0.0626798
   0.0826616
    0.101872
    0.120118
    0.137229
    0.153046
    0.167416
    0.180205
    0.191282
    0.200538
    0.207876
    0.213222
    0.216517
    0.217727
    0.216836
    0.213851
    0.208795
    0.201718
    0.192685
    0.181783
    0.169115
    0.154798
     0.13897
    0.121777
    0.103383
   0.0839612
    0.063696
   0.0427905
   0.0214546
   -0.128892
   -0.256549
   -0.381752
     -0.5032
   -0.619726
   -0.730361
   -0.834064
   -0.929692
    -1.01632
    -1.09309
    -1.15924
    -1.21416
    -1.25732
     -1.2883
    -1.30683
    -1.31272
    -1.30595
    -1.28658
    -1.25482
    -1.21099
    -1.15552
    -1.08896
    -1.01196
   -0.925284
   -0.829768
   -0.726347
   -0.616017
   -0.499853
   -0.378971
    -0.25456
   -0.127817
   0.0206957
   0.0411367
   0.0611418
   0.0805376
   0.0991459
    0.116793
    0.133314
    0.148559
    0.162381
    0.174656
    0.185264
    0.194106
    0.201095
    0.206164
    0.209264
    0.210364
     0.20945
    0.206524
    0.201609
    0.194743
    0.185989
    0.175431
    0.163168
    0.149316
    0.134005
    0.117386
   0.0996175
   0.0808968
   0.0614016
    0.041258
   0.0206633
    -0.11989
   -0.238709
   -0.355338
   -0.468499
   -0.577094
   -0.680116
   -0.776576
   -0.865464
   -0.945921
    -1.01716
    -1.07849
    -1.12933
    -1.16919
    -1.19772
    -1.21464
    -1.21981
     -1.2132
     -1.1949
    -1.16509
     -1.1241
    -1.07233
    -1.01029
   -0.938604
   -0.857981
   -0.769208
   -0.673165
   -0.570783
   -0.463057
   -0.351024
   -0.235767
   -0.118389
   0.0202713
   0.0402287
   0.0596886
   0.0785108
   0.0965234
    0.113576
    0.129512
    0.144193
    0.157482
    0.169263
    0.179427
    0.187885
    0.194559
    0.199392
     0.20234
    0.203374
    0.202483
    0.199658
    0.194921
    0.188295
    0.179835
    0.169623
     0.15775
    0.144335
      0.1295
    0.113403
    0.096202
   0.0781199
   0.0593293
   0.0398775
   0.0199489
   -0.111182
   -0.221422
   -0.329688
   -0.434728
   -0.535522
   -0.631035
   -0.720341
   -0.802565
   -0.876915
   -0.942679
   -0.999232
    -1.04604
    -1.08267
    -1.10878
    -1.12414
    -1.12862
     -1.1222
    -1.10497
    -1.07713
    -1.03896
   -0.990859
     -0.9333
   -0.866856
   -0.792195
   -0.710052
   -0.621249
   -0.526651
   -0.427175
   -0.323782
   -0.217454
   -0.109204
   0.0197793
   0.0392143
   0.0581195
   0.0763812
   0.0938358
    0.110347
    0.125769
    0.139969
     0.15282
    0.164212
    0.174041
    0.182212
    0.188649
    0.193281
    0.196062
    0.196973
    0.195999
    0.193153
    0.188456
    0.181964
    0.173739
    0.163892
    0.152515
    0.139616
    0.125299
    0.109728
   0.0930444
   0.0754976
   0.0572562
   0.0384374
   0.0192297
   -0.103028
   -0.205044
    -0.30508
   -0.402036
   -0.494973
    -0.58296
   -0.665149
   -0.740749
   -0.809038
   -0.869374
   -0.921189
   -0.964012
   -0.997449
    -1.02121
    -1.03507
    -1.03894
    -1.03278
     -1.0167
   -0.990857
   -0.955538
   -0.911101
   -0.857997
   -0.796754
   -0.727995
     -0.6524
   -0.570719
    -0.48375
   -0.392334
   -0.297354
   -0.199701
     -0.1003
   0.0192396
   0.0381167
   0.0564465
   0.0741425
   0.0910501
    0.107045
    0.121991
    0.135758
    0.148228
    0.159288
    0.168841
    0.176777
    0.183014
     0.18747
    0.190089
    0.190864
     0.18978
    0.186876
    0.182179
    0.175787
    0.167776
    0.158285
     0.14741
    0.135034
    0.121241
    0.106189
   0.0900067
   0.0729691
   0.0552459
   0.0370341
   0.0185286
   -0.094943
    -0.18882
   -0.280732
   -0.369732
    -0.45496
    -0.53559
   -0.610848
   -0.680025
   -0.742463
   -0.797584
   -0.844873
   -0.883912
   -0.914344
   -0.935909
   -0.948419
   -0.951769
   -0.945947
   -0.931032
   -0.907189
   -0.874676
   -0.833827
   -0.785065
   -0.728881
    -0.66585
   -0.596604
   -0.521823
   -0.442244
   -0.358631
   -0.271795
   -0.182537
  -0.0916933
   0.0187989
   0.0371972
   0.0550109
   0.0721806
   0.0885555
    0.104022
    0.118444
    0.131689
    0.143637
    0.154188
    0.163243
    0.170719
    0.176541
     0.18067
    0.183066
    0.183749
    0.182719
    0.179903
    0.175324
    0.169075
    0.161224
    0.151933
    0.141294
    0.129283
    0.115993
    0.101547
   0.0860774
   0.0697938
   0.0528624
   0.0354585
   0.0177626
  -0.0867595
   -0.172494
    -0.25638
   -0.337557
   -0.415244
   -0.488708
   -0.557251
   -0.620245
   -0.677096
    -0.72728
   -0.770328
    -0.80585
   -0.833522
   -0.853098
   -0.864406
   -0.867355
   -0.861932
    -0.84822
    -0.82637
   -0.796619
   -0.759275
    -0.71473
   -0.663437
   -0.605939
   -0.542817
   -0.474689
   -0.402233
   -0.326145
   -0.247164
   -0.166005
  -0.0834212
    0.018371
   0.0363007
   0.0536009
   0.0702354
    0.086054
     0.10095
    0.114787
    0.127429
    0.138754
    0.148682
    0.157114
     0.16401
    0.169308
    0.173022
    0.175137
    0.175703
    0.174725
     0.17201
    0.167562
     0.16146
     0.15376
    0.144652
    0.134233
    0.122592
    0.109845
   0.0960811
   0.0814375
   0.0660459
   0.0500572
    0.033611
   0.0168657
  -0.0787848
   -0.156597
   -0.232694
   -0.306302
   -0.376711
   -0.443282
   -0.505381
   -0.562454
   -0.613964
   -0.659435
   -0.698442
   -0.730621
   -0.755677
   -0.773382
   -0.783581
   -0.786193
    -0.78121
   -0.768715
   -0.748846
   -0.721817
   -0.687907
   -0.647475
   -0.600933
   -0.548784
   -0.491561
    -0.42982
   -0.364182
   -0.295276
   -0.223778
   -0.150319
  -0.0755776
   0.0177921
   0.0350463
   0.0515554
   0.0673714
   0.0823456
   0.0963974
    0.109401
    0.121269
      0.1319
    0.141245
    0.149228
    0.155718
    0.160662
    0.164069
    0.165927
      0.1663
    0.165198
    0.162504
    0.158231
    0.152424
     0.14514
    0.136517
    0.126651
    0.115633
    0.103574
   0.0905727
   0.0767518
   0.0622409
   0.0471748
   0.0316842
   0.0159115
  -0.0709712
   -0.141055
   -0.209583
    -0.27589
    -0.33934
   -0.399349
   -0.455348
    -0.50682
   -0.553276
    -0.59428
   -0.629443
   -0.658445
   -0.681019
   -0.696964
    -0.70614
   -0.708485
   -0.703994
   -0.692742
   -0.674858
   -0.650535
   -0.620026
   -0.583642
   -0.541754
   -0.494787
   -0.443221
   -0.387572
   -0.328404
   -0.266289
   -0.201844
   -0.135621
  -0.0682282
   0.0169932
   0.0333481
   0.0488383
   0.0636101
   0.0775238
   0.0905341
    0.102535
    0.113495
    0.123344
    0.132061
    0.139589
    0.145695
    0.150319
    0.153456
    0.155089
    0.155301
    0.154108
    0.151493
    0.147486
    0.142098
    0.135387
    0.127422
    0.118288
    0.108059
   0.0968321
   0.0847093
   0.0718015
   0.0582422
   0.0441555
   0.0296694
   0.0149142
    -0.06346
   -0.126123
   -0.187392
   -0.246701
   -0.303489
   -0.357224
     -0.4074
    -0.45354
   -0.495205
      -0.532
    -0.56357
   -0.589638
   -0.609956
    -0.62435
   -0.632688
   -0.634918
   -0.631031
    -0.62109
   -0.605206
   -0.583548
   -0.556344
   -0.523855
   -0.486413
   -0.444372
   -0.398158
   -0.348246
   -0.295147
   -0.239379
   -0.181501
   -0.121998
  -0.0614174
   0.0154025
   0.0303167
   0.0445271
   0.0581366
   0.0710212
   0.0830763
    0.094207
    0.104373
    0.113511
    0.121597
    0.128573
    0.134261
    0.138603
    0.141579
    0.143172
    0.143433
    0.142377
        0.14
     0.13633
    0.131391
     0.12523
    0.117914
    0.109514
    0.100106
   0.0897749
   0.0786026
    0.066688
   0.0541454
   0.0410868
   0.0276298
   0.0138939
  -0.0562572
   -0.111833
     -0.1662
   -0.218841
   -0.269253
   -0.316979
   -0.361568
   -0.402618
   -0.439742
   -0.472586
   -0.500837
   -0.524236
   -0.542564
   -0.555657
   -0.563397
   -0.565716
   -0.562598
   -0.554071
   -0.540226
   -0.521196
   -0.497178
   -0.468407
   -0.435176
   -0.397798
   -0.356651
    -0.31214
   -0.264714
   -0.214823
   -0.162962
   -0.109576
  -0.0551592
   0.0134366
    0.026581
   0.0392496
   0.0515045
   0.0632328
   0.0742587
   0.0844848
   0.0938497
    0.102284
    0.109755
    0.116206
    0.121522
    0.125651
    0.128559
    0.130223
    0.130655
    0.129858
     0.12783
    0.124589
    0.120173
    0.114621
    0.108004
    0.100383
   0.0918395
   0.0824519
   0.0722771
   0.0614017
   0.0499189
   0.0379267
   0.0255323
   0.0128451
  -0.0493857
  -0.0982207
    -0.14605
   -0.192406
   -0.236841
   -0.278961
   -0.318361
   -0.354703
   -0.387641
   -0.416854
   -0.442063
   -0.463024
   -0.479539
   -0.491455
   -0.498663
   -0.501083
   -0.498694
   -0.491493
   -0.479551
   -0.462973
   -0.441924
   -0.416615
   -0.387301
    -0.35426
   -0.317824
   -0.278335
   -0.236189
   -0.191779
   -0.145542
  -0.0978877
  -0.0492623
   0.0115257
    0.022941
   0.0340978
   0.0449608
   0.0554182
   0.0653088
   0.0745296
   0.0830091
   0.0906714
   0.0974822
    0.103384
    0.108295
    0.112169
     0.11497
    0.116674
    0.117271
    0.116758
    0.115123
    0.112379
    0.108557
    0.103692
    0.097839
   0.0910538
   0.0834059
   0.0749629
   0.0657876
   0.0559577
   0.0455526
   0.0346606
   0.0233634
   0.0117615
  -0.0426973
  -0.0850544
   -0.126694
   -0.167173
     -0.2061
   -0.243094
   -0.277794
   -0.309877
   -0.339031
   -0.364963
   -0.387419
   -0.406173
   -0.421043
   -0.431881
   -0.438586
    -0.44107
   -0.439307
   -0.433292
   -0.423082
   -0.408757
   -0.390457
   -0.368348
   -0.342648
   -0.313594
   -0.281472
   -0.246591
   -0.209296
   -0.169959
   -0.128969
  -0.0867131
  -0.0436002
  0.00961289
   0.0192962
   0.0289333
   0.0383868
    0.047545
   0.0562668
   0.0644471
   0.0720071
   0.0788657
   0.0849883
   0.0903166
   0.0948013
   0.0983995
    0.101079
    0.102814
    0.103577
    0.103356
    0.102133
   0.0999113
   0.0967139
   0.0925652
   0.0875076
   0.0815834
   0.0748502
   0.0673658
   0.0592008
   0.0504264
   0.0411107
   0.0313332
   0.0211506
   0.0106544
  -0.0365061
  -0.0728673
   -0.108773
   -0.143795
   -0.177595
   -0.209799
   -0.240085
   -0.268147
   -0.293703
   -0.316486
   -0.336269
   -0.352842
   -0.366042
   -0.375728
   -0.381808
   -0.384191
   -0.382855
   -0.377793
   -0.369056
   -0.356708
    -0.34087
   -0.321679
   -0.299318
   -0.273997
   -0.245962
   -0.215491
   -0.182881
   -0.148481
   -0.112628
  -0.0756838
  -0.0380094
  0.00795861
   0.0160224
    0.024092
   0.0320766
    0.039877
    0.047378
   0.0544855
   0.0611142
   0.0671859
   0.0726455
   0.0774331
   0.0815063
   0.0848208
   0.0873478
   0.0890577
   0.0899283
   0.0899438
   0.0890918
   0.0873729
   0.0848053
   0.0814104
   0.0772193
   0.0722693
    0.066581
   0.0601987
   0.0531344
   0.0454356
   0.0371648
   0.0283804
   0.0191746
  0.00963393
  -0.0309045
  -0.0618194
  -0.0924954
   -0.122501
   -0.151546
   -0.179283
    -0.20543
   -0.229691
   -0.251817
   -0.271561
    -0.28872
   -0.303104
   -0.314565
   -0.322978
   -0.328254
   -0.330322
   -0.329155
   -0.324756
   -0.317163
   -0.306444
   -0.292701
   -0.276071
   -0.256717
   -0.234845
   -0.210672
   -0.184441
   -0.156413
   -0.126897
  -0.0961893
  -0.0645997
  -0.0324375
  0.00642915
   0.0129739
   0.0195467
   0.0261109
   0.0325858
   0.0388887
   0.0449409
   0.0506536
   0.0559532
   0.0607628
   0.0650188
   0.0686828
   0.0717067
   0.0740653
   0.0757259
   0.0766756
   0.0768976
   0.0763902
   0.0751542
   0.0732053
   0.0705627
   0.0672464
   0.0632862
   0.0586603
   0.0533927
    0.047428
   0.0407842
   0.0335166
   0.0256637
   0.0173601
  0.00869368
  -0.0257298
  -0.0515972
  -0.0773979
   -0.102691
   -0.127228
   -0.150689
   -0.172832
    -0.19338
   -0.212119
   -0.228831
   -0.243341
   -0.255485
   -0.265136
   -0.272186
    -0.27656
   -0.278202
   -0.277092
    -0.27324
   -0.266681
   -0.257485
   -0.245741
   -0.231583
   -0.215152
   -0.196647
   -0.176254
   -0.154177
   -0.130637
   -0.105901
  -0.0802191
  -0.0538469
  -0.0270403
  0.00513467
   0.0103641
   0.0156112
   0.0208819
   0.0261094
    0.031243
   0.0362155
   0.0409606
    0.045413
   0.0495106
   0.0531968
   0.0564367
   0.0591889
   0.0614305
   0.0631367
   0.0642942
   0.0648923
   0.0649015
   0.0643157
   0.0630738
   0.0611713
   0.0586368
   0.0554746
   0.0516698
   0.0472232
   0.0421058
   0.0363229
   0.0299245
   0.0229462
   0.0155283
  0.00776495
  -0.0212096
  -0.0425625
  -0.0638911
  -0.0847856
   -0.105034
   -0.124358
   -0.142553
     -0.1594
   -0.174723
   -0.188347
   -0.200131
   -0.209948
   -0.217695
   -0.223282
   -0.226643
   -0.227737
   -0.226547
   -0.223119
    -0.21749
   -0.209732
   -0.199929
   -0.188201
   -0.174671
   -0.159497
   -0.142836
   -0.124855
   -0.105738
  -0.0856892
  -0.0649134
  -0.0435929
  -0.0219247
   0.0040696
  0.00819241
    0.012297
   0.0164283
   0.0205317
   0.0245882
   0.0285448
   0.0323628
   0.0359912
   0.0393912
   0.0425193
   0.0453489
   0.0478495
   0.0500019
    0.051789
   0.0531942
   0.0542078
    0.054764
   0.0548406
   0.0542893
   0.0530753
   0.0512349
   0.0487503
    0.045622
   0.0418376
   0.0374091
   0.0323396
   0.0266803
   0.0204668
   0.0138432
  0.00690595
  -0.0169118
  -0.0339619
  -0.0510151
  -0.0676969
  -0.0838343
  -0.0991954
   -0.113615
   -0.126932
   -0.139005
   -0.149704
   -0.158919
   -0.166561
   -0.172551
   -0.176816
   -0.179304
   -0.179984
   -0.178839
   -0.175942
   -0.171322
   -0.165048
    -0.15719
   -0.147849
   -0.137129
    -0.12514
   -0.112012
  -0.0978754
  -0.0828807
  -0.0671747
  -0.0509199
  -0.0342344
  -0.0172643
  0.00310667
  0.00623434
  0.00931996
   0.0124414
   0.0155606
   0.0186873
   0.0217898
   0.0248533
   0.0278508
   0.0307693
   0.0335865
   0.0362421
   0.0387047
   0.0408596
   0.0426677
   0.0441501
   0.0452754
    0.045999
   0.0462794
   0.0460152
   0.0451628
   0.0437389
   0.0417231
   0.0391265
   0.0359434
   0.0321802
   0.0278489
   0.0229953
   0.0176609
   0.0119643
  0.00599427
  -0.0129332
  -0.0259196
  -0.0388466
  -0.0514573
  -0.0636211
  -0.0751787
  -0.0860069
  -0.0959852
   -0.105005
   -0.112963
   -0.119772
   -0.125393
   -0.129771
   -0.132874
   -0.134672
   -0.135146
   -0.134289
   -0.132134
   -0.128703
   -0.124037
   -0.118187
   -0.111219
   -0.103208
  -0.0942374
  -0.0844052
  -0.0738073
  -0.0625574
  -0.0507591
  -0.0385341
  -0.0259599
  -0.0131391
  0.00235207
  0.00468081
  0.00693406
  0.00922438
    0.011532
    0.013896
   0.0163058
   0.0187699
   0.0212829
   0.0238544
   0.0264762
   0.0290444
   0.0315152
   0.0336657
   0.0354276
   0.0368614
   0.0379194
   0.0385911
   0.0388315
   0.0386068
   0.0378808
   0.0366606
   0.0349319
   0.0327205
   0.0300301
   0.0268595
   0.0232275
   0.0191704
   0.0147311
  0.00999523
  0.00503639
 -0.00919103
  -0.0183704
  -0.0274537
  -0.0362993
  -0.0448154
  -0.0529099
  -0.0604978
  -0.0674949
  -0.0738218
  -0.0793967
  -0.0841512
  -0.0880857
  -0.0911579
  -0.0933646
  -0.0946875
  -0.0951146
  -0.0946428
  -0.0932628
  -0.0909877
  -0.0878335
   -0.083833
  -0.0790195
  -0.0734454
    -0.06717
  -0.0602634
  -0.0527917
  -0.0448367
  -0.0364643
  -0.0277612
  -0.0187702
  -0.0095581
  0.00172532
  0.00345202
  0.00515368
  0.00693903
   0.0088107
   0.0107745
   0.0128241
   0.0148861
   0.0169421
   0.0190425
   0.0211649
   0.0232524
   0.0252533
   0.0270226
   0.0284971
   0.0296959
   0.0305785
   0.0311336
   0.0313292
   0.0311427
   0.0305524
   0.0295665
   0.0281801
   0.0264054
   0.0242489
   0.0216991
   0.0187716
   0.0155035
   0.0119296
  0.00811413
  0.00411116
 -0.00553003
  -0.0110901
  -0.0166268
  -0.0220404
  -0.0272689
  -0.0322703
  -0.0369895
   -0.041388
  -0.0454178
   -0.049034
   -0.052193
  -0.0548805
  -0.0570644
  -0.0587279
   -0.059851
  -0.0604133
  -0.0604045
  -0.0598084
  -0.0586246
  -0.0568461
  -0.0544856
  -0.0515634
   -0.048111
  -0.0441738
  -0.0397986
  -0.0350154
  -0.0298785
  -0.0244248
  -0.0187109
  -0.0127381
 -0.00654391
  0.00132339
  0.00267427
  0.00405279
  0.00555814
  0.00720594
   0.0089542
   0.0107855
   0.0125282
   0.0141409
   0.0157147
   0.0172188
   0.0186602
   0.0199996
   0.0211957
   0.0222082
   0.0230213
   0.0236062
   0.0239501
   0.0240324
   0.0238371
    0.023353
   0.0225866
   0.0215385
   0.0202023
   0.0185825
   0.0166539
   0.0144261
   0.0119359
  0.00920963
  0.00629073
  0.00321552
   -0.002283
 -0.00464385
  -0.0070629
 -0.00948288
  -0.0118695
  -0.0142235
   -0.016512
  -0.0187312
  -0.0208544
   -0.022863
  -0.0247309
  -0.0264251
  -0.0279211
  -0.0291879
  -0.0302046
  -0.0309443
  -0.0313913
  -0.0315253
  -0.0313344
  -0.0307893
  -0.0298831
  -0.0286215
  -0.0270132
  -0.0250877
  -0.0228685
  -0.0203511
  -0.0175666
  -0.0145296
  -0.0112761
 -0.00777894
 -0.00405973
  0.00127323
  0.00248011
  0.00362185
  0.00481187
  0.00605809
  0.00734906
  0.00866508
  0.00990455
   0.0110361
   0.0121115
   0.0131153
   0.0140602
   0.0149297
   0.0157082
   0.0163774
   0.0169256
   0.0173365
   0.0175853
   0.0176549
   0.0175127
   0.0171446
   0.0165726
   0.0157943
   0.0148172
   0.0136432
   0.0122465
   0.0106318
  0.00882119
  0.00683176
  0.00468745
  0.00241105
 0.000649397
  0.00113712
  0.00144762
  0.00158385
  0.00154557
  0.00133279
 0.000957192
 0.000429402
-0.000232507
 -0.00100528
 -0.00186528
 -0.00278384
 -0.00373601
  -0.0046938
  -0.0056346
 -0.00653576
 -0.00738051
 -0.00815384
 -0.00884066
 -0.00938985
 -0.00978366
 -0.00999483
  -0.0100118
 -0.00982067
 -0.00941684
 -0.00877239
 -0.00788888
 -0.00676392
 -0.00540891
 -0.00382172
 -0.00202075
  0.00127631
  0.00237872
  0.00329585
  0.00415159
  0.00494927
  0.00572063
  0.00645956
  0.00715522
  0.00779856
  0.00840305
  0.00896695
  0.00950154
   0.0100054
    0.010478
   0.0109159
   0.0113085
   0.0116478
   0.0118921
   0.0120228
   0.0119858
   0.0117608
    0.011385
   0.0108538
   0.0101919
  0.00940168
  0.00846034
  0.00737054
  0.00614122
  0.00478287
  0.00330286
  0.00171416
  0.00309735
  0.00595294
  0.00852129
   0.0107609
   0.0126452
   0.0141802
     0.01536
   0.0162035
   0.0167207
   0.0169402
   0.0168841
   0.0165792
   0.0160533
    0.015335
   0.0144521
   0.0134275
   0.0122826
   0.0110296
  0.00968618
  0.00832001
  0.00695239
  0.00563251
  0.00437978
  0.00323629
  0.00221919
  0.00136415
 0.000686365
 0.000196579
-9.50086e-05
-0.000206609
-0.000144591
 0.000927094
  0.00170437
  0.00230758
    0.002832
  0.00328281
  0.00369129
   0.0040643
  0.00440435
  0.00471587
  0.00500966
  0.00529039
  0.00556402
  0.00583148
  0.00608447
  0.00631839
  0.00653799
  0.00673617
   0.0069061
   0.0070359
  0.00708339
  0.00703603
  0.00690873
  0.00670021
  0.00640987
  0.00603684
  0.00554608
  0.00492975
  0.00418473
   0.0033062
  0.00230585
   0.0011879
   0.0051023
  0.00984697
   0.0141629
   0.0180433
   0.0214511
   0.0243873
   0.0268354
   0.0288018
   0.0302849
   0.0313096
   0.0318892
   0.0320638
   0.0318581
   0.0313111
    0.030453
   0.0293267
   0.0279639
   0.0263968
   0.0246561
   0.0227959
   0.0208469
    0.018848
   0.0168263
    0.014816
   0.0128367
   0.0108823
  0.00896632
  0.00708446
  0.00524768
   0.0034539
  0.00170997
 0.000422949
 0.000757269
  0.00097689
  0.00115031
  0.00128202
  0.00139491
  0.00149922
  0.00159837
  0.00170114
  0.00181009
  0.00193046
  0.00205711
  0.00218743
  0.00230012
  0.00238628
  0.00246661
  0.00253791
  0.00263486
  0.00275875
  0.00288517
  0.00301239
  0.00313133
  0.00324123
  0.00331078
  0.00333111
  0.00325055
  0.00304784
  0.00270665
  0.00220756
     0.00157
  0.00079433
  0.00663042
   0.0128041
   0.0184313
   0.0235485
   0.0281167
   0.0321414
   0.0356037
   0.0385035
   0.0408314
   0.0426094
   0.0438399
    0.044571
   0.0448173
   0.0446184
   0.0439971
   0.0430044
   0.0416708
   0.0400364
    0.038134
   0.0359945
   0.0336514
   0.0311289
   0.0284617
   0.0256791
   0.0228099
   0.0198182
   0.0167263
   0.0135245
   0.0102304
  0.00686045
  0.00343284
 1.64577e-05
-1.73554e-05
-0.000123215
-0.000255344
-0.000412733
-0.000568842
-0.000716449
-0.000852642
-0.000970793
 -0.00105928
 -0.00111156
 -0.00112273
  -0.0010896
 -0.00102754
-0.000935887
-0.000806083
-0.000633072
-0.000409388
-0.000130916
 0.000180301
  0.00051966
 0.000879041
   0.0012479
  0.00158298
  0.00186149
  0.00203357
  0.00206597
  0.00193771
  0.00162117
  0.00115603
 0.000549156
  0.00769902
    0.014851
   0.0213471
   0.0272861
   0.0326288
   0.0374194
   0.0416446
   0.0453075
   0.0484013
   0.0509351
   0.0529098
   0.0543508
   0.0552667
    0.055669
   0.0555722
   0.0550115
   0.0540105
   0.0525955
   0.0507911
   0.0485892
   0.0460148
   0.0430788
   0.0398106
   0.0362377
   0.0323916
   0.0282844
   0.0239491
   0.0194118
   0.0147051
  0.00987287
  0.00495068
-0.000319009
-0.000654775
 -0.00102641
 -0.00141151
 -0.00181267
 -0.00219901
 -0.00256572
 -0.00290928
 -0.00322326
 -0.00348336
 -0.00367769
 -0.00378643
 -0.00379653
 -0.00371463
 -0.00353051
 -0.00325223
 -0.00287321
 -0.00242383
 -0.00190637
 -0.00134824
-0.000762466
-0.000158428
 0.000442278
 0.000985386
  0.00143587
  0.00174919
  0.00188425
  0.00182031
    0.001527
  0.00106968
 0.000466445
  0.00844854
   0.0163047
   0.0234556
   0.0300621
   0.0360789
   0.0415782
   0.0465412
   0.0509629
   0.0548293
   0.0581285
   0.0608528
   0.0630005
    0.064571
   0.0655454
    0.065929
   0.0657407
   0.0649991
    0.063721
   0.0619296
   0.0595888
   0.0567248
   0.0533443
   0.0494796
   0.0451619
   0.0404281
   0.0353363
   0.0299279
   0.0242595
   0.0183735
   0.0123345
  0.00618879
 -0.00070393
 -0.00136934
 -0.00200548
 -0.00260644
 -0.00317006
 -0.00367878
 -0.00412315
     -0.0045
 -0.00479685
 -0.00500014
 -0.00509443
 -0.00507989
 -0.00494524
 -0.00470526
 -0.00435765
 -0.00391449
 -0.00338163
 -0.00278599
  -0.0021432
 -0.00147967
-0.000819489
-0.000172607
 0.000431678
 0.000960316
  0.00137758
  0.00164733
  0.00173515
  0.00163794
  0.00134075
 0.000915493
 0.000393422
  0.00862353
   0.0168084
   0.0244575
   0.0316717
   0.0384004
   0.0446702
   0.0504465
   0.0556969
   0.0603894
    0.064487
   0.0679642
   0.0708044
    0.072991
   0.0744883
   0.0752875
   0.0753799
   0.0747698
   0.0734667
   0.0714862
   0.0688223
   0.0655017
   0.0615575
   0.0570312
   0.0519869
   0.0464789
   0.0405729
   0.0343283
   0.0278062
   0.0210657
   0.0141581
  0.00713534
 -0.00104442
 -0.00199308
 -0.00283966
 -0.00358997
 -0.00423381
 -0.00476606
  -0.0051725
 -0.00545178
 -0.00558848
 -0.00558572
 -0.00543161
  -0.0051552
 -0.00475544
 -0.00426281
 -0.00368871
 -0.00305205
 -0.00237212
 -0.00167007
 -0.00097265
-0.000302083
 0.000310314
 0.000859185
  0.00131419
  0.00167199
   0.0019041
  0.00198966
  0.00190689
  0.00167459
  0.00129485
 0.000843336
 0.000358994
  0.00871718
   0.0171346
   0.0251645
   0.0328472
    0.040127
   0.0469889
   0.0533867
   0.0592652
   0.0645797
   0.0692735
   0.0733092
   0.0766609
   0.0793025
   0.0811885
   0.0823024
   0.0826146
   0.0821196
   0.0808212
    0.078727
   0.0758564
   0.0722317
   0.0679035
   0.0629144
   0.0573517
   0.0512786
   0.0447623
   0.0378759
   0.0306834
   0.0232606
   0.0156496
  0.00791302
 -0.00106064
 -0.00198396
 -0.00274166
 -0.00337536
 -0.00387083
 -0.00424023
 -0.00447464
 -0.00457996
 -0.00455227
 -0.00439305
 -0.00410422
 -0.00370452
 -0.00320572
 -0.00264471
 -0.00204481
  -0.0014253
-0.000811982
-0.000202211
 0.000379722
 0.000913571
  0.00137461
  0.00175429
  0.00203263
  0.00221334
  0.00228225
  0.00222875
  0.00204519
  0.00174177
  0.00132714
 0.000859338
 0.000372326
  0.00886071
   0.0174829
   0.0257794
   0.0337699
   0.0413933
   0.0486238
   0.0554075
   0.0616709
   0.0673603
   0.0724065
   0.0767618
   0.0803918
   0.0832619
    0.085335
   0.0865902
   0.0870083
   0.0865833
   0.0853221
   0.0832345
   0.0803365
   0.0766531
   0.0722216
   0.0670846
   0.0613078
    0.054952
   0.0480817
   0.0407705
   0.0330874
    0.025113
   0.0169046
   0.0085363
-0.000814343
 -0.00145942
 -0.00189127
 -0.00219443
 -0.00235681
 -0.00241319
 -0.00236431
 -0.00222639
 -0.00200839
 -0.00170867
 -0.00134005
-0.000905255
-0.000423281
 6.86533e-05
 0.000541599
 0.000982673
  0.00136668
  0.00172756
   0.0020502
  0.00232153
  0.00252747
  0.00265825
   0.0027049
   0.0026764
  0.00257056
  0.00238338
  0.00211653
  0.00176488
  0.00133739
 0.000869123
 0.000386349
  0.00875867
   0.0173397
   0.0256605
   0.0337214
   0.0414579
   0.0488352
   0.0557944
   0.0622481
   0.0681369
   0.0733832
    0.077932
   0.0817419
   0.0847705
   0.0869884
   0.0883689
   0.0889002
   0.0885739
   0.0873972
   0.0853802
    0.082535
    0.078888
   0.0744646
    0.069308
    0.063464
   0.0569921
   0.0499542
   0.0424236
   0.0344733
   0.0261863
   0.0176323
   0.0088934
-0.000171021
-0.000276886
-0.000277171
 -0.00021051
-6.80201e-05
 0.000143161
 0.000419922
 0.000739019
  0.00108781
  0.00146451
  0.00185458
  0.00226551
  0.00268134
  0.00307391
   0.0034211
  0.00370908
  0.00392009
  0.00407586
    0.004167
   0.0041917
  0.00414218
  0.00401858
   0.0038176
  0.00355124
  0.00322175
  0.00283586
  0.00239938
  0.00191993
  0.00140971
 0.000898333
 0.000409275
  0.00836296
   0.0166324
   0.0247359
   0.0326304
   0.0402473
   0.0475336
   0.0544241
   0.0608391
   0.0667166
   0.0719855
   0.0765909
   0.0804862
   0.0836285
   0.0859814
   0.0875163
   0.0882117
   0.0880555
   0.0870445
   0.0851839
   0.0824817
   0.0789604
    0.074644
   0.0695722
     0.06379
   0.0573545
   0.0503266
   0.0427789
   0.0347863
   0.0264333
   0.0177983
  0.00896905
 0.000633125
  0.00120177
  0.00173184
  0.00223092
  0.00270807
  0.00319073
  0.00367991
  0.00415108
  0.00459323
  0.00500541
  0.00537548
  0.00572452
  0.00604299
  0.00631466
  0.00652595
  0.00666159
  0.00670933
  0.00667406
  0.00654843
  0.00633922
  0.00604271
  0.00566763
   0.0052149
  0.00469837
  0.00412415
  0.00351026
  0.00286826
  0.00222182
   0.0015893
 0.000997222
 0.000466826
  0.00774179
   0.0154719
   0.0231299
   0.0306319
   0.0379075
   0.0448876
   0.0515029
   0.0576821
    0.063362
   0.0684795
   0.0729815
   0.0768185
   0.0799495
   0.0823341
   0.0839443
   0.0847519
   0.0847433
   0.0839068
   0.0822441
   0.0797594
   0.0764705
   0.0723987
   0.0675789
   0.0620524
   0.0558708
   0.0490894
   0.0417757
   0.0340034
    0.025855
   0.0174131
  0.00876873
  0.00140513
   0.0026545
  0.00375607
  0.00473602
  0.00559949
   0.0063836
  0.00709034
  0.00771412
  0.00824803
  0.00869506
  0.00904719
  0.00932144
  0.00951123
  0.00961312
  0.00961777
  0.00952153
  0.00931634
  0.00901057
   0.0086012
  0.00810066
  0.00751156
  0.00685075
  0.00612762
  0.00536618
  0.00458307
  0.00380162
  0.00304318
  0.00231905
  0.00165096
  0.00104395
  0.00051051
  0.00689583
   0.0138552
   0.0208311
   0.0277099
   0.0344244
   0.0408915
    0.047043
   0.0528064
     0.05812
    0.062923
   0.0671641
   0.0707971
   0.0737833
   0.0760857
   0.0776781
   0.0785324
   0.0786353
   0.0779736
   0.0765473
   0.0743549
   0.0714098
   0.0677268
   0.0633346
   0.0582736
   0.0525864
   0.0463005
   0.0394717
   0.0321845
   0.0245126
   0.0165202
  0.00829634
  0.00214134
  0.00404663
  0.00570584
  0.00716086
  0.00840961
  0.00949505
   0.0104179
    0.011191
   0.0118112
   0.0122849
   0.0126072
   0.0127895
   0.0128272
   0.0127293
   0.0124915
   0.0121238
   0.0116247
   0.0110094
    0.010282
   0.0094627
  0.00856236
  0.00760767
  0.00661801
  0.00562885
  0.00466769
  0.00376186
  0.00294009
  0.00219694
  0.00155353
 0.000989519
 0.000506246
    0.005832
   0.0117958
    0.017856
   0.0238704
   0.0297781
    0.035486
    0.040931
   0.0460439
   0.0507686
   0.0550499
   0.0588418
    0.062104
   0.0648025
   0.0669049
   0.0683888
   0.0692272
   0.0694095
   0.0689234
   0.0677692
   0.0659403
   0.0634464
   0.0602965
   0.0565112
    0.052125
   0.0471676
   0.0416368
   0.0355734
   0.0290676
   0.0221811
   0.0149597
  0.00748749
  0.00285765
  0.00535941
  0.00746788
  0.00928956
   0.0108155
   0.0121003
   0.0131443
   0.0139709
   0.0145805
   0.0149867
   0.0151901
   0.0152083
   0.0150438
   0.0147148
   0.0142268
   0.0135968
    0.012835
   0.0119621
    0.010994
  0.00995545
  0.00886893
  0.00776123
  0.00666033
   0.0055841
  0.00456214
  0.00361803
  0.00277875
  0.00204538
  0.00143456
 0.000916716
 0.000483615
  0.00463935
  0.00943674
   0.0143661
   0.0192795
   0.0241243
   0.0288138
   0.0332953
   0.0375103
   0.0414134
   0.0449569
    0.048105
   0.0508262
   0.0530947
   0.0548769
   0.0561546
   0.0568983
   0.0571005
   0.0567696
    0.055909
   0.0544968
   0.0525415
   0.0500721
   0.0471031
   0.0436096
   0.0396012
   0.0350832
   0.0300742
   0.0246335
   0.0187992
   0.0126578
  0.00628797
  0.00347647
  0.00647832
  0.00893856
     0.01103
   0.0127381
   0.0141307
   0.0152086
   0.0160067
     0.01653
   0.0168013
    0.016828
   0.0166367
   0.0162392
   0.0156635
   0.0149261
   0.0140516
   0.0130612
    0.011981
    0.010838
  0.00965924
  0.00847641
  0.00731251
  0.00619945
  0.00513179
  0.00413653
  0.00323015
  0.00243636
  0.00176385
   0.0012265
 0.000788328
 0.000434197
  0.00325894
  0.00668752
    0.010264
   0.0138374
   0.0173685
   0.0207822
   0.0240413
   0.0271023
    0.029935
   0.0325023
   0.0347817
   0.0367534
   0.0384025
   0.0396979
   0.0406279
   0.0411631
   0.0413003
   0.0410674
   0.0404717
    0.039478
    0.038096
   0.0363756
   0.0343306
   0.0318864
   0.0290405
    0.025809
   0.0221911
   0.0182139
   0.0138855
   0.0093178
  0.00456792
  0.00312986
  0.00596384
  0.00843043
   0.0105808
   0.0123952
   0.0138984
   0.0150899
   0.0159891
   0.0166035
   0.0169512
   0.0170451
   0.0169079
   0.0165572
   0.0160189
   0.0153144
   0.0144691
   0.0135073
   0.0124556
   0.0113409
   0.0101895
  0.00902929
  0.00788264
  0.00677439
  0.00570894
  0.00470547
  0.00377675
  0.00293764
  0.00219483
  0.00155414
 0.000996136
 0.000507657
  0.00188173
  0.00382677
  0.00581779
  0.00778892
  0.00971969
   0.0115716
   0.0133258
   0.0149601
   0.0164592
   0.0178047
   0.0189853
   0.0199912
   0.0208153
   0.0214438
   0.0218721
   0.0220864
   0.0220861
   0.0218851
   0.0214881
   0.0208813
   0.0200716
    0.019085
   0.0179316
    0.016583
   0.0150427
   0.0133205
   0.0114193
  0.00935291
   0.0071256
  0.00478251
  0.00234751
-1.53824e-05
-2.97944e-05
-4.24387e-05
-5.28711e-05
-6.09304e-05
-6.67368e-05
-7.05086e-05
-7.25351e-05
-7.30579e-05
-7.23016e-05
-7.04383e-05
-6.76291e-05
 -6.4011e-05
-5.97245e-05
   -5.49e-05
 -4.9672e-05
-4.41707e-05
-3.85271e-05
-3.28686e-05
-2.73199e-05
-2.19994e-05
  -1.701e-05
-1.24508e-05
-8.41467e-06
 -4.9971e-06
 -2.2688e-06
-2.90057e-07
 9.31794e-07
 1.42984e-06
 1.32264e-06
 7.76095e-07
 1.89648e-05
 3.79297e-05
 3.46414e-05
 3.13531e-05
  2.9655e-05
 2.79569e-05
 2.69432e-05
 2.59296e-05
 2.45252e-05
 2.31208e-05
 2.13996e-05
 1.96784e-05
 1.59266e-05
 1.21748e-05
 8.44613e-06
 4.71749e-06
  2.5662e-06
  4.1491e-07
-4.61326e-06
-9.64142e-06
-1.26864e-05
-1.57314e-05
-2.53777e-05
-3.50241e-05
-3.92131e-05
 -4.3402e-05
-4.35986e-05
-4.37953e-05
-2.93528e-05
-1.49102e-05
 -7.4551e-06
