   0.0980197
    0.195089
    0.290279
    0.382679
    0.471399
    0.555569
    0.634389
    0.707109
    0.773009
    0.831469
    0.881919
    0.923879
    0.956939
    0.980789
    0.995179
    0.999999
    0.995179
    0.980789
    0.956939
    0.923879
    0.881919
    0.831469
    0.773009
    0.707109
    0.634389
    0.555569
      0.4714
     0.38268
     0.29028
     0.19509
   0.0980201
   -0.772185
    -1.53686
    -2.28666
    -3.01437
    -3.71299
     -4.3758
    -4.99642
    -5.56888
    -6.08767
    -6.54781
    -6.94486
    -7.27502
     -7.5351
    -7.72261
    -7.83575
    -7.87343
    -7.83529
    -7.72171
    -7.53379
    -7.27332
    -6.94284
    -6.54551
    -6.08518
    -5.56627
    -4.99378
    -4.37323
    -3.71059
    -3.01224
    -2.28489
    -1.53556
   -0.771482
   0.0956107
      0.1903
    0.283155
    0.373283
    0.459816
     0.54192
    0.618804
    0.689728
    0.754009
    0.811029
    0.860237
    0.901162
    0.933407
    0.956663
    0.970705
    0.975399
      0.9707
    0.956653
    0.933393
    0.901144
    0.860216
    0.811004
    0.753982
      0.6897
    0.618775
    0.541892
    0.459789
     0.37326
    0.283136
    0.190285
    0.095603
   -0.750103
    -1.49292
    -2.22129
    -2.92822
     -3.6069
    -4.25079
    -4.85372
    -5.40987
    -5.91389
    -6.36093
     -6.7467
    -7.06749
    -7.32021
    -7.50243
     -7.6124
    -7.64906
    -7.61207
    -7.50178
    -7.31927
    -7.06628
    -6.74525
    -6.35928
    -5.91209
    -5.40798
     -4.8518
    -4.24891
    -3.60512
    -2.92663
    -2.21997
    -1.49195
   -0.749577
   0.0932309
    0.185562
    0.276105
    0.363986
    0.448361
    0.528418
    0.603383
    0.672537
    0.735213
    0.790808
    0.838787
    0.878688
    0.910126
    0.932799
    0.946488
    0.951062
    0.946478
    0.932779
    0.910096
     0.87865
    0.838742
    0.790757
    0.735158
    0.672478
    0.603324
    0.528359
    0.448306
    0.363936
    0.276063
    0.185532
   0.0932145
   -0.728315
    -1.44956
    -2.15681
    -2.84324
    -3.50226
    -4.12751
    -4.71299
    -5.25306
    -5.74253
    -6.17668
    -6.55134
     -6.8629
    -7.10836
    -7.28537
    -7.39223
     -7.4279
    -7.39204
    -7.28501
    -7.10783
     -6.8622
    -6.55051
    -6.17574
    -5.74151
    -5.25199
    -4.71188
    -4.12641
    -3.50121
     -2.8423
    -2.15602
    -1.44898
   -0.727997
   0.0908763
    0.180875
     0.26913
     0.35479
    0.437032
    0.515064
    0.588133
    0.655536
    0.716626
    0.770813
    0.817576
    0.856465
    0.887106
    0.909203
    0.922544
    0.927001
    0.922532
    0.909178
     0.88707
     0.85642
    0.817523
    0.770755
    0.716566
    0.655476
    0.588077
    0.515013
    0.436988
    0.354753
      0.2691
    0.180852
   0.0908609
   -0.706841
    -1.40684
    -2.09327
    -2.75951
    -3.39916
    -4.00605
    -4.57436
     -5.0986
    -5.57373
    -5.99519
     -6.3589
    -6.66138
    -6.89971
     -7.0716
    -7.17539
    -7.21009
    -7.17536
    -7.07153
     -6.8996
    -6.66123
    -6.35872
    -5.99498
     -5.5735
    -5.09835
     -4.5741
    -4.00579
     -3.3989
    -2.75928
    -2.09307
     -1.4067
   -0.706759
   0.0885478
     0.17624
    0.262232
    0.345696
    0.425829
    0.501859
    0.573054
    0.638728
    0.698251
    0.751047
     0.79661
      0.8345
    0.864354
    0.885884
    0.898883
    0.903227
    0.898873
    0.885864
    0.864326
    0.834466
    0.796573
    0.751011
    0.698217
    0.638701
    0.573037
    0.501852
     0.42583
    0.345701
    0.262237
    0.176241
   0.0885412
   -0.685694
    -1.36477
     -2.0307
    -2.67707
    -3.29765
    -3.88647
    -4.43787
    -4.94653
    -5.40756
    -5.81651
    -6.16946
    -6.46301
    -6.69432
    -6.86117
    -6.96195
     -6.9957
    -6.96208
    -6.86141
    -6.69467
    -6.46346
       -6.17
    -5.81712
    -5.40821
    -4.94722
    -4.43856
    -3.88715
    -3.29829
    -2.67763
    -2.03117
    -1.36511
   -0.685876
   0.0862462
    0.171659
    0.255415
    0.336709
    0.414758
     0.48881
    0.558154
    0.622121
    0.680095
     0.73152
    0.775899
    0.812806
    0.841887
    0.862862
    0.875529
    0.879766
    0.875535
    0.862873
    0.841902
    0.812825
    0.775922
    0.731546
    0.680125
    0.622153
    0.558188
    0.488844
    0.414787
    0.336731
    0.255426
     0.17166
   0.0862407
   -0.664904
    -1.32341
    -1.96918
      -2.596
    -3.19783
    -3.76888
    -4.30364
    -4.79698
    -5.24414
    -5.64081
    -5.98317
    -6.26792
    -6.49233
    -6.65423
    -6.75205
    -6.78486
    -6.75234
    -6.65481
    -6.49319
    -6.26903
     -5.9845
    -5.64232
    -5.24578
    -4.79871
     -4.3054
    -3.77059
    -3.19944
    -2.59743
    -1.97036
    -1.32427
   -0.665363
   0.0839722
    0.167132
    0.248681
    0.327831
    0.403823
    0.475924
     0.54344
    0.605723
    0.662172
    0.712245
     0.75546
    0.791402
    0.819724
    0.840156
    0.852501
    0.856641
    0.852535
     0.84022
    0.819813
     0.79151
    0.755582
    0.712376
    0.662304
    0.605849
    0.543554
     0.47602
    0.403896
    0.327879
    0.248703
    0.167136
   0.0839683
   -0.644471
    -1.28276
    -1.90872
    -2.51633
    -3.09974
    -3.65332
    -4.17176
    -4.65004
    -5.08358
    -5.46818
    -5.80015
    -6.07629
    -6.29393
    -6.45098
    -6.54591
    -6.57783
    -6.54642
    -6.45198
    -6.29539
    -6.07818
    -5.80241
    -5.47075
    -5.08636
    -4.65297
    -4.17471
     -3.6562
    -3.10243
    -2.51872
    -1.91068
    -1.28418
   -0.645233
   0.0817263
    0.162663
    0.242031
    0.319068
    0.393031
    0.463209
    0.528926
    0.589552
    0.644502
    0.693248
    0.735321
    0.770315
    0.797894
    0.817791
    0.829813
    0.833848
    0.829853
    0.817867
    0.798002
    0.770449
    0.735472
    0.693407
    0.644658
    0.589695
    0.529046
    0.463299
    0.393087
     0.31909
    0.242027
    0.162644
   0.0817152
   -0.624409
    -1.24285
    -1.84937
    -2.43812
    -3.00344
    -3.53989
    -4.04229
     -4.5058
    -4.92597
    -5.29874
    -5.62052
    -5.88821
    -6.09925
    -6.25157
    -6.34371
    -6.37478
    -6.34447
    -6.25307
    -6.10144
    -5.89103
    -5.62387
    -5.30251
    -4.93004
    -4.51005
    -4.04656
    -3.54403
     -3.0073
    -2.44153
    -1.85216
    -1.24487
    -0.62549
   0.0795116
    0.158256
    0.235476
    0.310429
    0.382395
    0.450681
     0.51463
    0.573627
    0.627105
    0.674548
      0.7155
    0.749564
    0.776411
     0.79578
    0.807481
    0.811406
    0.807514
    0.795843
    0.776503
     0.74968
     0.71563
    0.674682
     0.62723
    0.573732
    0.514705
    0.450719
    0.382394
    0.310393
    0.235419
    0.158197
    0.079485
   -0.604737
    -1.20372
    -1.79117
    -2.36144
    -2.90904
    -3.42869
    -3.91538
    -4.36444
    -4.77151
     -5.1327
     -5.4445
    -5.70394
    -5.90851
    -6.05621
    -6.14561
    -6.17585
    -6.14662
    -6.05819
     -5.9114
    -5.70766
    -5.44892
    -5.13766
    -4.77686
       -4.37
    -3.92097
    -3.43411
    -2.91407
    -2.36588
    -1.79481
    -1.20634
   -0.606139
   0.0773346
    0.153924
    0.229033
    0.301939
     0.37194
    0.438361
    0.500565
    0.557951
    0.609969
    0.656116
    0.695946
    0.729076
    0.755185
    0.774019
    0.785395
    0.789205
    0.785409
    0.774045
     0.75522
    0.729115
    0.695981
    0.656139
    0.609972
    0.557927
    0.500508
     0.43827
     0.37182
      0.3018
    0.228895
    0.153811
   0.0772847
   -0.585452
    -1.16536
    -1.73413
     -2.2863
    -2.81655
    -3.31976
    -3.79109
      -4.226
    -4.62029
    -4.97016
    -5.27223
    -5.52359
    -5.72182
    -5.86498
    -5.95169
    -5.98109
    -5.95291
    -5.86738
    -5.72533
    -5.52811
     -5.2776
    -4.97622
    -4.62685
    -4.23283
    -3.79797
    -3.32643
    -2.82275
    -2.29178
    -1.73861
    -1.16859
    -0.58718
   0.0751981
    0.149672
    0.222708
      0.2936
    0.361669
    0.426256
    0.486738
    0.542534
    0.593107
    0.637969
    0.676683
    0.708881
    0.734251
    0.752547
    0.763592
    0.767279
     0.76357
    0.752502
     0.73418
     0.70878
    0.676548
    0.637795
    0.592897
    0.542288
    0.486461
    0.425955
     0.36136
    0.293302
    0.222446
    0.149476
   0.0751102
   -0.566598
    -1.12786
    -1.67837
    -2.21284
    -2.72611
    -3.21324
    -3.66954
    -4.09062
    -4.47239
    -4.81118
    -5.10372
    -5.34717
    -5.53918
    -5.67788
    -5.76193
    -5.79051
    -5.76332
    -5.68063
    -5.54321
    -5.35236
    -5.10991
    -4.81819
    -4.47999
    -4.09855
    -3.67754
    -3.22101
    -2.73333
    -2.21921
    -1.68359
    -1.13162
   -0.568609
   0.0730862
    0.145467
    0.216447
    0.285345
    0.351498
    0.414263
    0.473033
    0.527249
    0.576387
    0.619974
    0.657588
    0.688867
    0.713512
    0.731282
    0.742005
    0.745577
    0.741965
      0.7312
    0.713389
    0.688701
    0.657377
    0.619718
     0.57609
    0.526916
    0.472673
    0.413886
    0.351126
    0.285002
    0.216157
    0.145254
   0.0729863
   -0.548173
    -1.09121
    -1.62389
    -2.14106
    -2.63776
    -3.10918
    -3.55078
    -3.95831
    -4.32782
    -4.65576
    -4.93894
    -5.17463
    -5.36055
    -5.49489
    -5.57634
     -5.6041
     -5.5779
    -5.49796
    -5.36505
    -5.18042
    -4.94584
    -4.66356
    -4.33628
    -3.96713
    -3.55967
    -3.11781
     -2.6458
    -2.14816
    -1.62971
    -1.09541
   -0.550424
   0.0710014
    0.141314
    0.210262
    0.277186
    0.341442
    0.402402
    0.459474
    0.512121
    0.559836
    0.602159
    0.638682
    0.669053
    0.692979
    0.710229
    0.720636
      0.7241
    0.720587
    0.710129
    0.692831
    0.668856
    0.638439
    0.601871
    0.559509
     0.51176
     0.45909
    0.402005
    0.341061
    0.276845
    0.209981
    0.141111
   0.0709024
   -0.530178
    -1.05542
    -1.57066
    -2.07094
    -2.55143
    -3.00749
    -3.43472
    -3.82901
    -4.18653
    -4.50385
    -4.77788
    -5.00597
    -5.18592
    -5.31597
    -5.39486
    -5.42181
    -5.39655
     -5.3193
    -5.19078
    -5.01223
    -4.78534
    -4.51228
    -4.19568
    -3.83856
    -3.44436
    -3.01685
    -2.56016
    -2.07866
    -1.57699
    -1.05999
   -0.532633
   0.0689017
     0.13714
    0.204059
    0.269014
    0.331382
    0.390554
    0.445961
    0.497073
      0.5434
    0.584494
     0.61996
    0.649455
    0.672696
    0.689457
    0.699578
    0.702958
    0.699567
    0.689436
    0.672663
    0.649409
      0.6199
     0.58442
    0.543311
    0.496968
    0.445841
    0.390422
    0.331247
    0.268892
    0.203961
    0.137072
   0.0688676
   -0.512622
    -1.02049
    -1.51871
    -2.00247
    -2.46711
    -2.90814
    -3.32132
    -3.70264
    -4.04843
    -4.35534
    -4.62041
    -4.84106
    -5.01516
    -5.14101
    -5.21738
    -5.24353
    -5.21917
    -5.14454
    -5.02032
    -4.84771
    -4.62834
    -4.36431
    -4.05816
    -3.71281
    -3.33158
    -2.91813
    -2.47643
    -2.01072
    -1.52549
    -1.02539
   -0.515244
    0.066804
    0.132972
    0.197868
    0.260864
    0.321355
    0.378756
    0.432516
    0.482115
    0.527077
    0.566966
      0.6014
    0.630044
    0.652625
     0.66892
    0.678776
    0.682093
    0.678842
    0.669051
    0.652816
    0.630289
     0.60169
    0.567291
    0.527425
    0.482472
    0.432865
    0.379084
    0.321646
    0.261114
    0.198076
    0.133124
   0.0668789
   -0.495471
   -0.986359
    -1.46793
    -1.93554
    -2.38468
    -2.81102
    -3.21044
    -3.57908
    -3.91338
    -4.21012
    -4.46641
    -4.67977
    -4.84814
    -4.96987
    -5.04379
    -5.06914
    -5.04568
    -4.97361
     -4.8536
     -4.6868
    -4.47479
     -4.2196
    -3.92366
    -3.58982
    -3.22128
    -2.82157
    -2.39454
    -1.94427
     -1.4751
   -0.991537
   -0.498229
    0.064726
    0.128848
    0.191751
    0.252822
    0.311477
    0.367145
    0.419294
    0.467414
    0.511046
    0.549764
    0.583198
    0.611021
    0.632966
    0.648817
    0.658423
    0.661686
    0.658575
    0.649116
    0.633398
    0.611572
    0.583844
    0.550485
    0.511816
     0.46821
    0.420087
    0.367905
    0.312164
    0.253417
    0.192232
    0.129193
   0.0649057
   -0.478706
   -0.952991
    -1.41828
    -1.87009
    -2.30406
    -2.71601
    -3.10196
    -3.45818
    -3.78123
      -4.068
    -4.31569
    -4.52192
    -4.68468
    -4.80239
    -4.87389
    -4.89848
     -4.8759
    -4.80635
    -4.69047
    -4.52938
    -4.32459
    -4.07805
    -3.79212
    -3.46955
    -3.11344
    -2.72717
    -2.31447
    -1.87929
    -1.42582
   -0.958413
   -0.481568
   0.0626624
    0.124755
    0.185687
    0.244858
    0.301705
    0.355669
    0.406235
    0.452907
     0.49524
    0.532816
    0.565278
    0.592304
    0.613636
     0.62906
     0.63843
    0.641647
    0.638679
    0.629549
     0.61434
    0.593197
     0.56632
    0.533976
    0.496477
    0.454188
    0.407517
    0.356902
    0.302826
    0.245832
     0.18647
    0.125314
   0.0629589
   -0.462306
   -0.920343
    -1.36969
    -1.80603
    -2.22514
    -2.62299
    -2.99574
    -3.33979
    -3.65181
     -3.9288
    -4.16808
    -4.36732
     -4.5246
    -4.63836
    -4.70751
    -4.73135
    -4.70962
    -4.64253
    -4.53069
    -4.37516
    -4.17741
    -3.93934
    -3.66319
    -3.35164
    -3.00767
    -2.63457
     -2.2359
    -1.81551
    -1.37742
   -0.925873
   -0.465194
   0.0606631
    0.120785
    0.179797
    0.237116
    0.292196
    0.344495
    0.393512
    0.438765
    0.479819
    0.516269
    0.547764
    0.573991
    0.594696
    0.609671
     0.61877
    0.621902
    0.619035
    0.610192
    0.595455
    0.574965
    0.548916
    0.517568
    0.481222
    0.440232
    0.394992
    0.345933
    0.293526
    0.238287
    0.180753
    0.121477
   0.0610344
   -0.446249
   -0.888368
    -1.32209
    -1.74325
    -2.14778
    -2.53179
    -2.89158
    -3.22368
    -3.52488
    -3.79228
     -4.0233
     -4.2157
    -4.36764
    -4.47759
    -4.54448
    -4.56761
    -4.54672
    -4.48202
     -4.3741
    -4.22399
    -4.03311
    -3.80329
    -3.53671
    -3.23594
    -2.90385
    -2.54363
     -2.1587
    -1.75279
    -1.32978
   -0.893795
   -0.449012
   0.0587012
    0.116891
    0.174021
    0.229524
    0.282872
    0.333536
    0.381031
    0.424886
    0.464678
    0.500013
    0.530547
    0.555974
    0.576043
    0.590556
    0.599364
    0.602388
    0.599596
    0.591015
    0.576724
    0.556863
     0.53162
    0.501248
    0.466039
    0.426333
    0.382513
    0.335001
    0.284257
     0.23077
    0.175059
    0.117657
   0.0591195
   -0.430507
   -0.857016
    -1.27542
    -1.68168
    -2.07191
    -2.44232
    -2.78936
    -3.10968
    -3.40018
    -3.65806
    -3.88084
    -4.06636
    -4.21284
    -4.31882
    -4.38327
    -4.40548
    -4.38521
    -4.32267
    -4.21844
    -4.07353
    -3.88931
    -3.66755
    -3.41038
    -3.12025
    -2.79994
    -2.45253
    -2.08132
    -1.68989
    -1.28198
   -0.861604
   -0.432774
   0.0566954
    0.112965
    0.168302
    0.222076
     0.27377
    0.322851
    0.368835
    0.411278
    0.449759
     0.48393
    0.513459
    0.538048
    0.557457
    0.571491
    0.580009
    0.582931
    0.580225
    0.571916
    0.558085
    0.538864
    0.514441
    0.485053
    0.450986
    0.412568
     0.37017
      0.3242
    0.275101
    0.223346
    0.169434
    0.113882
   0.0572236
   -0.415056
   -0.826253
    -1.22963
    -1.62131
    -1.99751
     -2.3546
    -2.68917
    -2.99793
    -3.27791
    -3.52637
    -3.74089
    -3.91941
    -4.06022
    -4.16194
    -4.22359
    -4.24454
    -4.22457
     -4.1639
    -4.06308
    -3.92312
    -3.74533
    -3.53143
    -3.28348
    -3.00386
    -2.69524
     -2.3606
    -2.00313
    -1.62627
    -1.23364
   -0.829069
   -0.416436
   0.0547081
    0.109081
    0.162655
    0.214728
    0.264795
    0.312311
    0.356792
    0.397822
    0.434981
    0.467974
    0.496481
    0.520218
    0.538953
      0.5525
    0.560726
    0.563544
    0.560926
    0.552896
    0.539531
    0.520959
    0.497361
    0.468964
    0.436041
    0.398912
    0.357932
    0.313496
    0.266032
    0.215996
    0.163867
    0.110145
   0.0553469
   -0.399904
   -0.796068
    -1.18467
    -1.56195
    -1.92428
    -2.26816
     -2.5903
    -2.88753
      -3.157
    -3.39603
    -3.60228
     -3.7738
    -3.90894
     -4.0064
    -4.06526
    -4.08496
     -4.0653
    -4.00649
    -3.90909
    -3.77405
    -3.60266
    -3.39659
    -3.15781
    -2.88862
    -2.59161
    -2.26963
    -1.92578
    -1.56336
    -1.18584
   -0.796915
   -0.400294
   0.0529561
     0.10552
    0.157215
    0.207462
    0.255771
    0.301629
    0.344575
    0.384199
    0.420103
    0.451975
    0.479508
     0.50243
    0.520521
    0.533601
    0.541543
    0.544267
    0.541743
    0.533996
    0.521099
    0.503175
    0.480397
    0.452984
      0.4212
     0.38535
     0.34578
    0.302868
    0.257026
    0.208695
    0.158336
    0.106433
   0.0534834
   -0.385196
   -0.766714
    -1.14087
    -1.50399
    -1.85258
    -2.18328
    -2.49292
     -2.7785
    -3.03728
    -3.26673
    -3.46464
    -3.62914
    -3.75864
    -3.85191
    -3.90807
     -3.9266
    -3.90731
    -3.85041
    -3.75645
    -3.62635
    -3.46137
     -3.2631
    -3.03345
    -2.77464
    -2.48915
    -2.17974
    -1.84938
    -1.50126
     -1.1387
   -0.765224
   -0.384409
    0.051236
    0.102007
    0.151818
    0.200221
     0.24675
    0.290934
     0.33234
    0.370561
    0.405225
    0.435996
    0.462576
    0.484708
    0.502175
    0.514808
    0.522483
    0.525125
    0.522705
    0.515247
    0.502821
    0.485544
    0.463584
     0.43715
    0.406496
    0.371917
    0.333743
     0.29234
    0.248106
    0.201463
    0.152857
    0.102755
   0.0516367
   -0.370606
   -0.737585
    -1.09739
    -1.44646
     -1.7814
    -2.09905
    -2.39633
    -2.67041
    -2.91867
    -3.13873
    -3.32848
    -3.48613
    -3.61017
    -3.69943
    -3.75304
    -3.77053
    -3.75173
    -3.69684
    -3.60639
    -3.48127
    -3.32269
    -3.13219
     -2.9116
    -2.66305
    -2.38894
     -2.0919
    -1.77479
    -1.44067
    -1.09273
   -0.734338
   -0.368932
   0.0493756
   0.0983052
    0.146308
    0.192944
    0.237764
    0.280326
    0.320216
    0.357043
     0.39045
     0.42011
    0.445735
    0.467075
    0.483922
    0.496112
    0.503524
    0.506084
    0.503767
     0.49659
    0.484622
    0.467973
    0.446802
    0.421307
     0.39173
    0.358351
    0.321484
    0.281499
    0.238774
    0.193778
    0.146965
   0.0987643
   0.0496714
   -0.356233
   -0.708775
    -1.05416
    -1.38914
    -1.71047
    -2.01514
    -2.30022
      -2.563
    -2.80098
    -3.01189
    -3.19373
    -3.34476
    -3.46356
      -3.549
    -3.60027
    -3.61691
    -3.59875
      -3.546
    -3.45916
    -3.33909
    -3.18694
    -3.00419
    -2.79261
    -2.55423
    -2.29136
    -2.00651
    -1.70243
      -1.382
    -1.04829
   -0.704514
   -0.353968
   0.0475177
   0.0946162
    0.140832
    0.185729
     0.22887
    0.269837
    0.308233
    0.343683
    0.375844
    0.404401
    0.429075
    0.449627
    0.465855
    0.477599
    0.484743
    0.487214
    0.484986
    0.478073
    0.466541
    0.450493
    0.430079
    0.405486
    0.376945
    0.344725
    0.309127
    0.270526
    0.229288
    0.185935
    0.140932
    0.094669
    0.047652
   -0.341982
    -0.68023
    -1.01137
    -1.33247
    -1.64041
    -1.93235
    -2.20549
    -2.45725
    -2.68524
    -2.88729
    -3.06149
    -3.20618
    -3.31999
    -3.40185
    -3.45098
    -3.46693
    -3.44955
    -3.39903
    -3.31585
    -3.20083
    -3.05505
    -2.87994
    -2.67719
    -2.44874
    -2.19681
     -1.9238
    -1.63234
    -1.32517
    -1.00525
   -0.675623
   -0.339469
   0.0456812
   0.0909609
    0.135392
    0.178557
    0.220033
    0.259422
    0.296341
     0.33043
    0.361357
    0.388819
    0.412547
    0.432305
    0.447898
    0.459169
    0.466003
    0.468323
    0.466099
    0.459339
    0.448095
    0.432479
    0.412625
    0.388779
    0.361174
     0.33009
    0.295841
    0.258774
    0.219269
    0.177778
    0.134755
     0.09054
   0.0456119
   -0.327632
   -0.651612
   -0.968692
    -1.27613
    -1.57095
    -1.85046
    -2.11197
    -2.35304
    -2.57137
     -2.7649
    -2.93177
    -3.07043
    -3.17955
    -3.25809
    -3.30531
    -3.32077
    -3.30434
    -3.25618
    -3.17675
    -3.06681
    -2.92741
    -2.75987
    -2.56577
      -2.347
    -2.10566
    -1.84405
    -1.56472
    -1.27029
   -0.963626
   -0.647652
   -0.325416
    0.043877
   0.0873664
    0.130037
    0.171491
    0.211322
    0.249149
    0.284602
    0.317336
    0.347031
    0.373392
     0.39616
    0.415103
    0.430029
    0.440784
    0.447252
    0.449356
     0.44706
    0.440368
    0.429321
    0.414049
    0.394675
    0.371513
    0.344811
    0.314861
    0.281993
    0.246522
    0.208835
    0.169298
    0.128348
   0.0862658
   0.0435021
   -0.313524
   -0.623499
   -0.926811
    -1.22091
    -1.50296
    -1.77038
    -2.02064
    -2.25138
     -2.4604
    -2.64574
    -2.80561
    -2.93851
    -3.04316
    -3.11856
    -3.16399
    -3.17903
    -3.16353
    -3.11765
    -3.04184
    -2.93679
    -2.80352
    -2.64325
    -2.45751
    -2.24809
      -2.017
    -1.76646
    -1.49889
    -1.21686
   -0.923089
   -0.620404
   -0.311724
   0.0420792
   0.0837929
     0.12473
    0.164497
    0.202705
     0.23898
    0.272965
    0.304326
    0.332749
    0.357949
    0.379667
    0.397676
    0.411781
    0.421844
    0.427744
    0.429467
    0.426993
    0.420342
    0.409582
    0.394823
    0.376215
    0.354013
    0.328472
    0.299863
    0.268509
     0.23471
    0.198835
    0.161216
    0.122252
   0.0821985
   0.0414621
    -0.29944
   -0.595558
   -0.885395
     -1.1665
    -1.43617
    -1.69193
    -1.93136
    -2.15219
    -2.35231
    -2.52983
    -2.68305
    -2.81052
    -2.91099
    -2.98349
     -3.0273
    -3.04199
    -3.02741
     -2.9837
    -2.91129
    -2.81084
    -2.68335
    -2.52999
    -2.35223
     -2.1518
    -1.93062
    -1.69081
     -1.4347
    -1.16474
   -0.883543
   -0.593817
   -0.298357
   0.0402953
   0.0802458
    0.119458
    0.157544
    0.194128
    0.228842
    0.261338
    0.291292
    0.318397
    0.342375
    0.362972
    0.379966
    0.393162
    0.402447
    0.407699
    0.408984
    0.406302
      0.3997
    0.389271
    0.375103
    0.357365
     0.33624
    0.311973
    0.284809
    0.255049
    0.222982
    0.188949
    0.153254
    0.116264
   0.0782095
   0.0394625
   -0.285765
   -0.568445
   -0.845235
    -1.11378
    -1.37149
    -1.61599
    -1.84495
    -2.05619
    -2.24767
    -2.41758
     -2.5643
     -2.6864
    -2.78272
    -2.85228
     -2.8944
    -2.90864
    -2.89484
    -2.85315
    -2.78397
    -2.68795
    -2.56602
    -2.41936
    -2.24937
    -2.05768
    -1.84615
    -1.61682
    -1.37189
    -1.11373
   -0.844829
   -0.567783
   -0.285265
   0.0385071
   0.0766729
    0.114114
    0.150453
    0.185321
     0.21836
    0.249226
    0.277616
    0.303227
    0.325846
    0.345245
    0.361226
    0.373632
     0.38234
    0.387268
    0.388435
    0.385859
    0.379582
    0.369702
    0.356305
    0.339557
    0.319613
    0.296698
    0.271024
    0.242861
    0.212476
    0.180176
    0.146242
       0.111
   0.0746957
   0.0376563
   -0.272359
   -0.541961
   -0.806181
    -1.06265
    -1.30892
    -1.54264
    -1.76159
     -1.9636
    -2.14674
    -2.30924
    -2.44953
    -2.56627
    -2.65834
    -2.72482
    -2.76507
    -2.77867
    -2.76548
    -2.72564
    -2.65952
    -2.56777
    -2.45125
     -2.3111
    -2.14866
    -1.96551
     -1.7634
    -1.54429
     -1.3103
    -1.06369
    -0.80684
    -0.54223
   -0.272418
   0.0366621
   0.0729843
    0.108591
    0.143113
     0.17619
    0.207476
    0.236634
    0.263389
    0.287449
    0.308679
    0.326882
    0.341894
    0.353593
    0.361848
    0.366607
    0.367828
    0.365535
    0.359755
    0.350579
     0.33809
    0.322443
    0.303765
    0.282257
    0.258097
    0.231523
    0.202778
    0.172131
     0.13985
    0.106221
   0.0715114
   0.0360151
   -0.259435
   -0.516404
   -0.768444
    -1.01318
    -1.24826
    -1.47142
    -1.68051
    -1.87343
    -2.04831
    -2.20347
    -2.33738
    -2.44879
    -2.53663
    -2.60004
     -2.6384
    -2.65134
    -2.63871
    -2.60065
    -2.53752
    -2.44992
     -2.3387
    -2.20493
    -2.04989
    -1.87509
    -1.68222
    -1.47315
    -1.24989
     -1.0146
   -0.769573
   -0.517163
   -0.259814
   0.0345623
   0.0688093
    0.102364
    0.134916
    0.166126
    0.195675
    0.223262
    0.248612
    0.271475
     0.29168
    0.309053
    0.323433
     0.33471
    0.342765
    0.347547
       0.349
    0.347136
    0.341959
    0.333539
    0.321956
    0.307337
    0.289808
    0.269542
    0.246711
    0.221521
    0.194199
    0.164984
    0.134135
    0.101911
   0.0686114
   0.0345141
   -0.247287
    -0.49224
   -0.732515
   -0.965798
    -1.18985
    -1.40251
    -1.60173
    -1.78554
    -1.95215
    -2.09995
    -2.22751
    -2.33362
    -2.41727
    -2.47763
    -2.51411
    -2.52637
    -2.51427
    -2.47794
    -2.41772
    -2.33418
    -2.22815
    -2.10064
    -1.95287
     -1.7863
    -1.60251
     -1.4033
    -1.19059
   -0.966442
   -0.733019
   -0.492579
   -0.247451
   0.0323174
   0.0643623
   0.0957674
     0.12629
    0.155622
    0.183475
    0.209588
    0.233678
     0.25553
    0.274922
    0.291692
    0.305667
    0.316743
    0.324798
    0.329785
    0.331623
    0.330311
    0.325827
    0.318215
    0.307551
    0.293932
    0.277489
    0.258367
    0.236737
    0.212781
    0.186714
    0.158751
    0.129147
   0.0981397
   0.0660642
   0.0331865
   -0.235371
   -0.468527
   -0.697245
   -0.919276
    -1.13249
    -1.33482
    -1.52435
    -1.69919
    -1.85766
    -1.99824
    -2.11956
    -2.22047
    -2.29999
    -2.35735
      -2.392
    -2.40359
    -2.39202
    -2.35739
    -2.30004
    -2.22051
    -2.11959
    -1.99823
    -1.85763
    -1.69914
    -1.52428
    -1.33477
    -1.13242
   -0.919199
   -0.697165
   -0.468468
   -0.235326
   0.0300757
   0.0600487
   0.0896202
    0.118449
    0.146259
    0.172736
    0.197632
    0.220677
    0.241658
    0.260354
    0.276595
    0.290204
    0.301059
    0.309048
    0.314099
    0.316146
    0.315168
    0.311148
    0.304115
    0.294131
    0.281277
    0.265673
    0.247446
    0.226772
     0.20382
    0.178828
    0.152015
    0.123648
   0.0939949
   0.0632916
   0.0318026
   -0.223694
   -0.445255
   -0.662567
     -0.8735
    -1.07603
     -1.2682
    -1.44819
    -1.61423
    -1.76471
     -1.8982
    -2.01339
    -2.10919
    -2.18466
    -2.23909
    -2.27193
    -2.28289
    -2.27184
    -2.23889
    -2.18437
    -2.10881
    -2.01292
    -1.89764
    -1.76409
    -1.61356
     -1.4475
    -1.26753
    -1.07538
   -0.872902
   -0.662051
   -0.444865
   -0.223437
   0.0280055
   0.0560973
   0.0840487
    0.111411
    0.137928
    0.163254
    0.187136
    0.209316
    0.229579
    0.247697
    0.263493
    0.276784
    0.287427
    0.295318
    0.300365
    0.302519
    0.301741
     0.29803
    0.291402
    0.281913
     0.26963
     0.25467
    0.237148
    0.217251
    0.195143
    0.171096
    0.145336
    0.118148
   0.0898225
   0.0604899
   0.0304019
    -0.21221
   -0.422371
   -0.628474
   -0.828507
    -1.02054
    -1.20275
    -1.37337
    -1.53076
     -1.6734
    -1.79992
    -1.90909
    -1.99985
    -2.07134
    -2.12287
    -2.15393
    -2.16423
    -2.15368
    -2.12238
    -2.07062
    -1.99892
    -1.90796
    -1.79863
    -1.67198
    -1.52925
    -1.37182
    -1.20122
    -1.01909
   -0.827188
   -0.627363
   -0.421542
    -0.21169
   0.0267282
   0.0535062
   0.0801185
    0.106193
    0.131478
    0.155662
    0.178496
    0.199732
     0.21915
    0.236538
    0.251709
    0.264492
    0.274742
    0.282351
    0.287225
    0.289312
     0.28857
    0.285007
    0.278637
    0.269533
    0.257773
    0.243473
    0.226771
    0.207775
    0.186647
    0.163651
    0.139013
    0.112994
   0.0858624
   0.0577979
   0.0290501
   -0.200864
   -0.399791
   -0.594886
   -0.784232
   -0.966009
    -1.13846
    -1.29993
    -1.44886
    -1.58382
    -1.70349
    -1.80674
    -1.89256
    -1.96012
    -2.00879
    -2.03808
    -2.04774
    -2.03765
    -2.00793
    -1.95886
    -1.89092
    -1.80477
    -1.70124
    -1.58133
     -1.4462
    -1.29717
     -1.1357
   -0.963365
   -0.781832
   -0.592867
   -0.398306
   -0.200028
   0.0258555
   0.0516799
     0.07725
    0.102269
    0.126488
    0.149641
    0.171483
    0.191785
    0.210328
    0.226918
    0.241371
    0.253532
    0.263259
    0.270447
    0.275004
    0.276881
    0.276039
    0.272496
    0.266272
    0.257464
    0.246159
    0.232479
     0.21658
    0.198483
    0.178339
    0.156399
    0.132874
    0.108004
   0.0820311
   0.0551928
   0.0277417
   -0.189751
   -0.377673
   -0.561984
   -0.740856
   -0.912575
    -1.07547
    -1.22796
    -1.36859
      -1.496
    -1.60895
    -1.70637
    -1.78732
    -1.85102
    -1.89686
     -1.9244
    -1.93338
    -1.92372
    -1.89552
    -1.84906
     -1.7848
    -1.70336
    -1.60552
    -1.49224
     -1.3646
    -1.22385
    -1.07139
   -0.908701
   -0.737375
   -0.559083
   -0.375569
   -0.188626
   0.0250788
   0.0500288
   0.0746086
   0.0986053
    0.121778
      0.1439
    0.164739
    0.184088
    0.201739
    0.217511
    0.231231
    0.242759
    0.251967
    0.258763
    0.263072
    0.264845
    0.264062
    0.260695
    0.254763
    0.246351
    0.235539
    0.222444
    0.207199
    0.189874
    0.170617
    0.149639
    0.127139
    0.103341
   0.0784763
   0.0527888
    0.026522
   -0.178925
   -0.356115
    -0.52989
   -0.698522
   -0.860391
    -1.01392
    -1.15763
    -1.29013
    -1.41014
    -1.51652
    -1.60824
    -1.68441
    -1.74432
    -1.78737
    -1.81316
    -1.82144
    -1.81213
    -1.78537
    -1.74142
    -1.68073
    -1.60389
    -1.51163
    -1.40486
    -1.28461
    -1.15205
    -1.00849
    -0.85534
   -0.694074
   -0.526273
    -0.35355
   -0.177592
   0.0244201
   0.0485969
   0.0722689
   0.0953078
     0.11748
    0.138603
     0.15846
    0.176865
    0.193627
    0.208582
    0.221572
    0.232475
    0.241176
    0.247604
    0.251699
    0.253411
    0.252737
    0.249592
    0.243991
    0.235997
    0.225678
    0.213143
    0.198506
    0.181894
    0.163456
    0.143367
    0.121815
   0.0990125
   0.0751747
   0.0505553
   0.0253873
   -0.168345
   -0.335047
    -0.49853
   -0.657156
   -0.809406
   -0.953793
    -1.08893
    -1.21351
    -1.32632
     -1.4263
    -1.51248
    -1.58404
    -1.64031
    -1.68073
     -1.7049
    -1.71261
    -1.70376
    -1.67852
    -1.63714
    -1.58002
    -1.50775
    -1.42099
    -1.32059
    -1.20755
    -1.08295
   -0.948014
   -0.804065
   -0.652491
   -0.494777
   -0.332418
   -0.167004
    0.023513
   0.0467783
   0.0695439
   0.0916762
    0.112959
    0.133216
    0.152253
    0.169893
    0.185967
     0.20031
    0.212784
     0.22325
    0.231598
    0.237757
    0.241665
     0.24328
    0.242586
    0.239536
    0.234141
    0.226453
    0.216535
    0.204486
    0.190414
    0.174448
    0.156735
    0.137443
    0.116754
   0.0948749
   0.0720134
   0.0484149
   0.0243071
   -0.158058
   -0.314547
   -0.467986
   -0.616848
   -0.759704
   -0.895176
    -1.02196
    -1.13883
    -1.24463
    -1.33837
    -1.41912
    -1.48621
      -1.539
    -1.57695
    -1.59971
    -1.60704
    -1.59887
     -1.5753
    -1.53659
     -1.4831
    -1.41537
    -1.33404
     -1.2399
    -1.13387
    -1.01697
   -0.890347
   -0.755227
   -0.612914
   -0.464796
    -0.31229
   -0.156879
   0.0225844
   0.0449317
   0.0668083
   0.0880758
    0.108534
    0.128012
     0.14633
    0.163319
    0.178825
    0.192677
    0.204749
    0.214876
     0.22295
    0.228894
    0.232637
     0.23415
    0.233405
      0.2304
    0.225151
    0.217703
    0.208117
    0.196484
    0.182908
    0.167519
    0.150459
    0.131894
       0.112
   0.0909784
    0.069031
   0.0463935
   0.0232867
   -0.148053
   -0.294622
   -0.438316
   -0.577719
   -0.711493
    -0.83837
   -0.957135
    -1.06661
    -1.16572
     -1.2535
     -1.3291
    -1.39192
    -1.44141
    -1.47702
    -1.49841
    -1.50536
     -1.4978
    -1.47581
    -1.43962
    -1.38957
    -1.32617
    -1.25001
    -1.16186
    -1.06255
   -0.953061
    -0.83444
    -0.70784
   -0.574483
   -0.435661
   -0.292716
   -0.147028
   0.0218125
   0.0434057
   0.0645752
   0.0851489
     0.10494
    0.123766
    0.141453
    0.157839
    0.172771
    0.186093
    0.197678
    0.207384
    0.215106
    0.220767
    0.224302
    0.225679
    0.224875
    0.221893
    0.216754
    0.209505
    0.200209
    0.188955
    0.175846
    0.161006
    0.144576
    0.126713
    0.107587
   0.0873853
   0.0663013
   0.0445552
   0.0223515
   -0.138252
   -0.275146
    -0.40939
    -0.53962
   -0.664573
   -0.783157
    -0.89427
   -0.996728
    -1.08954
    -1.17178
    -1.24265
    -1.30153
    -1.34789
    -1.38122
    -1.40124
    -1.40772
    -1.40064
    -1.38004
    -1.34616
    -1.29931
    -1.23997
    -1.16872
    -1.08624
   -0.993346
   -0.890933
   -0.779999
   -0.661614
   -0.536928
   -0.407141
   -0.273525
   -0.137366
   0.0211538
   0.0421082
   0.0626843
   0.0826712
     0.10189
    0.120145
    0.137262
    0.153086
    0.167461
    0.180254
    0.191335
    0.200595
    0.207935
    0.213283
    0.216579
    0.217791
    0.216899
    0.213914
    0.208856
    0.201778
    0.192743
    0.181839
    0.169169
    0.154852
    0.139023
     0.12183
    0.103435
   0.0840131
   0.0637456
   0.0428376
   0.0214782
   -0.128865
   -0.256495
   -0.381692
   -0.503135
   -0.619621
   -0.730217
    -0.83392
   -0.929547
    -1.01619
    -1.09296
    -1.15912
    -1.21405
    -1.25721
    -1.28821
    -1.30675
    -1.31265
    -1.30589
    -1.28654
    -1.25479
    -1.21096
     -1.1555
    -1.08895
    -1.01196
   -0.925298
   -0.829788
   -0.726373
   -0.616046
   -0.499885
   -0.378999
   -0.254584
    -0.12783
   0.0207046
   0.0411543
   0.0611662
   0.0805688
   0.0991836
    0.116838
    0.133363
    0.148612
    0.162438
    0.174716
    0.185325
    0.194169
    0.201158
    0.206229
     0.20933
     0.21043
    0.209519
    0.206594
    0.201682
     0.19482
    0.186067
    0.175511
    0.163247
    0.149396
    0.134082
    0.117461
   0.0996849
    0.080956
   0.0614658
   0.0413271
   0.0206978
   -0.119849
   -0.238626
   -0.355251
   -0.468408
   -0.576989
   -0.679997
   -0.776464
   -0.865359
   -0.945827
    -1.01707
    -1.07841
    -1.12926
    -1.16914
    -1.19768
    -1.21461
    -1.21979
    -1.21319
    -1.19489
    -1.16509
     -1.1241
    -1.07234
    -1.01031
   -0.938622
   -0.858001
   -0.769228
   -0.673184
     -0.5708
   -0.463071
   -0.351033
   -0.235772
   -0.118392
   0.0202892
   0.0402646
    0.059733
   0.0785636
   0.0965809
    0.113638
    0.129577
     0.14426
     0.15755
    0.169332
    0.179496
    0.187954
    0.194628
     0.19946
    0.202409
    0.203443
    0.202557
    0.199737
    0.195007
    0.188389
    0.179934
    0.169727
    0.157856
    0.144441
    0.129602
    0.113502
   0.0962846
   0.0781863
   0.0594081
   0.0399686
   0.0199945
   -0.111125
   -0.221309
   -0.329574
   -0.434612
   -0.535417
   -0.630942
   -0.720261
   -0.802499
   -0.876863
   -0.942641
   -0.999207
    -1.04603
    -1.08267
    -1.10879
    -1.12416
    -1.12865
    -1.12223
    -1.10501
    -1.07716
      -1.039
   -0.990894
   -0.933335
   -0.866887
   -0.792222
   -0.710072
    -0.62126
   -0.526654
    -0.42717
   -0.323772
   -0.217439
   -0.109197
   0.0198025
   0.0392608
   0.0581743
   0.0764442
   0.0939028
    0.110418
    0.125843
    0.140046
      0.1529
    0.164295
    0.174129
    0.182305
    0.188748
    0.193387
    0.196172
    0.197086
    0.196113
    0.193268
    0.188568
    0.182073
    0.173839
    0.163982
    0.152619
    0.139733
    0.125421
    0.109854
   0.0931537
   0.0755901
   0.0573437
   0.0385198
   0.0192708
   -0.102996
    -0.20498
   -0.305019
   -0.401978
   -0.494925
   -0.582923
   -0.665123
   -0.740734
   -0.809032
   -0.869377
   -0.921197
   -0.964026
   -0.997467
    -1.02123
     -1.0351
    -1.03896
    -1.03281
    -1.01672
   -0.990881
   -0.955559
   -0.911119
   -0.858011
   -0.796762
   -0.727996
   -0.652393
   -0.570703
   -0.483727
   -0.392304
   -0.297322
   -0.199668
   -0.100283
    0.019268
   0.0381736
   0.0565116
   0.0742158
   0.0911264
    0.107124
    0.122074
    0.135845
    0.148319
    0.159385
    0.168948
    0.176893
    0.183145
    0.187614
     0.19024
    0.191021
    0.189934
    0.187027
    0.182317
    0.175911
    0.167877
    0.158362
    0.147513
    0.135163
    0.121382
    0.106342
   0.0901427
   0.0730877
    0.055342
   0.0371077
   0.0185654
  -0.0949352
   -0.188804
   -0.280724
   -0.369732
    -0.45497
   -0.535609
   -0.610875
    -0.68006
   -0.742502
   -0.797628
   -0.844916
   -0.883953
   -0.914381
   -0.935942
   -0.948449
   -0.951796
   -0.945969
    -0.93105
   -0.907201
   -0.874683
   -0.833827
   -0.785058
   -0.728864
   -0.665825
    -0.59657
   -0.521781
   -0.442195
   -0.358577
   -0.271742
   -0.182485
  -0.0916675
    0.018839
   0.0372774
   0.0551047
   0.0722881
   0.0886697
    0.104143
    0.118572
    0.131825
    0.143776
    0.154331
    0.163386
    0.170863
    0.176683
    0.180808
    0.183193
    0.183865
    0.182842
    0.180035
    0.175452
    0.169198
    0.161325
    0.152012
    0.141377
    0.129371
    0.116082
    0.101637
   0.0861567
   0.0698618
   0.0529181
   0.0355018
   0.0177842
  -0.0867558
   -0.172486
   -0.256382
    -0.33757
   -0.415263
   -0.488734
   -0.557279
   -0.620275
   -0.677126
    -0.72731
   -0.770355
   -0.805875
   -0.833543
   -0.853115
   -0.864419
   -0.867364
   -0.861934
   -0.848216
   -0.826359
     -0.7966
   -0.759247
   -0.714692
   -0.663386
   -0.605874
   -0.542742
   -0.474604
   -0.402142
   -0.326048
   -0.247073
   -0.165919
  -0.0833781
   0.0184227
    0.036404
   0.0537235
   0.0703773
   0.0862061
    0.101112
     0.11496
    0.127613
     0.13894
     0.14887
    0.157295
    0.164183
    0.169461
    0.173154
     0.17524
    0.175776
    0.174818
    0.172121
    0.167679
    0.161582
    0.153862
    0.144733
    0.134297
    0.122639
    0.109882
   0.0961093
   0.0814602
   0.0660632
   0.0500724
   0.0336241
   0.0168722
  -0.0787853
   -0.156598
   -0.232707
   -0.306326
    -0.37674
   -0.443314
    -0.50541
   -0.562479
   -0.613985
   -0.659451
   -0.698453
   -0.730629
   -0.755681
   -0.773383
   -0.783577
   -0.786185
   -0.781193
   -0.768689
   -0.748811
   -0.721772
   -0.687851
   -0.647406
   -0.600847
   -0.548681
   -0.491446
   -0.429693
   -0.364049
   -0.295138
   -0.223648
   -0.150198
  -0.0755173
   0.0178622
   0.0351865
   0.0517096
   0.0675395
   0.0825134
   0.0965649
    0.109562
    0.121422
    0.132039
    0.141368
    0.149352
    0.155843
    0.160776
    0.164173
    0.166007
    0.166356
    0.165257
    0.162567
    0.158296
     0.15249
    0.145195
    0.136561
    0.126687
    0.115661
    0.103598
   0.0905921
   0.0767668
   0.0622515
   0.0471826
   0.0316892
   0.0159139
  -0.0709723
   -0.141057
   -0.209591
   -0.275903
   -0.339354
   -0.399365
   -0.455361
    -0.50683
   -0.553282
   -0.594283
    -0.62944
   -0.658436
   -0.681002
   -0.696939
   -0.706105
    -0.70844
   -0.703934
   -0.692668
   -0.674771
   -0.650434
   -0.619913
   -0.583517
   -0.541617
   -0.494638
   -0.443062
   -0.387403
   -0.328231
   -0.266113
   -0.201682
   -0.135473
   -0.068154
   0.0170818
   0.0335253
   0.0490241
   0.0638044
   0.0777074
   0.0907068
    0.102683
    0.113618
    0.123434
    0.132119
    0.139656
    0.145771
    0.150395
    0.153532
    0.155146
    0.155339
    0.154135
    0.151509
      0.1475
    0.142109
    0.135396
    0.127429
    0.118296
    0.108069
   0.0968421
   0.0847199
   0.0718088
   0.0582461
   0.0441559
   0.0296663
   0.0149127
  -0.0634617
   -0.126126
   -0.187395
   -0.246703
   -0.303489
   -0.357222
   -0.407396
   -0.453535
   -0.495198
    -0.53199
   -0.563552
   -0.589611
   -0.609918
   -0.624299
   -0.632621
   -0.634835
   -0.630929
   -0.620968
   -0.605067
   -0.583392
   -0.556175
   -0.523673
   -0.486225
   -0.444178
   -0.397955
   -0.348036
   -0.294935
   -0.239165
   -0.181306
   -0.121822
  -0.0613294
   0.0154623
   0.0304365
   0.0446432
   0.0582491
   0.0711287
   0.0831789
   0.0942952
    0.104447
    0.113564
    0.121628
    0.128611
    0.134306
    0.138649
    0.141627
     0.14321
    0.143461
    0.142401
     0.14002
     0.13635
    0.131409
    0.125246
    0.117927
    0.109525
    0.100115
   0.0897848
   0.0786132
   0.0666973
   0.0541533
   0.0410927
   0.0276336
   0.0138958
  -0.0562559
    -0.11183
   -0.166196
   -0.218836
   -0.269241
   -0.316961
   -0.361539
   -0.402578
   -0.439692
   -0.472526
   -0.500764
    -0.52415
   -0.542463
   -0.555541
   -0.563266
    -0.56557
   -0.562439
     -0.5539
   -0.540044
   -0.521004
   -0.496979
   -0.468201
   -0.434969
    -0.39759
   -0.356444
   -0.311935
   -0.264516
   -0.214633
   -0.162796
   -0.109433
   -0.055088
   0.0134678
   0.0266434
   0.0392961
    0.051535
   0.0632643
   0.0742911
   0.0845134
   0.0938744
    0.102299
    0.109761
    0.116215
    0.121535
    0.125667
    0.128578
    0.130242
    0.130673
     0.12988
    0.127854
    0.124614
    0.120199
    0.114644
    0.108023
    0.100397
   0.0918486
   0.0824618
   0.0722877
    0.061413
   0.0499309
   0.0379381
   0.0255431
   0.0128505
  -0.0493814
  -0.0982119
    -0.14604
   -0.192395
   -0.236818
   -0.278926
   -0.318307
   -0.354628
   -0.387549
   -0.416744
   -0.441935
   -0.462879
   -0.479375
   -0.491273
   -0.498468
   -0.500875
   -0.498479
   -0.491271
   -0.479326
   -0.462745
   -0.441695
   -0.416384
   -0.387075
   -0.354037
   -0.317612
   -0.278134
   -0.236006
   -0.191613
   -0.145406
  -0.0977791
   -0.049208
   0.0115396
   0.0229687
   0.0341197
   0.0449769
   0.0554405
   0.0653372
   0.0745597
   0.0830409
   0.0906977
   0.0975031
    0.103406
    0.108318
    0.112192
    0.114993
    0.116698
    0.117295
    0.116785
    0.115153
     0.11241
    0.108589
    0.103721
   0.0978659
   0.0910764
   0.0834242
   0.0749792
   0.0658018
   0.0559708
   0.0455645
   0.0346739
   0.0233781
   0.0117688
  -0.0426715
  -0.0850028
   -0.126631
   -0.167097
   -0.206013
   -0.242996
   -0.277679
   -0.309746
   -0.338886
   -0.364805
   -0.387249
   -0.405991
   -0.420851
   -0.431679
    -0.43838
   -0.440859
   -0.439099
   -0.433086
   -0.422882
   -0.408564
   -0.390272
   -0.368173
   -0.342485
   -0.313444
   -0.281337
   -0.246471
    -0.20919
   -0.169868
   -0.128896
  -0.0866578
  -0.0435725
   0.0096095
   0.0192894
   0.0289308
   0.0383884
   0.0475581
   0.0562913
   0.0644788
    0.072046
   0.0789033
   0.0850247
   0.0903511
   0.0948339
   0.0984298
    0.101107
    0.102842
    0.103606
    0.103388
    0.102169
   0.0999476
    0.096751
   0.0926009
   0.0875419
   0.0816144
   0.0748779
   0.0673885
   0.0592186
   0.0504412
   0.0411225
   0.0313484
   0.0211692
   0.0106637
  -0.0364589
  -0.0727728
   -0.108656
   -0.143656
   -0.177444
   -0.209636
   -0.239909
   -0.267959
   -0.293506
   -0.316281
   -0.336058
   -0.352624
   -0.365822
   -0.375506
   -0.381591
    -0.38398
   -0.382654
   -0.377602
   -0.368881
   -0.356548
   -0.340731
   -0.321559
   -0.299219
    -0.27392
   -0.245903
   -0.215451
   -0.182852
   -0.148463
   -0.112618
  -0.0756818
  -0.0380084
  0.00796424
   0.0160337
   0.0241064
   0.0320941
   0.0399012
   0.0474091
   0.0545229
   0.0611577
   0.0672323
   0.0726948
   0.0774826
    0.081556
   0.0848686
   0.0873937
   0.0891013
   0.0899697
   0.0899836
   0.0891301
   0.0874076
   0.0848365
   0.0814378
   0.0772431
    0.072295
   0.0666086
   0.0602365
   0.0531826
   0.0454912
   0.0372279
    0.028444
   0.0192387
  0.00966599
  -0.0308429
  -0.0616962
  -0.0923486
   -0.122331
   -0.151367
   -0.179095
   -0.205239
   -0.229498
   -0.251625
   -0.271372
   -0.288536
   -0.302925
   -0.314393
   -0.322812
   -0.328101
    -0.33018
   -0.329028
   -0.324642
   -0.317065
   -0.306361
   -0.292633
   -0.276018
   -0.256675
   -0.234814
    -0.21065
   -0.184428
   -0.156402
   -0.126888
  -0.0961809
  -0.0645921
  -0.0324337
  0.00644379
   0.0130032
    0.019578
   0.0261442
   0.0326214
   0.0389265
   0.0449839
   0.0507018
   0.0560084
    0.060825
   0.0650833
   0.0687496
    0.071772
    0.074129
   0.0757848
   0.0767298
   0.0769452
   0.0764312
   0.0751873
   0.0732305
   0.0705819
   0.0672597
   0.0633065
   0.0586877
   0.0534456
   0.0475065
   0.0408807
    0.033631
   0.0257757
   0.0174698
  0.00874851
  -0.0256538
  -0.0514452
  -0.0772212
   -0.102489
   -0.127021
   -0.150476
   -0.172626
   -0.193181
   -0.211933
   -0.228657
   -0.243183
   -0.255343
   -0.265011
   -0.272078
    -0.27647
    -0.27813
   -0.277038
   -0.273203
    -0.26666
    -0.25748
   -0.245745
   -0.231597
   -0.215166
   -0.196661
   -0.176268
    -0.15419
   -0.130643
     -0.1059
  -0.0802121
  -0.0538336
  -0.0270336
  0.00516078
   0.0104163
   0.0156692
   0.0209456
   0.0261743
   0.0313091
   0.0362824
   0.0410284
   0.0454813
   0.0495794
   0.0532625
   0.0564991
   0.0592457
   0.0614816
   0.0631813
   0.0643323
   0.0649299
   0.0649386
   0.0643658
    0.063137
   0.0612409
   0.0587128
   0.0555614
   0.0517674
   0.0473383
   0.0422384
   0.0364647
   0.0300755
   0.0230855
   0.0156559
  0.00782875
  -0.0211434
  -0.0424302
  -0.0637449
  -0.0846255
   -0.104877
   -0.124204
   -0.142409
   -0.159267
   -0.174602
   -0.188239
   -0.200037
   -0.209869
   -0.217631
   -0.223232
   -0.226608
   -0.227717
   -0.226533
   -0.223111
   -0.217484
   -0.209729
   -0.199923
   -0.188193
   -0.174657
   -0.159477
    -0.14281
   -0.124824
     -0.1057
  -0.0856447
  -0.0648683
  -0.0435471
  -0.0219018
  0.00410718
  0.00826756
   0.0123817
   0.0165225
    0.020626
   0.0246826
   0.0286356
   0.0324501
   0.0360726
   0.0394665
    0.042586
    0.045407
   0.0478978
   0.0500404
   0.0518193
   0.0532162
   0.0542354
   0.0547972
   0.0549077
   0.0543904
   0.0531951
   0.0513736
   0.0489035
   0.0457898
   0.0420149
   0.0375959
   0.0325268
    0.026868
   0.0206334
   0.0139888
  0.00697873
  -0.0168555
  -0.0338492
  -0.0508994
  -0.0675782
  -0.0837274
  -0.0991003
   -0.113533
   -0.126864
    -0.13895
   -0.149663
    -0.15889
   -0.166544
   -0.172547
   -0.176825
   -0.179324
   -0.180015
   -0.178865
   -0.175962
   -0.171331
   -0.165046
   -0.157174
   -0.147819
   -0.137086
   -0.125084
   -0.111946
  -0.0978002
   -0.082799
  -0.0670865
  -0.0508366
   -0.034156
  -0.0172251
  0.00314654
  0.00631407
  0.00940679
   0.0125353
   0.0156501
   0.0187725
   0.0218666
   0.0249218
   0.0279083
    0.030816
   0.0336316
   0.0362857
   0.0387654
   0.0409374
   0.0427492
   0.0442353
   0.0453667
   0.0460964
   0.0463957
   0.0461503
   0.0453051
   0.0438884
   0.0418742
    0.039279
   0.0360961
   0.0323332
   0.0279969
   0.0231381
   0.0177845
   0.0120686
  0.00604642
  -0.0129002
  -0.0258536
  -0.0387805
  -0.0513912
  -0.0635629
  -0.0751283
  -0.0859655
  -0.0959529
   -0.104982
   -0.112949
    -0.11976
   -0.125383
    -0.12976
   -0.132862
   -0.134658
    -0.13513
   -0.134265
   -0.132102
    -0.12866
   -0.123984
   -0.118124
   -0.111145
   -0.103125
  -0.0941447
  -0.0843059
  -0.0737015
  -0.0624491
  -0.0506484
   -0.038432
  -0.0258663
  -0.0130923
  0.00239423
  0.00476511
  0.00702308
   0.0093181
   0.0116168
   0.0139719
   0.0163686
   0.0188195
   0.0213168
   0.0238724
   0.0264997
   0.0290735
   0.0315883
   0.0337829
   0.0355605
   0.0370098
   0.0380745
   0.0387528
   0.0389969
   0.0387759
   0.0380455
    0.036821
   0.0350807
   0.0328576
   0.0301582
   0.0269787
   0.0233362
   0.0192685
   0.0148116
   0.0100583
  0.00506791
 -0.00918137
  -0.0183511
  -0.0274373
  -0.0362858
  -0.0448058
  -0.0529043
  -0.0604967
  -0.0674985
  -0.0738312
  -0.0794118
  -0.0841579
  -0.0880839
  -0.0911405
  -0.0933316
  -0.0946398
  -0.0950521
  -0.0945693
  -0.0931782
  -0.0908936
  -0.0877301
  -0.0837226
  -0.0789021
   -0.073322
  -0.0670405
  -0.0601304
  -0.0526553
  -0.0447018
   -0.036331
  -0.0276401
  -0.0186614
 -0.00950368
  0.00175437
  0.00351012
  0.00521186
  0.00699728
  0.00886834
   0.0108315
   0.0128944
   0.0149698
   0.0170227
     0.01912
   0.0212448
   0.0233347
   0.0253567
    0.027147
   0.0286263
   0.0298298
   0.0307113
   0.0312652
   0.0314581
   0.0312689
   0.0306705
   0.0296766
   0.0282798
   0.0264948
    0.024333
    0.021778
    0.018842
   0.0155654
   0.0119783
  0.00814955
  0.00412887
  -0.0055231
  -0.0110763
  -0.0166161
  -0.0220327
  -0.0272602
  -0.0322606
  -0.0369755
  -0.0413696
   -0.045395
  -0.0490066
   -0.052155
  -0.0548318
  -0.0570027
  -0.0586531
  -0.0597647
  -0.0603154
  -0.0602978
   -0.059693
  -0.0585035
  -0.0567193
  -0.0543536
  -0.0514262
  -0.0479676
  -0.0440243
  -0.0396482
  -0.0348642
  -0.0297316
  -0.0242823
  -0.0185858
  -0.0126303
    -0.00649
  0.00133933
  0.00270616
  0.00408013
  0.00558092
  0.00723642
  0.00899239
   0.0108635
    0.012646
   0.0142683
   0.0158517
   0.0173551
   0.0187957
   0.0201331
   0.0213274
   0.0223338
   0.0231408
   0.0237167
   0.0240516
   0.0241247
   0.0239203
   0.0234244
   0.0226463
   0.0215892
    0.020244
   0.0186226
   0.0166924
   0.0144583
   0.0119617
  0.00922643
  0.00629853
  0.00321942
 -0.00227881
 -0.00463546
 -0.00705775
 -0.00948097
  -0.0118616
  -0.0142098
   -0.016485
  -0.0186909
  -0.0207993
  -0.0227931
  -0.0246482
  -0.0263297
  -0.0278151
  -0.0290713
  -0.0300796
  -0.0308109
  -0.0312515
  -0.0313791
  -0.0311863
  -0.0306392
  -0.0297295
  -0.0284644
  -0.0268499
  -0.0249183
  -0.0227007
   -0.020185
  -0.0174077
   -0.014378
  -0.0111468
 -0.00767213
 -0.00400632
  0.00129938
  0.00253241
  0.00367581
   0.0048675
  0.00611755
  0.00741236
  0.00874797
   0.0100071
   0.0111411
   0.0122188
   0.0132183
   0.0141589
   0.0150234
   0.0157969
   0.0164597
   0.0170016
   0.0174084
   0.0176531
   0.0177222
   0.0175795
   0.0172032
   0.0166232
    0.015835
   0.0148481
    0.013671
   0.0122711
   0.0106507
  0.00883429
  0.00683855
  0.00468792
  0.00241129
 0.000660521
  0.00115937
  0.00147773
  0.00162182
  0.00159304
  0.00138977
  0.00102527
 0.000508578
-0.000142886
-0.000905209
  -0.0017559
 -0.00266514
 -0.00360906
 -0.00455859
 -0.00549193
 -0.00638561
 -0.00722348
 -0.00798991
 -0.00867812
  -0.0092287
 -0.00962677
 -0.00984221
 -0.00986504
 -0.00967982
 -0.00928816
 -0.00865588
 -0.00778678
 -0.00667624
 -0.00533997
 -0.00377151
 -0.00199565
  0.00131266
  0.00245141
  0.00337644
  0.00424008
  0.00503771
  0.00580904
  0.00654741
  0.00724252
  0.00788105
  0.00848072
  0.00903684
  0.00956364
   0.0100593
   0.0105237
   0.0109551
   0.0113411
   0.0116811
   0.0119261
    0.012065
   0.0120362
   0.0118067
   0.0114265
   0.0108846
    0.010212
  0.00941703
    0.008471
  0.00737608
  0.00614163
  0.00477965
  0.00329601
  0.00171073
  0.00311541
  0.00598905
  0.00857636
    0.010835
   0.0127323
   0.0142805
   0.0154692
   0.0163216
   0.0168449
   0.0170705
   0.0170202
   0.0167212
   0.0162011
   0.0154887
   0.0146124
   0.0135944
   0.0124569
   0.0112113
   0.0098631
  0.00849221
  0.00711258
  0.00578069
  0.00451001
  0.00334858
  0.00230878
  0.00143105
 0.000731673
 0.000220302
-8.63443e-05
-0.000213004
-0.000147789
 0.000954299
  0.00175878
  0.00236583
   0.0028941
  0.00334309
  0.00374975
  0.00412144
  0.00446018
  0.00476888
  0.00505985
  0.00533716
  0.00560737
  0.00587282
  0.00612379
  0.00635286
   0.0065676
  0.00676022
  0.00692459
  0.00705553
  0.00710414
  0.00705286
  0.00692163
  0.00670967
  0.00641589
  0.00604708
  0.00556053
  0.00494742
   0.0042056
  0.00332653
  0.00232564
   0.0011978
   0.0051341
  0.00991057
   0.0142467
   0.0181473
   0.0215685
    0.024518
   0.0269754
   0.0289511
   0.0304387
    0.031468
   0.0320471
   0.0322212
   0.0320123
    0.031462
   0.0305982
   0.0294661
    0.028097
   0.0265236
    0.024771
   0.0228988
   0.0209356
   0.0189223
   0.0168844
   0.0148578
    0.012867
    0.010901
  0.00897776
  0.00708868
   0.0052482
  0.00345074
  0.00170839
 0.000441011
 0.000793394
   0.0010128
  0.00118601
  0.00131413
  0.00142343
  0.00152566
  0.00162273
  0.00172467
  0.00183279
  0.00195411
  0.00208172
  0.00221621
  0.00233307
  0.00241606
  0.00249324
   0.0025527
  0.00263781
  0.00275578
  0.00287628
  0.00300012
  0.00311568
   0.0032294
  0.00330279
  0.00333624
   0.0032688
  0.00307762
  0.00274798
  0.00225144
  0.00161644
 0.000817548
  0.00667597
   0.0128952
   0.0185439
   0.0236825
   0.0282643
   0.0323024
   0.0357745
    0.038684
   0.0410149
   0.0427959
   0.0440196
   0.0447438
   0.0449777
   0.0447666
   0.0441271
   0.0431163
   0.0417627
   0.0401084
   0.0381869
   0.0360281
   0.0336685
   0.0311295
   0.0284476
   0.0256503
   0.0227807
   0.0197886
   0.0167039
   0.0135092
   0.0102228
  0.00686052
  0.00343287
 3.17944e-05
 1.33179e-05
 -9.0923e-05
-0.000221433
-0.000382597
 -0.00054248
-0.000693071
-0.000832248
-0.000954736
 -0.00104756
 -0.00110405
 -0.00111943
 -0.00108658
  -0.0010248
-0.000934791
-0.000806631
-0.000635428
-0.000413553
-0.000131353
 0.000183593
 0.000527137
 0.000890703
  0.00127033
  0.00161619
  0.00191065
  0.00209869
  0.00214378
   0.0020282
  0.00170956
  0.00124232
   0.0005923
   0.0077567
   0.0149664
   0.0214788
   0.0274341
   0.0327766
   0.0375669
   0.0417888
   0.0454483
   0.0485354
   0.0510626
   0.0530256
   0.0544548
   0.0553589
   0.0557493
   0.0556371
   0.0550608
   0.0540444
    0.052614
   0.0508015
   0.0485917
   0.0460135
   0.0430737
   0.0398034
   0.0362282
   0.0323847
   0.0282801
   0.0239493
   0.0194164
   0.0147115
  0.00988112
  0.00495481
-0.000306398
-0.000629553
-0.000997744
 -0.00137939
 -0.00178452
 -0.00217481
 -0.00254541
 -0.00289285
 -0.00321468
 -0.00348262
 -0.00368633
 -0.00380445
 -0.00381927
  -0.0037421
 -0.00355811
 -0.00327995
 -0.00289272
 -0.00243511
 -0.00190427
 -0.00133276
-0.000735239
 -0.00011945
 0.000498974
   0.0010598
  0.00152908
   0.0018612
  0.00201008
  0.00195998
   0.0016599
  0.00119582
 0.000529514
  0.00851835
   0.0164443
   0.0236064
   0.0302241
   0.0362269
   0.0417123
   0.0466587
   0.0510639
    0.054914
    0.058197
   0.0609047
    0.063036
    0.064595
   0.0655579
   0.0659287
   0.0657274
   0.0649749
   0.0636858
   0.0618976
   0.0595601
    0.056705
   0.0533336
   0.0494791
   0.0451716
   0.0404435
   0.0353574
   0.0299507
    0.024284
    0.018394
    0.012351
  0.00619701
-0.000702564
  -0.0013666
 -0.00200468
 -0.00260757
 -0.00317596
 -0.00368945
 -0.00413685
 -0.00451672
 -0.00481623
 -0.00502218
 -0.00511533
 -0.00509965
  -0.0049583
 -0.00471163
 -0.00435471
 -0.00390224
 -0.00335627
 -0.00274753
  -0.0020901
 -0.00141191
-0.000741191
-8.37686e-05
 0.000530734
  0.00106959
  0.00149678
  0.00177646
  0.00186775
  0.00177401
  0.00146293
  0.00102379
 0.000447568
  0.00867015
   0.0169016
    0.024555
   0.0317737
   0.0384902
   0.0447477
   0.0505117
   0.0557498
   0.0604319
    0.064519
   0.0679852
   0.0708143
   0.0729952
   0.0744869
    0.075282
   0.0753703
    0.074757
   0.0734507
   0.0714733
   0.0688124
   0.0654954
   0.0615546
   0.0570281
   0.0519837
   0.0464734
   0.0405652
   0.0343178
    0.027793
   0.0210507
   0.0141413
  0.00712694
  -0.0010543
 -0.00201283
 -0.00286673
 -0.00362435
 -0.00427377
  -0.0048116
 -0.00522021
 -0.00550165
 -0.00563582
 -0.00563053
 -0.00546477
  -0.0051767
 -0.00475882
 -0.00424806
 -0.00365522
 -0.00299981
  -0.0023019
 -0.00158187
-0.000868532
-0.000182045
 0.000439682
 0.000997883
   0.0014556
  0.00181612
   0.0020493
  0.00213593
  0.00204626
  0.00180706
  0.00140631
 0.000933782
 0.000404216
  0.00874061
   0.0171815
   0.0252089
    0.032889
   0.0401584
   0.0470099
   0.0533996
   0.0592701
     0.06458
   0.0692692
   0.0732992
   0.0766452
    0.079287
   0.0811731
   0.0822918
   0.0826087
   0.0821181
   0.0808242
    0.078733
   0.0758654
   0.0722386
   0.0679084
   0.0629088
   0.0573356
   0.0512523
   0.0447258
   0.0378322
   0.0306324
   0.0232101
   0.0155996
  0.00788801
 -0.00107628
 -0.00201524
 -0.00277397
 -0.00340869
 -0.00389955
 -0.00426435
 -0.00449105
 -0.00458866
 -0.00455253
 -0.00438487
 -0.00408468
 -0.00367362
 -0.00315867
 -0.00258151
 -0.00196731
 -0.00133349
-0.000712895
-9.58381e-05
 0.000492187
  0.00103213
  0.00149573
  0.00187798
  0.00215393
  0.00233226
  0.00239847
  0.00234229
  0.00215325
  0.00184435
   0.0014147
 0.000931877
 0.000408596
  0.00887884
   0.0175191
   0.0258118
   0.0337984
   0.0414109
   0.0486306
   0.0554081
   0.0616654
    0.067353
   0.0723973
   0.0767493
    0.080376
    0.083245
   0.0853169
   0.0865725
   0.0869909
   0.0865652
   0.0853034
   0.0832152
   0.0803167
   0.0766313
    0.072198
   0.0670554
   0.0612731
   0.0549127
   0.0480377
   0.0407239
   0.0330384
   0.0250672
    0.016862
  0.00851502
-0.000835748
 -0.00150223
 -0.00192882
 -0.00222672
 -0.00237431
 -0.00241589
 -0.00234942
 -0.00219391
 -0.00196156
 -0.00164749
 -0.00126781
-0.000821947
-0.000325804
 0.000180301
 0.000663105
  0.00111404
  0.00149464
  0.00185211
  0.00217102
   0.0024386
  0.00264035
  0.00276694
  0.00280609
   0.0027701
  0.00265782
   0.0024642
  0.00219328
  0.00183757
  0.00140105
 0.000923755
 0.000413665
   0.0087715
   0.0173654
   0.0256809
   0.0337365
   0.0414618
   0.0488279
   0.0557829
   0.0622322
    0.068122
   0.0733692
   0.0779171
   0.0817261
   0.0847523
   0.0869677
    0.088344
   0.0888711
   0.0885391
   0.0873567
   0.0853357
   0.0824863
   0.0788375
   0.0744124
   0.0692553
   0.0634109
   0.0569397
   0.0499025
   0.0423742
   0.0344262
   0.0261452
   0.0175972
  0.00887585
-0.000175688
-0.000286218
-0.000277138
-0.000201112
-4.71871e-05
 0.000175428
 0.000467381
 0.000801671
  0.00116257
  0.00155138
  0.00194798
  0.00236545
   0.0027899
  0.00319111
    0.003545
  0.00383967
  0.00404899
  0.00420307
  0.00429077
  0.00431203
  0.00425752
  0.00412894
  0.00392004
  0.00364575
  0.00330766
  0.00291315
  0.00246814
  0.00198014
  0.00145832
 0.000935343
  0.00042778
  0.00836437
   0.0166352
   0.0247331
   0.0326219
   0.0402301
   0.0475076
   0.0543934
   0.0608037
   0.0666795
   0.0719467
   0.0765499
   0.0804429
   0.0835829
   0.0859335
    0.087466
   0.0881591
   0.0880004
    0.086987
   0.0851253
   0.0824222
   0.0789016
   0.0745859
   0.0695158
   0.0637354
   0.0573027
   0.0502776
   0.0427338
    0.034745
   0.0263985
   0.0177698
  0.00895484
 0.000645198
  0.00122591
  0.00176945
  0.00228201
  0.00276723
  0.00325797
  0.00375993
   0.0042439
  0.00469592
  0.00511798
  0.00549005
  0.00584108
  0.00616265
   0.0064374
  0.00665223
   0.0067914
  0.00683918
  0.00680394
  0.00667515
  0.00646279
  0.00616051
  0.00577965
  0.00531857
  0.00479369
   0.0042087
  0.00358403
  0.00292902
  0.00226955
  0.00162286
  0.00101661
  0.00047652
  0.00773177
   0.0154519
   0.0231038
   0.0305998
   0.0378692
   0.0448429
   0.0514531
   0.0576271
   0.0633027
   0.0684161
   0.0729144
   0.0767478
   0.0798766
    0.082259
   0.0838687
   0.0846758
    0.084668
   0.0838323
   0.0821716
    0.079689
   0.0764034
   0.0723348
   0.0675189
   0.0619963
   0.0558196
   0.0490429
   0.0417347
   0.0339679
   0.0258264
   0.0173913
  0.00875784
  0.00142785
  0.00269994
  0.00381898
  0.00481641
  0.00568937
  0.00648297
  0.00719971
  0.00783349
  0.00837458
  0.00882877
  0.00918212
   0.0094576
  0.00964736
  0.00974922
  0.00975237
  0.00965461
   0.0094444
  0.00913361
  0.00871598
  0.00820719
  0.00760703
  0.00693518
  0.00619831
  0.00542312
  0.00462546
  0.00382946
  0.00305932
  0.00232349
  0.00164764
  0.00103287
  0.00050497
  0.00687468
   0.0138129
   0.0207806
   0.0276512
    0.034361
   0.0408234
   0.0469718
   0.0527321
   0.0580435
   0.0628443
   0.0670835
   0.0707146
   0.0737001
   0.0760018
   0.0775955
   0.0784512
    0.078557
   0.0778983
   0.0764768
   0.0742893
   0.0713504
   0.0676736
   0.0632869
   0.0582313
   0.0525544
   0.0462787
    0.039456
   0.0321749
   0.0245123
   0.0165292
  0.00830085
  0.00217471
  0.00411337
  0.00579406
  0.00727055
   0.0085302
  0.00962655
   0.0105566
   0.0113369
   0.0119616
   0.0124397
   0.0127625
   0.0129453
   0.0129798
   0.0128788
   0.0126344
   0.0122601
   0.0117509
   0.0111256
   0.0103848
  0.00955219
  0.00863552
  0.00766449
  0.00665571
  0.00564742
  0.00466793
  0.00374378
  0.00291162
  0.00215809
  0.00151334
 0.000947971
 0.000485472
  0.00579972
   0.0117313
   0.0177811
   0.0237852
   0.0296897
   0.0353945
   0.0408384
   0.0459503
   0.0506748
   0.0549558
   0.0587477
   0.0620098
    0.064709
   0.0668123
   0.0682993
   0.0691409
   0.0693282
   0.0688473
   0.0677007
   0.0658795
   0.0633947
    0.060254
   0.0564757
   0.0520965
   0.0471548
   0.0416397
    0.035583
   0.0290838
    0.022209
   0.0149994
  0.00750738
  0.00291057
  0.00546524
  0.00759443
  0.00943684
   0.0109691
   0.0122602
   0.0133047
   0.0141319
   0.0147384
   0.0151417
   0.0153379
    0.015349
   0.0151739
   0.0148342
   0.0143331
   0.0136901
   0.0129132
   0.0120252
   0.0110408
  0.00998594
  0.00888294
  0.00775878
  0.00664435
  0.00555459
  0.00452071
  0.00356469
  0.00271894
   0.0019791
  0.00137146
 0.000856795
 0.000453654
  0.00460286
  0.00936376
   0.0142824
    0.019185
   0.0240271
    0.028714
   0.0331951
   0.0374097
   0.0413142
    0.044859
   0.0480088
   0.0507317
   0.0530045
   0.0547912
    0.056077
   0.0568288
   0.0570373
   0.0567127
   0.0558647
   0.0544651
   0.0525192
    0.050059
   0.0471081
   0.0436325
   0.0396442
   0.0351461
    0.030149
   0.0247203
   0.0188888
   0.0127501
  0.00633415
  0.00354893
  0.00662323
  0.00910345
   0.0112148
   0.0129247
    0.014319
   0.0153907
   0.0161827
   0.0166956
   0.0169564
   0.0169684
   0.0167623
   0.0163466
   0.0157528
   0.0149958
   0.0141017
   0.0130913
   0.0119911
   0.0108288
  0.00963073
  0.00843128
  0.00725077
  0.00612978
   0.0050542
  0.00405343
  0.00314155
   0.0023452
  0.00167014
   0.0011405
 0.000710034
  0.00039505
  0.00321824
  0.00660611
   0.0101714
   0.0137337
   0.0172625
   0.0206741
   0.0239334
   0.0269947
   0.0298302
   0.0324004
   0.0346833
   0.0366585
   0.0383157
   0.0396191
   0.0405623
   0.0411106
   0.0412552
   0.0410297
   0.0404515
   0.0394754
   0.0381029
    0.036392
    0.034376
   0.0319608
   0.0291391
   0.0259319
   0.0223312
   0.0183712
   0.0140366
  0.00946273
  0.00464038
  0.00316087
  0.00602584
  0.00850125
   0.0106605
   0.0124756
   0.0139795
   0.0151681
   0.0160643
   0.0166738
   0.0170167
   0.0171038
   0.0169598
   0.0166009
   0.0160543
   0.0153409
   0.0144868
    0.013516
   0.0124553
    0.011332
    0.010172
  0.00900442
  0.00785036
  0.00673885
  0.00567014
  0.00466455
  0.00373372
  0.00289366
   0.0021499
  0.00151271
 0.000958201
 0.000488689
  0.00186394
   0.0037912
   0.0057762
  0.00774131
  0.00967074
   0.0115213
   0.0132755
   0.0149098
   0.0164101
   0.0177569
    0.018939
   0.0199464
   0.0207741
   0.0214061
   0.0218404
   0.0220608
   0.0220639
   0.0218663
   0.0214774
   0.0208787
   0.0200733
   0.0190911
   0.0179509
   0.0166154
   0.0150867
    0.013376
   0.0114834
   0.0094256
  0.00719717
  0.00485296
  0.00238273
-2.58385e-05
-5.07066e-05
-6.56753e-05
-7.84321e-05
-8.67446e-05
-9.28042e-05
-9.63129e-05
-9.80762e-05
-9.79144e-05
-9.64735e-05
-9.34074e-05
-8.93954e-05
-8.41546e-05
-7.82454e-05
-7.15261e-05
-6.44033e-05
-5.68274e-05
-4.91092e-05
-4.13693e-05
-3.37392e-05
-2.66185e-05
-1.98289e-05
-1.38676e-05
-8.42932e-06
-3.72916e-06
 2.81724e-07
 2.90997e-06
 4.78132e-06
 4.56718e-06
  3.7478e-06
 1.98868e-06
 2.40969e-05
 4.81937e-05
  4.4022e-05
 3.98502e-05
 3.76931e-05
  3.5536e-05
 3.42458e-05
 3.29556e-05
 3.11676e-05
 2.93796e-05
 2.71901e-05
 2.50007e-05
 2.02431e-05
 1.54855e-05
 1.07655e-05
 6.04562e-06
 3.31888e-06
 5.92144e-07
-5.80311e-06
-1.21984e-05
-1.60835e-05
-1.99687e-05
-3.22645e-05
-4.45603e-05
 -4.9897e-05
-5.52338e-05
 -5.5476e-05
-5.57183e-05
-3.73368e-05
-1.89554e-05
-9.47768e-06
