0.0980198
0.0956106
0.0932307
0.090876
0.0885474
0.08624580000000001
0.08397180000000001
0.08172589999999999
0.07951130000000001
0.07733430000000001
0.07519780000000001
0.0730858
0.0710007
0.06890189999999999
0.06680499999999999
0.06472819999999999
0.06266619999999999
0.06066749999999999
0.058706600000000005
0.0567072
0.0547264
0.052966599999999996
0.0512388
0.0493797
0.04752290000000001
0.0456865
0.0438821
0.042085000000000004
0.0403017
0.0385127
0.0366671
0.0345701
0.0323289
0.030100799999999997
0.0280449
0.026758099999999996
0.0258747
0.025087900000000003
0.0244177
0.023511
0.022582599999999998
0.0218104
0.0211519
0.0206957
0.0202743
0.019784700000000002
0.0192483
0.0188145
0.0183939
0.0178254
0.0170371
0.0154357
0.0134601
0.0115466
0.00963168
0.00798704
0.00646619
0.00517938
0.00412025
0.00315587
0.00239801
0.00175924
0.00134471
0.00129389
0.00129732
0.000943334
0.000436234
2.95341e-05
-0.000306319
-0.000697322
-0.0010444
-0.001065
-0.000823462
-0.000175188
0.000633445
0.00140851
0.00214875
0.00287439
0.00350322
0.00313764
-1.95399e-05
