0.0980198
0.09561080000000001
0.093231
0.0908764
0.0885479
0.0862464
0.08397239999999999
0.0817265
0.0795119
0.0773349
0.0751984
0.0730869
0.07100260000000001
0.0689053
0.06681000000000001
0.0647341
0.0626726
0.0606731
0.058711
0.0567154
0.054738300000000004
0.052969
0.0512317
0.0493718
0.0475144
0.0456779
0.043873699999999995
0.042078199999999996
0.0402967
0.0385078
0.0366622
0.0345658
0.0323241
0.030102099999999996
0.0280517
0.026751499999999998
0.025856
0.0250638
0.0243897
0.023491400000000003
0.0225717
0.021806299999999997
0.0211541
0.0206957
0.0202713
0.0197793
0.0192396
0.0187989
0.018371000000000002
0.017792099999999998
0.0169932
0.015402500000000001
0.013436600000000002
0.0115257
0.00961289
0.00795861
0.00642915
0.00513467
0.0040696
0.00310667
0.00235207
0.00172532
0.00132339
0.00127323
0.00127631
0.0009270939999999999
0.000422949
1.64577e-05
-0.00031900900000000004
-0.00070393
-0.00104442
-0.00106064
-0.000814343
-0.000171021
0.000633125
0.00140513
0.00214134
0.00285765
0.00347647
0.00312986
-1.53824e-05
