0.0980197
0.09561069999999999
0.09323089999999999
0.09087630000000001
0.08854780000000001
0.0862462
0.0839722
0.0817263
0.07951160000000002
0.0773346
0.07519810000000002
0.07308619999999999
0.07100139999999999
0.0689017
0.066804
0.064726
0.06266240000000001
0.0606631
0.058701199999999995
0.05669540000000001
0.0547081
0.052956100000000006
0.051236000000000004
0.0493756
0.047517699999999996
0.0456812
0.043877
0.0420792
0.040295300000000006
0.038507099999999995
0.036662099999999996
0.034562300000000004
0.0323174
0.0300757
0.0280055
0.026728199999999997
0.0258555
0.0250788
0.0244201
0.023513
0.0225844
0.0218125
0.021153799999999997
0.0207046
0.0202892
0.0198025
0.019268
0.018838999999999998
0.0184227
0.0178622
0.017081799999999998
0.015462299999999998
0.0134678
0.0115396
0.0096095
0.00796424
0.00644379
0.00516078
0.00410718
0.00314654
0.00239423
0.00175437
0.00133933
0.00129938
0.00131266
0.0009542989999999999
0.000441011
3.17944e-05
-0.000306398
-0.0007025639999999999
-0.0010543
-0.00107628
-0.000835748
-0.000175688
0.000645198
0.00142785
0.00217471
0.00291057
0.00354893
0.00316087
-2.58385e-05
