-0.773195
-0.751602
-0.73031
-0.709316
-0.688623
-0.668234
-0.6481399999999999
-0.6283479999999999
-0.608855
-0.5896640000000001
-0.570771
-0.552178
-0.533885
-0.515894
-0.49820299999999995
-0.48081599999999997
-0.463732
-0.446952
-0.43047299999999994
-0.41429099999999996
-0.398413
-0.382836
-0.367566
-0.352605
-0.33795
-0.323606
-0.30956500000000003
-0.29583200000000004
-0.28239899999999996
-0.26926500000000003
-0.256434
-0.2439
-0.23167600000000002
-0.21976199999999999
-0.208156
-0.19685999999999998
-0.185872
-0.17519200000000001
-0.16481800000000002
-0.154751
-0.144986
-0.135521
-0.126357
-0.11749200000000001
-0.108927
-0.100656
-0.0926845
-0.0850165
-0.0776452
-0.07056289999999998
-0.0637838
-0.0573124
-0.0511415
-0.045279
-0.0397157
-0.034444499999999996
-0.0294741
-0.024803799999999997
-0.0204358
-0.0163656
-0.012598
-0.00913874
-0.00597947
-0.00313394
-0.000581306
0.00168993
0.00366532
0.00535023
0.00672937
0.00781456
0.0085941
0.00905245
0.00921529
0.00908665
0.00866486
0.00795085
0.00694408
0.00564675
0.00405625
0.00216981
-2.8250999999999995e-07
