-0.773196
-0.751603
-0.7303109999999999
-0.709317
-0.688624
-0.668235
-0.648142
-0.6283489999999999
-0.6088560000000001
-0.589666
-0.570773
-0.55218
-0.533887
-0.515895
-0.498204
-0.480817
-0.463733
-0.446953
-0.43047399999999997
-0.414292
-0.398414
-0.382836
-0.36756500000000003
-0.352603
-0.337948
-0.32360300000000003
-0.309562
-0.29583000000000004
-0.28239699999999995
-0.269264
-0.256434
-0.24389899999999998
-0.231674
-0.219759
-0.20815300000000003
-0.196857
-0.185868
-0.175188
-0.16481400000000002
-0.154748
-0.144983
-0.135519
-0.126355
-0.11749100000000001
-0.108926
-0.100656
-0.0926846
-0.0850176
-0.0776473
-0.07056439999999999
-0.0637847
-0.057313
-0.0511418
-0.0452801
-0.039717699999999995
-0.0344463
-0.029475599999999998
-0.0248053
-0.0204373
-0.016366299999999997
-0.012598
-0.00913861
-0.00597916
-0.00313531
-0.000584368
0.00168633
0.00366125
0.00534637
0.00672577
0.00781329
0.00859512
0.00905314
0.00921563
0.00908716
0.0086655
0.00795143
0.00694459
0.00564742
0.00405707
0.00217013
-3.8310299999999996e-07
