-0.773196
-0.751603
-0.7303109999999999
-0.709317
-0.688624
-0.6682359999999999
-0.648142
-0.62835
-0.608857
-0.589666
-0.570773
-0.55218
-0.533887
-0.515895
-0.498204
-0.480817
-0.463733
-0.446952
-0.43047299999999994
-0.414292
-0.398413
-0.382837
-0.367568
-0.352606
-0.337952
-0.32360700000000003
-0.309566
-0.29583200000000004
-0.282398
-0.269264
-0.256432
-0.243898
-0.231674
-0.219759
-0.208154
-0.196858
-0.185869
-0.175189
-0.16481500000000002
-0.154748
-0.144983
-0.135518
-0.126353
-0.11748800000000001
-0.108923
-0.10065299999999999
-0.0926815
-0.0850132
-0.0776416
-0.0705605
-0.0637824
-0.057311400000000005
-0.051140899999999996
-0.0452779
-0.039714099999999995
-0.034443
-0.0294728
-0.0248025
-0.0204345
-0.0163649
-0.012598
-0.00913902
-0.00597997
-0.0031328000000000003
-0.00057854
0.00169314
0.00366904
0.00535379
0.00673281
0.00781619
0.00859388
0.00905278
0.00921615
0.00908748
0.00866563
0.00795157
0.00694474
0.00564702
0.00405612
0.00216973
-2.21895e-07
