     0.09802
     0.19509
     0.29028
     0.38268
      0.4714
     0.55557
     0.63439
     0.70711
     0.77301
     0.83147
     0.88192
    0.923879
    0.956939
    0.980789
    0.995179
           1
    0.995179
    0.980789
    0.956939
    0.923879
    0.881919
    0.831469
    0.773009
    0.707109
    0.634389
    0.555569
      0.4714
     0.38268
     0.29028
     0.19509
     0.09802
   -0.773195
    -1.53894
    -2.28986
    -3.01874
    -3.71853
    -4.38251
    -5.00429
    -5.57787
    -6.09774
    -6.55888
    -6.95684
    -7.28781
    -7.54859
    -7.73667
    -7.85024
    -7.88822
    -7.85023
    -7.73663
    -7.54853
    -7.28773
    -6.95675
    -6.55877
    -6.09763
    -5.57776
    -5.00417
     -4.3824
    -3.71843
    -3.01864
    -2.28979
    -1.53889
   -0.773165
   0.0956246
    0.190328
    0.283198
    0.373342
     0.45989
    0.542009
    0.618908
    0.689847
    0.754142
    0.811174
    0.860394
    0.901328
    0.933582
    0.956845
    0.970892
     0.97559
    0.970892
    0.956845
    0.933582
    0.901328
    0.860394
    0.811173
    0.754141
    0.689846
    0.618908
    0.542008
    0.459889
    0.373341
    0.283198
    0.190327
   0.0956242
   -0.751602
    -1.49596
    -2.22591
    -2.93443
    -3.61468
    -4.26011
    -4.86453
    -5.42208
    -5.92741
    -6.37566
    -6.76251
    -7.08423
    -7.33772
    -7.52055
    -7.63095
    -7.66786
    -7.63093
    -7.52051
    -7.33766
    -7.08415
    -6.76242
    -6.37555
    -5.92729
    -5.42195
    -4.86439
    -4.25998
    -3.61455
    -2.93432
    -2.22582
    -1.49589
   -0.751565
   0.0932576
    0.185617
    0.276189
    0.364101
    0.448507
    0.528594
     0.60359
    0.672773
    0.735476
    0.791097
    0.839099
     0.87902
    0.910475
    0.933162
    0.946862
    0.951443
    0.946861
    0.933161
    0.910474
    0.879018
    0.839097
    0.791095
    0.735475
    0.672771
    0.603588
    0.528592
    0.448506
      0.3641
    0.276188
    0.185616
   0.0932572
    -0.73031
    -1.45358
    -2.16286
    -2.85129
    -3.51227
    -4.13942
     -4.7267
    -5.26845
    -5.75947
    -6.19502
     -6.5709
    -6.88351
    -7.12982
    -7.30747
    -7.41474
     -7.4506
    -7.41471
    -7.30742
    -7.12975
    -6.88341
    -6.57079
    -6.19489
    -5.75933
    -5.26831
    -4.72654
    -4.13926
    -3.51212
    -2.85116
    -2.16274
     -1.4535
   -0.730265
   0.0909169
    0.180958
    0.269257
    0.354963
    0.437251
    0.515327
    0.588441
    0.655888
    0.717018
    0.771242
    0.818039
    0.856957
    0.887623
     0.90974
    0.923096
    0.927562
    0.923096
    0.909739
    0.887622
    0.856956
    0.818037
     0.77124
    0.717015
    0.655885
    0.588439
    0.515326
     0.43725
    0.354964
    0.269258
    0.180959
   0.0909171
   -0.709316
     -1.4118
    -2.10068
    -2.76933
    -3.41131
    -4.02042
    -4.59082
      -5.117
     -5.5939
    -6.01694
    -6.38202
    -6.68565
    -6.92488
    -7.09742
     -7.2016
    -7.23643
    -7.20157
    -7.09736
    -6.92479
    -6.68553
    -6.38189
    -6.01678
    -5.59374
    -5.11683
    -4.59064
    -4.02025
    -3.41114
    -2.76918
    -2.10056
    -1.41171
   -0.709267
   0.0886032
    0.176353
    0.262405
     0.34593
    0.426123
    0.502212
    0.573465
    0.639194
    0.698768
    0.751612
    0.797218
    0.835146
    0.865031
    0.886585
    0.899601
    0.903953
      0.8996
    0.886584
    0.865029
    0.835144
    0.797216
     0.75161
    0.698766
    0.639193
    0.573464
    0.502213
    0.426125
    0.345933
    0.262408
    0.176356
   0.0886041
   -0.688623
    -1.37061
     -2.0394
    -2.68853
    -3.31178
    -3.90313
    -4.45689
    -4.96772
    -5.43071
    -5.84141
    -6.19583
    -6.49058
    -6.72283
    -6.89033
    -6.99147
    -7.02529
    -6.99144
    -6.89026
    -6.72273
    -6.49046
    -6.19568
    -5.84123
    -5.43053
    -4.96752
    -4.45668
    -3.90294
     -3.3116
    -2.68837
    -2.03926
    -1.37051
   -0.688569
   0.0863167
    0.171802
    0.255633
    0.337001
    0.415125
     0.48925
    0.558663
    0.622696
    0.680732
    0.732212
     0.77664
    0.813589
    0.842703
    0.863701
    0.876381
    0.880622
    0.876381
    0.863701
    0.842704
    0.813591
    0.776643
    0.732216
    0.680738
    0.622703
    0.558671
    0.489258
    0.415134
    0.337011
    0.255641
    0.171808
   0.0863187
   -0.668234
    -1.33003
    -1.97901
    -2.60892
    -3.21371
    -3.78755
     -4.3249
    -4.82061
    -5.26988
     -5.6684
    -6.01232
    -6.29835
    -6.52372
    -6.68626
    -6.78442
    -6.81722
    -6.78438
    -6.68619
    -6.52361
     -6.2982
    -6.01215
     -5.6682
    -5.26966
    -4.82038
    -4.32467
    -3.78732
    -3.21349
    -2.60873
    -1.97885
    -1.32991
    -0.66817
   0.0840573
    0.167305
    0.248941
     0.32818
    0.404258
    0.476443
    0.544039
    0.606396
    0.662912
    0.713045
     0.75631
    0.792292
    0.820644
    0.841093
    0.853442
    0.857572
    0.853444
    0.841097
    0.820651
    0.792302
    0.756323
    0.713059
    0.662929
    0.606415
    0.544059
    0.476463
    0.404277
    0.328198
    0.248956
    0.167315
   0.0840613
    -0.64814
    -1.29003
     -1.9195
    -2.53048
    -3.11708
    -3.67366
    -4.19485
    -4.67565
    -5.11141
    -5.49794
    -5.83152
    -6.10895
    -6.32754
    -6.48519
    -6.58038
     -6.6122
    -6.58034
     -6.4851
    -6.32741
    -6.10878
    -5.83132
    -5.49771
    -5.11116
    -4.67539
    -4.19459
     -3.6734
    -3.11683
    -2.53026
    -1.91932
    -1.28991
   -0.648072
   0.0818257
    0.162863
    0.242332
    0.319467
    0.393525
    0.463794
    0.529596
    0.590297
    0.645314
    0.694116
    0.736234
    0.771262
    0.798862
    0.818771
    0.830794
    0.834815
    0.830798
     0.81878
    0.798879
    0.771283
    0.736259
    0.694145
    0.645346
    0.590331
     0.52963
    0.463828
    0.393558
    0.319496
    0.242355
    0.162879
   0.0818322
   -0.628348
    -1.25064
    -1.86088
     -2.4532
    -3.02189
    -3.56147
    -4.06675
    -4.53285
     -4.9553
    -5.33003
    -5.65343
    -5.92237
    -6.13428
    -6.28711
    -6.37938
    -6.41023
    -6.37934
    -6.28701
    -6.13413
    -5.92218
    -5.65319
    -5.32977
    -4.95503
    -4.53257
    -4.06645
    -3.56118
    -3.02162
    -2.45297
    -1.86069
     -1.2505
   -0.628274
   0.0796222
    0.158477
    0.235806
    0.310864
    0.382929
    0.451305
    0.515336
    0.574403
    0.627939
    0.675428
    0.716413
      0.7505
     0.77736
    0.796735
    0.808436
    0.812352
    0.808445
    0.796752
    0.777388
    0.750535
    0.716455
    0.675476
    0.627989
    0.574455
    0.515387
    0.451356
    0.382976
    0.310906
     0.23584
      0.1585
   0.0796317
   -0.608855
    -1.21184
    -1.80315
    -2.37709
    -2.92814
    -3.45097
    -3.94057
    -4.39222
    -4.80156
    -5.16467
    -5.47802
    -5.73861
    -5.94394
    -6.09202
    -6.18144
    -6.21132
    -6.18139
    -6.09192
    -5.94379
    -5.73841
    -5.47777
    -5.16438
    -4.80127
    -4.39191
    -3.94026
    -3.45067
    -2.92785
    -2.37685
    -1.80295
     -1.2117
   -0.608778
   0.0774469
    0.154148
    0.229365
    0.302374
    0.372471
    0.438981
    0.501264
    0.558719
    0.610795
     0.65699
    0.696859
    0.730016
    0.756144
     0.77499
    0.786374
    0.790184
    0.786385
    0.775013
    0.756178
    0.730059
     0.69691
    0.657049
    0.610859
    0.558785
    0.501329
    0.439044
    0.372529
    0.302424
    0.229405
    0.154175
    0.077459
   -0.589664
    -1.17364
    -1.74631
    -2.30216
    -2.83583
    -3.34218
    -3.81634
    -4.25375
    -4.65019
    -5.00184
    -5.30531
    -5.55769
    -5.75654
    -5.89995
    -5.98654
    -6.01548
    -5.98649
    -5.89985
    -5.75638
    -5.55748
    -5.30505
    -5.00155
    -4.64988
    -4.25343
    -3.81602
    -3.34187
    -2.83554
     -2.3019
     -1.7461
    -1.17349
   -0.589582
   0.0753012
    0.149877
    0.223011
    0.293997
    0.362154
    0.426823
    0.487382
    0.543249
    0.593885
    0.638801
    0.677567
    0.709809
    0.735215
     0.75354
     0.76461
    0.768315
    0.764621
    0.753565
     0.73525
    0.709855
    0.677624
    0.638867
    0.593955
    0.543322
    0.487456
    0.426893
    0.362218
    0.294053
    0.223055
    0.149907
   0.0753147
   -0.570771
    -1.13604
    -1.69036
     -2.2284
    -2.74496
    -3.23509
    -3.69406
    -4.11744
    -4.50118
    -4.84156
     -5.1353
    -5.37959
    -5.57207
    -5.71089
    -5.79471
    -5.82272
    -5.79465
    -5.71078
    -5.57191
    -5.37938
    -5.13504
    -4.84127
    -4.50087
    -4.11712
    -3.69373
    -3.23477
    -2.74467
    -2.22813
    -1.69015
    -1.13588
   -0.570688
   0.0731872
     0.14567
    0.216749
    0.285742
    0.351984
    0.414837
    0.473696
    0.527995
    0.577208
    0.620864
    0.658542
    0.689877
     0.71457
     0.73238
    0.743139
    0.746739
    0.743149
    0.732402
    0.714603
    0.689921
    0.658593
    0.620922
    0.577271
    0.528059
     0.47376
    0.414899
     0.35204
    0.285789
    0.216786
    0.145694
   0.0731981
   -0.552178
    -1.09903
    -1.63529
     -2.1558
    -2.65554
     -3.1297
    -3.57371
    -3.98331
    -4.35453
    -4.68383
      -4.968
    -5.20433
    -5.39054
    -5.52484
    -5.60592
    -5.63302
    -5.60587
    -5.52473
    -5.39038
    -5.20412
    -4.96774
    -4.68354
    -4.35423
    -3.98298
    -3.57339
    -3.12938
    -2.65524
    -2.15554
    -1.63508
    -1.09888
   -0.552095
   0.0711035
    0.141522
    0.210578
    0.277605
     0.34196
    0.403022
    0.460205
    0.512957
    0.560768
     0.60318
    0.639782
    0.670225
    0.694212
    0.711514
    0.721964
     0.72546
    0.721971
    0.711528
    0.694234
    0.670253
    0.639817
    0.603218
     0.56081
    0.512999
    0.460248
    0.403064
    0.341997
    0.277635
      0.2106
    0.141536
   0.0711095
   -0.533885
    -1.06262
    -1.58112
    -2.08438
    -2.56756
    -3.02602
    -3.45532
    -3.85134
    -4.21027
    -4.52865
    -4.80341
    -5.03191
    -5.21196
     -5.3418
     -5.4202
    -5.44639
    -5.42014
    -5.34168
    -5.21178
    -5.03169
    -4.80316
    -4.52836
    -4.20996
    -3.85101
    -3.45499
    -3.02569
    -2.56727
    -2.08412
     -1.5809
    -1.06247
   -0.533801
   0.0690503
    0.137435
    0.204495
    0.269586
     0.33208
    0.391377
    0.446904
    0.498129
    0.544556
    0.585739
    0.621281
     0.65084
    0.674132
    0.690932
    0.701077
     0.70447
    0.701079
    0.690936
    0.674139
    0.650849
    0.621291
     0.58575
    0.544566
     0.49814
    0.446915
    0.391386
    0.332087
     0.26959
    0.204497
    0.137434
   0.0690491
   -0.515894
    -1.02681
    -1.52783
    -2.01414
    -2.48104
    -2.92404
    -3.33888
    -3.72155
    -4.06838
    -4.37603
    -4.64153
    -4.86233
    -5.03631
    -5.16177
    -5.23753
    -5.26284
    -5.23746
    -5.16165
    -5.03613
    -4.86212
    -4.64128
    -4.37574
    -4.06806
    -3.72122
    -3.33854
    -2.92371
    -2.48073
    -2.01387
    -1.52761
    -1.02665
   -0.515809
   0.0670267
    0.133407
      0.1985
    0.261681
    0.322342
    0.379897
    0.433793
    0.483511
    0.528573
    0.568545
    0.603041
    0.631728
    0.654332
    0.670635
    0.680479
    0.683769
    0.680474
    0.670625
    0.654319
    0.631711
     0.60302
    0.568521
    0.528547
    0.483484
    0.433764
    0.379868
    0.322313
    0.261655
    0.198477
    0.133389
   0.0670169
   -0.498203
   -0.991602
    -1.47545
    -1.94507
    -2.39596
    -2.82377
    -3.22439
    -3.59394
    -3.92887
    -4.22597
    -4.48237
    -4.69559
     -4.8636
    -4.98476
    -5.05791
    -5.08236
    -5.05786
    -4.98465
    -4.86344
    -4.69538
    -4.48211
    -4.22567
    -3.92855
     -3.5936
    -3.22404
    -2.82344
    -2.39565
     -1.9448
    -1.47522
   -0.991441
   -0.498119
     0.06503
    0.129432
    0.192585
    0.253882
    0.312733
    0.368571
    0.420859
    0.469092
    0.512808
    0.551584
    0.585047
    0.612876
    0.634803
    0.650616
    0.660162
    0.663351
    0.660153
    0.650597
    0.634775
    0.612841
    0.585005
    0.551535
    0.512755
    0.469037
    0.420802
    0.368515
    0.312681
    0.253835
    0.192546
    0.129402
   0.0650142
   -0.480816
   -0.956995
    -1.42395
    -1.87719
    -2.31235
    -2.72522
    -3.11185
    -3.46851
    -3.79176
    -4.07849
    -4.32594
    -4.53172
    -4.69386
    -4.81079
    -4.88139
    -4.90498
    -4.88133
    -4.81067
    -4.69367
    -4.53148
    -4.32566
    -4.07818
    -3.79143
    -3.46816
    -3.11151
    -2.72489
    -2.31203
    -1.87691
    -1.42373
   -0.956836
   -0.480733
   0.0630607
    0.125512
    0.186752
    0.246191
    0.303257
    0.357402
    0.408103
    0.454872
    0.497259
    0.534857
    0.567304
    0.594287
    0.615545
    0.630876
    0.640131
    0.643222
    0.640117
     0.63085
    0.615507
    0.594238
    0.567246
    0.534793
    0.497189
    0.454797
    0.408027
    0.357327
    0.303188
    0.246129
      0.1867
    0.125474
   0.0630407
   -0.463732
   -0.922991
    -1.37336
    -1.81049
    -2.23018
    -2.62839
    -3.00128
    -3.34526
    -3.65703
    -3.93357
    -4.17222
    -4.37069
    -4.52707
    -4.63984
    -4.70793
    -4.73067
    -4.70785
    -4.63971
    -4.52688
    -4.37046
    -4.17194
    -3.93326
     -3.6567
    -3.34492
    -3.00094
    -2.62806
    -2.22987
    -1.81022
    -1.37314
   -0.922838
   -0.463653
   0.0611171
    0.121643
    0.180995
    0.238602
    0.293909
    0.346384
    0.395521
    0.440848
    0.481927
    0.518365
     0.54981
     0.57596
    0.596562
    0.611419
    0.620388
    0.623383
    0.620374
    0.611391
     0.59652
    0.575905
    0.549745
     0.51829
    0.481846
    0.440762
    0.395434
    0.346299
     0.29383
    0.238532
    0.180938
    0.121602
   0.0610957
   -0.446952
   -0.889592
    -1.32366
    -1.74497
    -2.14948
    -2.53328
    -2.89267
     -3.2242
    -3.52468
    -3.79121
    -4.02122
    -4.21251
    -4.36322
    -4.47191
    -4.53753
    -4.55945
    -4.53747
     -4.4718
    -4.36305
    -4.21229
    -4.02096
    -3.79092
    -3.52436
    -3.22388
    -2.89235
    -2.53297
    -2.14919
    -1.74473
    -1.32346
   -0.889453
   -0.446881
   0.0592005
    0.117829
    0.175319
     0.23112
    0.284693
    0.335522
    0.383118
    0.427023
    0.466815
     0.50211
    0.532569
    0.557899
    0.577856
    0.592247
    0.600935
    0.603835
    0.600921
    0.592219
    0.577814
    0.557844
    0.532502
    0.502034
    0.466731
    0.426934
    0.383027
    0.335433
     0.28461
    0.231047
    0.175261
    0.117787
   0.0591791
   -0.430473
   -0.856793
    -1.27486
    -1.68064
    -2.07023
    -2.43987
    -2.78602
    -3.10533
    -3.39473
    -3.65144
    -3.87298
    -4.05722
    -4.20237
    -4.30706
    -4.37028
    -4.39139
    -4.37023
    -4.30698
    -4.20225
    -4.05704
    -3.87278
    -3.65122
     -3.3945
    -3.10509
    -2.78578
    -2.43964
    -2.07001
    -1.68045
    -1.27471
    -0.85669
   -0.430421
   0.0573126
    0.114071
    0.169727
    0.223747
     0.27561
    0.324818
    0.370896
    0.413402
    0.451925
    0.486095
    0.515584
    0.540106
    0.559428
    0.573361
    0.581772
     0.58458
    0.581758
    0.573334
    0.559389
    0.540056
    0.515522
    0.486025
    0.451848
    0.413321
    0.370814
    0.324738
    0.275536
    0.223681
    0.169673
    0.114032
   0.0572925
   -0.414291
   -0.824587
    -1.22694
    -1.61747
    -1.99242
    -2.34818
    -2.68132
    -2.98864
    -3.26718
    -3.51424
    -3.72747
     -3.9048
    -4.04452
     -4.1453
    -4.20615
     -4.2265
    -4.20614
    -4.14527
    -4.04448
    -3.90475
    -3.72741
    -3.51417
    -3.26709
    -2.98855
    -2.68123
    -2.34809
    -1.99234
    -1.61739
    -1.22688
   -0.824546
   -0.414271
   0.0554535
     0.11037
     0.16422
    0.216486
    0.266666
    0.314276
     0.35886
    0.399987
    0.437262
    0.470325
    0.498858
    0.522586
    0.541281
    0.554764
    0.562903
     0.56562
     0.56289
     0.55474
    0.541247
    0.522543
    0.498806
    0.470266
    0.437198
    0.399921
    0.358793
    0.314211
    0.266604
    0.216431
    0.164174
    0.110336
   0.0554359
   -0.398413
   -0.792986
    -1.17992
    -1.55549
    -1.91608
    -2.25821
     -2.5786
    -2.87415
    -3.14203
    -3.37965
    -3.58472
    -3.75527
    -3.88966
    -3.98658
    -4.04511
     -4.0647
    -4.04513
    -3.98661
    -3.88969
    -3.75531
    -3.58477
     -3.3797
    -3.14208
    -2.87421
    -2.57865
    -2.25826
    -1.91612
    -1.55552
    -1.17995
   -0.793004
   -0.398423
   0.0536198
    0.106722
    0.158794
    0.209336
    0.257861
    0.303902
    0.347016
    0.386787
    0.422833
    0.454807
    0.482401
    0.505348
    0.523428
    0.536468
     0.54434
     0.54697
    0.544332
    0.536453
    0.523408
    0.505321
    0.482368
     0.45477
    0.422794
    0.386746
    0.346974
    0.303861
    0.257824
    0.209303
    0.158767
    0.106703
   0.0536102
   -0.382836
   -0.761987
     -1.1338
     -1.4947
     -1.8412
    -2.16998
    -2.47786
    -2.76188
     -3.0193
    -3.24765
    -3.44472
    -3.60863
    -3.73778
    -3.83093
    -3.88719
    -3.90601
    -3.88722
    -3.83099
    -3.73787
    -3.60874
    -3.44487
    -3.24781
    -3.01947
    -2.76205
    -2.47803
    -2.17014
    -1.84135
    -1.49483
    -1.13391
   -0.762062
   -0.382876
   0.0518156
    0.103133
    0.153457
    0.202303
    0.249201
    0.293698
    0.335367
    0.373805
    0.408644
    0.439547
    0.466216
    0.488396
    0.505871
    0.518476
    0.526087
    0.528631
    0.526084
    0.518471
    0.505865
    0.488388
    0.466207
    0.439536
    0.408632
    0.373794
    0.335356
    0.293688
    0.249192
    0.202297
    0.153453
    0.103131
   0.0518155
   -0.367566
   -0.731597
    -1.08859
     -1.4351
     -1.7678
    -2.08348
     -2.3791
     -2.6518
    -2.89898
    -3.11823
    -3.30746
    -3.46484
    -3.58885
     -3.6783
    -3.73233
    -3.75041
    -3.73237
    -3.67839
    -3.58898
    -3.46501
    -3.30766
    -3.11845
    -2.89921
    -2.65205
    -2.37934
    -2.08372
    -1.76802
     -1.4353
    -1.08875
   -0.731714
   -0.367628
   0.0500447
   0.0996088
    0.148215
    0.195395
    0.240693
    0.283674
    0.323923
    0.361053
    0.394705
    0.424557
     0.45032
    0.471745
    0.488628
    0.500805
    0.508159
    0.510619
    0.508162
    0.500811
    0.488638
    0.471758
    0.450335
    0.424575
    0.394726
    0.361076
    0.323949
    0.283701
    0.240721
    0.195421
    0.148238
   0.0996264
   0.0500539
   -0.352605
   -0.701822
    -1.04429
    -1.37671
    -1.69588
    -1.99872
    -2.28232
    -2.54394
    -2.78107
    -2.99141
    -3.17295
    -3.32393
     -3.4429
    -3.52872
    -3.58055
     -3.5979
     -3.5806
    -3.52881
    -3.44304
     -3.3241
    -3.17315
    -2.99164
    -2.78132
     -2.5442
    -2.28259
    -1.99898
    -1.69613
    -1.37693
    -1.04448
   -0.701958
   -0.352678
   0.0483061
    0.096149
    0.143068
    0.188611
    0.232339
     0.27383
    0.312686
    0.348529
    0.381018
    0.409837
    0.434709
    0.455395
    0.471696
    0.483454
    0.490556
    0.492934
    0.490565
    0.483472
    0.471722
     0.45543
    0.434752
    0.409887
    0.381075
    0.348592
    0.312752
    0.273899
    0.232407
    0.188674
    0.143121
   0.0961871
    0.048325
    -0.33795
   -0.672657
     -1.0009
    -1.31951
    -1.62542
    -1.91569
     -2.1875
    -2.43826
    -2.66554
    -2.86715
    -3.04115
    -3.18586
    -3.29989
    -3.38214
    -3.43182
    -3.44845
    -3.43186
    -3.38223
    -3.30001
    -3.18602
    -3.04134
    -2.86737
    -2.66578
    -2.43852
    -2.18777
    -1.91594
    -1.62567
    -1.31973
    -1.00109
   -0.672798
   -0.338027
    0.046603
   0.0927591
    0.138024
    0.181962
    0.224149
    0.264179
    0.301665
    0.336248
    0.367592
    0.395397
    0.419396
    0.439355
    0.455084
    0.466431
    0.473286
    0.475584
    0.473302
    0.466463
    0.455132
    0.439418
    0.419473
    0.395487
    0.367692
    0.336355
    0.301776
    0.264288
    0.224253
    0.182054
    0.138098
   0.0928109
   0.0466281
   -0.323606
   -0.644106
   -0.958416
     -1.2635
    -1.55643
    -1.83438
    -2.09466
    -2.33478
    -2.55241
    -2.74546
    -2.91207
    -3.05063
    -3.15982
    -3.23858
    -3.28614
    -3.30206
    -3.28618
    -3.23864
    -3.15992
    -3.05076
    -2.91222
    -2.74564
    -2.55261
    -2.33499
    -2.09489
     -1.8346
    -1.55665
    -1.26371
   -0.958589
   -0.644237
   -0.323678
   0.0449338
   0.0894367
    0.133081
    0.175445
    0.216121
    0.254717
    0.290862
    0.324206
    0.354429
    0.381239
    0.404379
    0.423626
    0.438794
    0.449738
    0.456351
    0.458571
    0.456376
    0.449787
    0.438868
    0.423723
    0.404497
    0.381375
    0.354577
    0.324362
    0.291019
    0.254869
     0.21626
    0.175565
    0.133175
   0.0895007
   0.0449643
   -0.309565
   -0.616159
   -0.916832
    -1.20868
     -1.4889
    -1.75478
    -2.00377
    -2.23346
    -2.44165
    -2.62632
     -2.7857
    -2.91825
    -3.02269
    -3.09803
    -3.14353
    -3.15875
    -3.14355
    -3.09808
    -3.02277
    -2.91835
    -2.78583
    -2.62647
    -2.44182
    -2.23365
    -2.00397
    -1.75498
     -1.4891
    -1.20886
   -0.916989
    -0.61628
   -0.309632
   0.0432999
   0.0861838
    0.128239
    0.169061
    0.208257
    0.245448
    0.280276
    0.312407
    0.341531
    0.367367
    0.389667
    0.408217
    0.422837
    0.433387
    0.439765
     0.44191
      0.4398
    0.433455
    0.422935
    0.408343
    0.389817
    0.367535
     0.34171
    0.312592
    0.280458
     0.24562
    0.208411
    0.169192
     0.12834
   0.0862509
   0.0433314
   -0.295832
   -0.588823
   -0.876151
    -1.15505
    -1.42283
     -1.6769
    -1.91484
    -2.13433
    -2.33327
    -2.50974
    -2.66204
     -2.7887
     -2.8885
    -2.96049
    -3.00397
    -3.01852
      -3.004
    -2.96055
    -2.88858
     -2.7888
    -2.66216
    -2.50988
    -2.33342
     -2.1345
    -1.91501
    -1.67708
      -1.423
    -1.15521
   -0.876289
   -0.588928
    -0.29589
   0.0416999
   0.0829984
    0.123498
     0.16281
    0.200555
     0.23637
     0.26991
    0.300853
      0.3289
    0.353783
    0.375261
    0.393129
    0.407213
    0.417378
    0.423526
    0.425597
    0.423568
     0.41746
    0.407331
    0.393277
    0.375434
    0.353973
    0.329099
    0.301053
    0.270104
    0.236549
    0.200713
    0.162941
    0.123597
   0.0830627
   0.0417295
   -0.282399
   -0.562084
   -0.836361
    -1.10259
     -1.3582
    -1.60074
    -1.82786
    -2.03737
    -2.22727
    -2.39572
     -2.5411
    -2.66201
    -2.75728
      -2.826
    -2.86751
    -2.88139
    -2.86753
    -2.82606
    -2.75737
    -2.66212
    -2.54124
    -2.39588
    -2.22744
    -2.03756
    -1.82804
    -1.60092
    -1.35838
    -1.10275
   -0.836498
   -0.562186
   -0.282456
   0.0401341
   0.0798811
    0.118859
    0.156693
    0.193019
    0.227488
    0.259769
     0.28955
    0.316546
    0.340495
    0.361168
    0.378364
    0.391919
    0.401702
    0.407617
    0.409607
    0.407652
     0.40177
    0.392017
    0.378487
    0.361309
     0.34065
    0.316706
    0.289711
    0.259922
    0.227628
    0.193141
    0.156791
    0.118931
    0.079927
   0.0401551
   -0.269265
    -0.53594
   -0.797457
     -1.0513
    -1.29502
    -1.52626
    -1.74282
    -1.94259
    -2.12365
    -2.28427
    -2.42289
    -2.53818
    -2.62903
    -2.69456
    -2.73413
    -2.74738
    -2.73418
    -2.69464
    -2.62914
    -2.53833
    -2.42308
    -2.28448
    -2.12388
    -1.94283
    -1.74305
     -1.5265
    -1.29523
    -1.05149
   -0.797614
   -0.536054
   -0.269327
    0.038603
   0.0768327
    0.114322
    0.150711
     0.18565
    0.218803
    0.249851
    0.278495
    0.304461
    0.327496
    0.347378
    0.363916
    0.376949
    0.386352
    0.392035
    0.393941
    0.392052
    0.386387
    0.376998
    0.363977
    0.347448
    0.327572
     0.30454
    0.278573
    0.249923
    0.218865
    0.185702
     0.15075
    0.114347
   0.0768462
   0.0386082
   -0.256434
   -0.510401
   -0.759454
     -1.0012
     -1.2333
    -1.45353
    -1.65976
    -1.85001
    -2.02246
    -2.17543
    -2.30744
    -2.41725
    -2.50377
    -2.56619
    -2.60389
    -2.61651
    -2.60394
    -2.56629
    -2.50392
    -2.41744
    -2.30767
    -2.17569
    -2.02274
    -1.85031
    -1.66005
    -1.45381
    -1.23356
    -1.00142
   -0.759638
   -0.510533
   -0.256505
   0.0371072
   0.0738547
     0.10989
    0.144865
    0.178445
    0.210307
    0.240145
     0.26767
    0.292619
    0.314751
    0.333851
    0.349736
    0.362252
    0.371278
    0.376729
     0.37855
    0.376725
    0.371271
    0.362241
     0.34972
     0.33383
    0.314725
    0.292589
    0.267636
    0.240106
    0.210266
    0.178403
    0.144824
    0.109853
   0.0738262
   0.0370914
     -0.2439
   -0.485457
   -0.722342
   -0.952277
    -1.17305
    -1.38252
    -1.57869
    -1.75965
    -1.92368
    -2.06918
    -2.19476
    -2.29921
    -2.38152
    -2.44089
    -2.47676
    -2.48877
    -2.47682
    -2.44101
     -2.3817
    -2.29944
    -2.19504
     -2.0695
    -1.92402
    -1.76001
    -1.57904
    -1.38287
    -1.17337
   -0.952562
   -0.722577
   -0.485626
   -0.243992
   0.0356448
   0.0709426
    0.105554
    0.139146
    0.171395
    0.201991
     0.23064
    0.257065
    0.281014
    0.302255
    0.320584
    0.335824
    0.347829
    0.356483
    0.361703
    0.363439
    0.361675
    0.356427
    0.347747
    0.335717
    0.320456
    0.302109
    0.280855
    0.256898
     0.23047
    0.201825
    0.171241
     0.13901
    0.105443
   0.0708633
   0.0356034
   -0.231676
   -0.461128
   -0.686146
   -0.904563
    -1.11428
    -1.31326
    -1.49961
    -1.67152
    -1.82733
    -1.96555
    -2.08485
    -2.18407
    -2.26226
    -2.31867
    -2.35274
    -2.36417
    -2.35282
    -2.31881
    -2.26248
    -2.18435
    -2.08517
    -1.96592
    -1.82773
    -1.67193
    -1.50003
    -1.31367
    -1.11466
   -0.904902
   -0.686425
    -0.46133
   -0.231785
   0.0342064
   0.0680775
    0.101287
    0.133517
    0.164456
    0.193807
    0.221287
    0.246634
    0.269603
    0.289973
    0.307548
     0.32216
    0.333667
     0.34196
    0.346959
    0.348617
    0.346917
    0.341878
    0.333547
    0.322006
    0.307365
    0.289767
    0.269381
    0.246403
    0.221055
    0.193581
    0.164246
    0.133332
    0.101136
   0.0679681
   0.0341483
   -0.219762
   -0.437415
   -0.650865
   -0.858054
    -1.05699
    -1.24575
    -1.42252
     -1.5856
    -1.73342
    -1.86454
    -1.97771
    -2.07184
    -2.14603
    -2.19954
    -2.23187
    -2.24271
    -2.23196
     -2.1997
    -2.14627
    -2.07215
    -1.97808
    -1.86496
    -1.73387
    -1.58608
      -1.423
    -1.24622
    -1.05743
   -0.858442
   -0.651183
   -0.437646
   -0.219886
   0.0327917
   0.0652597
   0.0970908
    0.127981
    0.157631
    0.185759
    0.212093
    0.236381
    0.258389
    0.277906
    0.294744
    0.308742
    0.319766
    0.327709
    0.332496
    0.334082
    0.332451
    0.327621
    0.319637
    0.308578
     0.29455
    0.277688
    0.258155
    0.236138
    0.211849
    0.185522
     0.15741
    0.127783
   0.0969267
    0.065139
   0.0327263
   -0.208156
   -0.414318
   -0.616499
   -0.812753
    -1.00119
    -1.17999
    -1.34744
    -1.50191
    -1.64193
    -1.76614
    -1.87335
    -1.96252
    -2.03279
    -2.08349
    -2.11412
     -2.1244
    -2.11421
    -2.08367
    -2.03305
    -1.96285
    -1.87375
     -1.7666
    -1.64243
    -1.50243
    -1.34796
     -1.1805
    -1.00167
   -0.813178
   -0.616848
   -0.414571
   -0.208293
   0.0313942
     0.06248
   0.0929576
    0.122534
    0.150924
    0.177856
     0.20307
    0.226325
    0.247397
    0.266083
    0.282205
    0.295607
    0.306163
     0.31377
    0.318355
    0.319875
    0.318317
    0.313694
    0.306053
    0.295466
    0.282036
    0.265891
    0.247188
    0.226107
    0.202851
    0.177643
    0.150725
    0.122356
   0.0928101
   0.0623723
   0.0313359
    -0.19686
   -0.391835
   -0.583048
   -0.768656
   -0.946872
    -1.11598
    -1.27434
    -1.42044
    -1.55287
    -1.67035
    -1.77175
    -1.85609
    -1.92255
    -1.97051
    -1.99949
    -2.00921
    -1.99958
     -1.9707
    -1.92283
    -1.85644
    -1.77217
    -1.67083
     -1.5534
      -1.421
     -1.2749
    -1.11652
   -0.947382
    -0.76911
   -0.583421
   -0.392105
   -0.197005
   0.0300202
    0.059748
   0.0888971
    0.117186
    0.144341
    0.170102
    0.194222
    0.216468
    0.236626
    0.254504
    0.269928
    0.282753
    0.292854
    0.300135
    0.304527
    0.305987
    0.304502
    0.300086
     0.29278
    0.282656
    0.269811
    0.254368
    0.236476
    0.216309
     0.19406
    0.169944
    0.144192
    0.117053
   0.0887876
   0.0596689
   0.0299773
   -0.185872
   -0.369965
   -0.550508
    -0.72576
   -0.894032
     -1.0537
    -1.20324
    -1.34119
    -1.46623
    -1.57716
     -1.6729
    -1.75254
     -1.8153
    -1.86059
    -1.88795
    -1.89714
    -1.88805
    -1.86078
    -1.81559
    -1.75291
    -1.67334
    -1.57765
    -1.46677
    -1.34175
    -1.20381
    -1.05426
   -0.894556
   -0.726225
   -0.550891
   -0.370243
    -0.18602
   0.0286798
    0.057082
   0.0849333
    0.111964
    0.137913
    0.162532
    0.185583
    0.206845
    0.226112
    0.243201
    0.257946
    0.270206
    0.279863
    0.286826
    0.291026
    0.292425
    0.291008
    0.286789
    0.279809
    0.270135
     0.25786
    0.243103
    0.226004
    0.206731
    0.185468
    0.162419
    0.137807
     0.11187
   0.0848558
   0.0570263
   0.0286495
   -0.175192
   -0.348708
   -0.518879
   -0.684063
   -0.842669
   -0.993168
    -1.13411
    -1.26414
      -1.382
    -1.48656
    -1.57681
    -1.65187
    -1.71103
    -1.75371
    -1.77951
    -1.78817
    -1.77961
    -1.75391
    -1.71131
    -1.65223
    -1.57724
    -1.48705
    -1.38253
     -1.2647
    -1.13467
   -0.993717
   -0.843182
   -0.684518
   -0.519252
   -0.348979
   -0.175336
   0.0273708
   0.0544785
   0.0810627
    0.106865
    0.131638
    0.155141
    0.177149
    0.197449
    0.215847
    0.232165
    0.246247
    0.257956
     0.26718
    0.273831
    0.277844
    0.279181
    0.277829
    0.273802
    0.267139
    0.257904
    0.246185
    0.232097
    0.215773
    0.197373
    0.177072
    0.155067
    0.131569
    0.106806
   0.0810143
   0.0544445
   0.0273522
   -0.164818
    -0.32806
   -0.488154
   -0.643557
   -0.792772
   -0.934361
    -1.06696
    -1.18929
    -1.30017
    -1.39854
    -1.48344
    -1.55406
    -1.60972
    -1.64988
    -1.67415
     -1.6823
    -1.67424
    -1.65006
    -1.60999
     -1.5544
    -1.48385
      -1.399
    -1.30067
    -1.18981
    -1.06748
   -0.934874
   -0.793252
   -0.643982
   -0.488503
   -0.328311
   -0.164952
    0.026098
   0.0519454
    0.077294
    0.101898
    0.125521
    0.147934
    0.168922
    0.188282
    0.205829
    0.221392
    0.234822
     0.24599
    0.254789
    0.261132
    0.264961
    0.266237
    0.264949
    0.261109
    0.254756
    0.245949
    0.234774
    0.221338
    0.205771
    0.188224
    0.168864
    0.147878
     0.12547
    0.101854
   0.0772578
     0.05192
   0.0260841
   -0.154751
   -0.308022
   -0.458336
   -0.604245
   -0.744343
    -0.87728
    -1.00178
    -1.11663
    -1.22074
     -1.3131
    -1.39281
    -1.45912
    -1.51137
    -1.54907
    -1.57185
     -1.5795
    -1.57193
    -1.54922
    -1.51159
     -1.4594
    -1.39316
    -1.31349
    -1.22117
    -1.11708
    -1.00223
   -0.877724
   -0.744758
   -0.604612
   -0.458637
   -0.308239
   -0.154867
   0.0248571
   0.0494754
   0.0736189
   0.0970536
    0.119554
    0.140903
    0.160895
    0.179336
     0.19605
    0.210875
    0.223668
    0.234307
    0.242687
     0.24873
    0.252377
    0.253593
    0.252366
     0.24871
    0.242658
    0.234269
    0.223624
    0.210827
    0.195999
    0.179284
    0.160843
    0.140854
    0.119509
   0.0970144
   0.0735871
   0.0494531
    0.024845
   -0.144986
   -0.288584
   -0.429411
    -0.56611
   -0.697365
    -0.82191
   -0.938546
    -1.04615
    -1.14368
    -1.23021
    -1.30489
      -1.367
    -1.41596
    -1.45127
    -1.47261
    -1.47977
    -1.47268
     -1.4514
    -1.41614
    -1.36724
    -1.30518
    -1.23054
    -1.14404
    -1.04653
   -0.938926
    -0.82228
   -0.697711
   -0.566417
   -0.429662
   -0.288765
   -0.145082
   0.0236457
   0.0470645
   0.0700316
   0.0923246
    0.113729
    0.134037
    0.153055
    0.170597
    0.186496
    0.200599
    0.212768
    0.222888
     0.23086
    0.236609
    0.240078
    0.241234
    0.240067
    0.236588
     0.23083
    0.222849
    0.212722
    0.200547
    0.186441
     0.17054
    0.152998
    0.133983
    0.113679
   0.0922817
   0.0699976
   0.0470412
   0.0236339
   -0.135521
   -0.269745
   -0.401377
   -0.529151
   -0.651834
   -0.768245
   -0.877261
   -0.977833
    -1.06899
    -1.14986
    -1.21966
    -1.27771
    -1.32346
    -1.35647
    -1.37641
     -1.3831
    -1.37646
    -1.35657
    -1.32362
    -1.27791
     -1.2199
    -1.15013
    -1.06928
   -0.978134
   -0.877563
   -0.768537
   -0.652106
   -0.529392
   -0.401575
   -0.269888
   -0.135598
   0.0224628
   0.0447104
   0.0665289
    0.087707
    0.108041
    0.127333
    0.145399
    0.162063
    0.177166
    0.190561
    0.202121
    0.211734
    0.219307
    0.224767
    0.228062
     0.22916
    0.228051
    0.224745
    0.219274
    0.211691
     0.20207
    0.190503
    0.177101
    0.161996
    0.145331
    0.127268
    0.107981
   0.0876563
   0.0664896
   0.0446842
   0.0224503
   -0.126357
   -0.251502
   -0.374231
   -0.493361
   -0.607745
   -0.716279
   -0.817917
   -0.911681
   -0.996668
    -1.07206
    -1.13713
    -1.19125
     -1.2339
    -1.26467
    -1.28326
    -1.28949
     -1.2833
    -1.26476
    -1.23403
    -1.19141
    -1.13732
    -1.07227
   -0.996893
   -0.911912
   -0.818147
     -0.7165
    -0.60795
   -0.493543
    -0.37438
    -0.25161
   -0.126415
   0.0213064
   0.0424084
    0.063103
   0.0831902
    0.102476
    0.120775
     0.13791
    0.153716
    0.168041
    0.180747
    0.191711
    0.200828
     0.20801
    0.213188
    0.216312
    0.217353
      0.2163
    0.213164
    0.207975
    0.200783
    0.191658
    0.180689
     0.16798
    0.153654
    0.137849
    0.120717
    0.102424
   0.0831458
   0.0630683
   0.0423851
   0.0212956
   -0.117492
   -0.233855
   -0.347968
   -0.458733
   -0.565084
   -0.665997
   -0.760497
   -0.847677
   -0.926695
   -0.996792
    -1.05729
    -1.10761
    -1.14726
    -1.17587
    -1.19315
    -1.19894
    -1.19319
    -1.17594
    -1.14736
    -1.10774
    -1.05744
   -0.996959
   -0.926873
    -0.84786
   -0.760679
    -0.66617
   -0.565244
   -0.458873
    -0.34808
   -0.233934
   -0.117534
   0.0201764
   0.0401591
   0.0597553
   0.0787765
   0.0970389
    0.114367
    0.130593
     0.14556
    0.159125
    0.171157
    0.181539
    0.190172
    0.196972
    0.201874
    0.204832
    0.205817
    0.204819
     0.20185
    0.196937
    0.190129
    0.181491
    0.171106
    0.159075
    0.145511
    0.130547
    0.114325
   0.0970025
    0.078746
   0.0597312
   0.0401427
   0.0201694
   -0.108927
   -0.216804
   -0.322592
   -0.425276
   -0.523865
   -0.617412
   -0.705015
   -0.785832
   -0.859083
   -0.924063
   -0.980145
    -1.02679
    -1.06355
    -1.09006
    -1.10608
    -1.11145
    -1.10611
    -1.09012
    -1.06362
    -1.02689
   -0.980262
   -0.924193
   -0.859223
   -0.785976
   -0.705158
   -0.617547
   -0.523987
   -0.425379
   -0.322673
   -0.216859
   -0.108955
   0.0190682
   0.0379544
    0.056476
   0.0744544
    0.091716
    0.108094
    0.123432
     0.13758
    0.150403
    0.161778
    0.171593
    0.179756
    0.186188
    0.190826
    0.193626
    0.194562
    0.193624
    0.190822
    0.186182
    0.179748
    0.171584
    0.161767
    0.150391
    0.137568
     0.12342
    0.108084
   0.0917081
   0.0744492
   0.0564738
   0.0379548
   0.0190708
   -0.100656
   -0.200342
   -0.298097
   -0.392982
   -0.484082
   -0.570523
    -0.65147
   -0.726145
   -0.793828
   -0.853867
   -0.905685
   -0.948782
   -0.982743
    -1.00724
    -1.02204
      -1.027
    -1.02206
    -1.00729
    -0.98281
   -0.948868
   -0.905786
    -0.85398
   -0.793949
   -0.726269
   -0.651592
   -0.570639
   -0.484187
    -0.39307
   -0.298165
   -0.200387
   -0.100679
   0.0179849
   0.0357993
   0.0532706
   0.0702303
   0.0865142
    0.101966
    0.116435
    0.129784
    0.141884
    0.152619
    0.161884
    0.169591
    0.175665
    0.180049
    0.182699
     0.18359
    0.182714
    0.180076
    0.175704
    0.169637
    0.161935
     0.15267
    0.141933
    0.129829
    0.116475
    0.102002
   0.0865477
    0.070261
   0.0532986
   0.0358222
   0.0179999
  -0.0926845
   -0.184475
   -0.274486
   -0.361854
   -0.445735
   -0.525324
   -0.599854
   -0.668609
   -0.730925
   -0.786203
   -0.833911
    -0.87359
   -0.904858
   -0.927414
   -0.941039
   -0.945604
   -0.941065
   -0.927463
    -0.90493
   -0.873682
   -0.834019
   -0.786322
   -0.731051
   -0.668737
    -0.59998
    -0.52544
   -0.445838
   -0.361938
    -0.27455
   -0.184516
  -0.0927043
    0.016923
   0.0336889
   0.0501354
   0.0661029
    0.081437
   0.0959894
    0.109619
    0.122196
    0.133598
    0.143715
    0.152449
    0.159717
    0.165447
    0.169583
    0.172086
     0.17293
    0.172107
    0.169625
    0.165507
    0.159793
    0.152538
     0.14381
    0.133695
    0.122291
    0.109711
    0.096075
   0.0815169
   0.0661755
   0.0501994
   0.0337397
    0.016955
  -0.0850165
   -0.169208
   -0.251763
   -0.331891
   -0.408821
   -0.481813
   -0.550166
   -0.613221
   -0.670371
   -0.721069
   -0.764824
   -0.801216
   -0.829895
   -0.850585
   -0.863087
   -0.867279
   -0.863122
   -0.850654
   -0.829995
   -0.801341
    -0.76497
    -0.72123
    -0.67054
   -0.613389
   -0.550326
   -0.481958
   -0.408943
   -0.331987
   -0.251829
   -0.169245
    -0.08503
   0.0158887
   0.0316338
   0.0470833
   0.0620864
   0.0764984
   0.0901786
    0.102995
    0.114824
    0.125551
    0.135071
    0.143292
    0.150135
    0.155531
    0.159428
    0.161787
    0.162584
     0.16181
    0.159475
    0.155602
    0.150228
    0.143405
    0.135198
    0.125685
    0.114962
    0.103131
   0.0903096
   0.0766219
   0.0621995
   0.0471826
   0.0317123
   0.0159376
  -0.0776452
   -0.154534
   -0.229923
   -0.303095
   -0.373345
       -0.44
   -0.502419
       -0.56
   -0.612189
   -0.658486
   -0.698445
   -0.731681
   -0.757873
    -0.77677
   -0.788189
   -0.792021
   -0.788228
   -0.776845
   -0.757982
   -0.731817
   -0.698604
   -0.658661
   -0.612371
   -0.560179
   -0.502586
   -0.440149
   -0.373467
   -0.303186
   -0.229981
    -0.15456
  -0.0776506
   0.0148936
   0.0296561
   0.0441459
   0.0582194
   0.0717407
   0.0845774
   0.0966051
    0.107706
    0.117774
    0.126708
    0.134423
    0.140843
    0.145906
    0.149562
    0.151775
    0.152521
    0.151794
    0.149602
    0.145967
    0.140923
    0.134521
    0.126821
    0.117899
    0.107841
   0.0967454
     0.08472
   0.0718818
   0.0583538
    0.044267
   0.0297538
   0.0149534
  -0.0705629
    -0.14044
   -0.208957
   -0.275459
   -0.339307
   -0.399888
   -0.456619
   -0.508954
   -0.556391
   -0.598472
   -0.634793
   -0.665002
   -0.688811
   -0.705988
   -0.716368
    -0.71985
     -0.7164
   -0.706051
     -0.6889
   -0.665113
    -0.63492
   -0.598609
   -0.556531
    -0.50909
   -0.456744
   -0.399998
   -0.339396
   -0.275525
   -0.208997
   -0.140458
  -0.0705658
   0.0139364
   0.0277533
    0.041319
   0.0544966
   0.0671585
     0.07918
    0.090444
     0.10084
    0.110265
    0.118628
    0.125847
    0.131853
    0.136587
    0.140003
    0.142069
    0.142763
    0.142078
    0.140022
    0.136615
    0.131891
    0.125897
    0.118691
    0.110342
    0.100932
   0.0905517
   0.0793005
   0.0672878
    0.054628
   0.0414432
   0.0278574
   0.0140005
  -0.0637838
    -0.12695
   -0.188888
   -0.249007
   -0.306726
   -0.361492
   -0.412777
   -0.460089
   -0.502972
   -0.541013
   -0.573847
   -0.601156
   -0.622677
   -0.638202
   -0.647583
   -0.650727
   -0.647604
   -0.638244
   -0.622734
   -0.601226
   -0.573925
   -0.541096
   -0.503053
   -0.460166
   -0.412847
   -0.361552
   -0.306773
    -0.24904
   -0.188907
   -0.126956
  -0.0637828
   0.0130223
   0.0259303
   0.0386004
   0.0509067
   0.0627296
   0.0739538
   0.0844699
    0.094175
    0.102974
    0.110781
     0.11752
    0.123127
    0.127547
    0.130737
    0.132666
    0.133315
    0.132678
    0.130762
    0.127584
    0.123177
    0.117584
    0.110859
    0.103065
   0.0942799
   0.0845872
   0.0740803
   0.0628606
   0.0510353
   0.0387184
   0.0260261
   0.0130799
  -0.0573124
    -0.11407
   -0.169727
   -0.223748
   -0.275615
   -0.324826
   -0.370909
    -0.41342
   -0.451948
   -0.486124
   -0.515618
   -0.540146
   -0.559473
   -0.573412
    -0.58183
   -0.584645
   -0.581832
   -0.573415
   -0.559476
   -0.540148
   -0.515619
   -0.486124
   -0.451946
   -0.413416
   -0.370904
    -0.32482
   -0.275606
   -0.223739
   -0.169715
   -0.114058
  -0.0573035
   0.0121432
   0.0241756
   0.0359812
   0.0474448
   0.0584546
   0.0689052
    0.078695
   0.0877292
   0.0959199
    0.103188
    0.109463
    0.114684
    0.118801
    0.121775
    0.123576
    0.124186
      0.1236
    0.121822
    0.118871
    0.114774
    0.109571
    0.103312
    0.096056
   0.0878738
   0.0788442
   0.0690541
   0.0585978
   0.0475758
   0.0360942
   0.0242622
   0.0121931
  -0.0511415
   -0.101789
   -0.151454
   -0.199659
   -0.245942
   -0.289855
   -0.330975
   -0.368906
   -0.403283
   -0.433774
   -0.460085
   -0.481965
   -0.499203
   -0.511634
   -0.519138
   -0.521644
   -0.519129
   -0.511615
   -0.499175
    -0.48193
   -0.460045
   -0.433729
   -0.403237
    -0.36886
   -0.330931
   -0.289814
   -0.245906
   -0.199628
   -0.151427
   -0.101768
  -0.0511294
   0.0112777
   0.0224537
   0.0334199
   0.0440694
   0.0542989
   0.0640096
   0.0731078
   0.0815048
   0.0891194
   0.0958773
    0.101713
     0.10657
    0.110402
     0.11317
    0.114849
    0.115421
    0.114882
    0.113236
    0.110499
    0.106697
    0.101866
   0.0960525
   0.0893121
   0.0817092
   0.0733172
   0.0642166
   0.0544951
   0.0442462
   0.0335684
   0.0225643
   0.0113395
   -0.045279
  -0.0901165
    -0.13408
   -0.176749
   -0.217712
   -0.256577
   -0.292968
   -0.326537
   -0.356961
   -0.383947
   -0.407235
   -0.426601
   -0.441859
   -0.452863
   -0.459506
   -0.461725
   -0.459499
    -0.45285
   -0.441841
   -0.426578
   -0.407208
   -0.383918
    -0.35693
   -0.326505
   -0.292934
   -0.256541
   -0.217677
   -0.176714
   -0.134047
   -0.090089
  -0.0452621
   0.0104385
   0.0207852
   0.0309403
   0.0408049
    0.050284
    0.059285
   0.0677215
   0.0755101
   0.0825756
    0.088848
   0.0942665
   0.0987777
    0.102338
    0.104912
    0.106474
    0.107011
    0.106517
    0.104996
    0.102464
   0.0989436
   0.0944691
   0.0890827
   0.0828361
   0.0757888
   0.0680086
     0.05957
    0.050554
   0.0410475
   0.0311418
    0.020933
   0.0105194
  -0.0397157
  -0.0790408
   -0.117595
   -0.155012
    -0.19093
   -0.225007
   -0.256915
   -0.286349
   -0.313025
   -0.336688
    -0.35711
   -0.374094
   -0.387476
   -0.397128
   -0.402957
   -0.404907
   -0.402959
   -0.397132
   -0.387483
   -0.374103
   -0.357122
   -0.336702
    -0.31304
   -0.286362
   -0.256925
   -0.225011
   -0.190927
   -0.155001
   -0.117579
  -0.0790224
  -0.0397025
  0.00963959
   0.0191968
   0.0285804
   0.0376971
   0.0464591
   0.0547804
   0.0625807
   0.0697831
   0.0763181
   0.0821213
   0.0871366
   0.0913138
   0.0946124
   0.0969998
   0.0984528
   0.0989569
   0.0985071
   0.0971073
   0.0947709
   0.0915195
   0.0873842
   0.0824039
   0.0766262
    0.070107
   0.0629088
   0.0551019
   0.0467616
   0.0379679
   0.0288056
   0.0193629
  0.00973059
  -0.0344445
  -0.0685503
   -0.101988
   -0.134439
   -0.165589
   -0.195142
   -0.222814
   -0.248339
   -0.271473
   -0.291994
   -0.309705
   -0.324435
   -0.336044
   -0.344419
   -0.349479
   -0.351178
   -0.349497
   -0.344453
   -0.336095
   -0.324502
   -0.309785
   -0.292085
   -0.271571
    -0.24844
   -0.222912
   -0.195232
   -0.165666
   -0.134498
   -0.102028
  -0.0685713
  -0.0344503
  0.00887842
   0.0176834
   0.0263318
   0.0347352
   0.0428128
   0.0504844
   0.0576757
   0.0643165
   0.0703425
   0.0756953
   0.0803232
   0.0841797
   0.0872273
   0.0894357
   0.0907835
    0.091256
   0.0908485
   0.0895638
   0.0874139
   0.0844185
    0.080606
   0.0760124
   0.0706813
   0.0646654
   0.0580224
    0.050819
    0.043125
   0.0350139
   0.0265643
   0.0178563
  0.00897372
  -0.0294741
  -0.0586584
  -0.0872714
   -0.115039
   -0.141695
   -0.166984
   -0.190662
   -0.212504
   -0.232301
   -0.249862
    -0.26502
   -0.277629
   -0.287568
   -0.294741
    -0.29908
   -0.300543
   -0.299116
   -0.294811
    -0.28767
    -0.27776
   -0.265176
   -0.250037
   -0.232488
   -0.212697
   -0.190852
   -0.167161
   -0.141851
   -0.115167
  -0.0873648
  -0.0587161
  -0.0294973
  0.00815118
   0.0162379
   0.0241847
   0.0319089
   0.0393366
   0.0463924
   0.0530083
   0.0591187
   0.0646649
    0.069592
   0.0738524
   0.0774032
   0.0802097
   0.0822436
   0.0834846
   0.0839191
   0.0835421
    0.082357
   0.0803743
   0.0776143
   0.0741032
   0.0698746
    0.064969
   0.0594352
   0.0533267
   0.0467038
   0.0396311
   0.0321762
   0.0244112
   0.0164092
  0.00824725
  -0.0248038
  -0.0493629
  -0.0734401
  -0.0968066
   -0.119238
   -0.140519
   -0.160447
   -0.178832
   -0.195496
   -0.210281
   -0.223045
   -0.233666
   -0.242041
    -0.24809
   -0.251755
      -0.253
   -0.251814
   -0.248205
   -0.242209
   -0.233878
   -0.223294
   -0.210557
   -0.195787
   -0.179126
   -0.160732
   -0.140782
   -0.119467
  -0.0969926
  -0.0735756
  -0.0494464
  -0.0248382
  0.00745848
   0.0148614
   0.0221408
   0.0292193
     0.03603
   0.0425017
    0.048572
   0.0541799
   0.0592712
   0.0637944
   0.0677051
   0.0709642
   0.0735393
    0.075404
   0.0765392
   0.0769325
   0.0765789
   0.0754828
   0.0736539
   0.0711132
   0.0678854
    0.064002
   0.0595009
   0.0544265
   0.0488288
   0.0427613
   0.0362833
   0.0294568
   0.0223478
   0.0150224
  0.00755101
  -0.0204358
  -0.0406692
  -0.0605048
  -0.0797555
   -0.098236
   -0.115771
   -0.132192
   -0.147343
   -0.161078
   -0.173265
   -0.183789
   -0.192547
   -0.199455
   -0.204448
   -0.207476
    -0.20851
   -0.207541
   -0.204575
    -0.19964
   -0.192781
   -0.184061
   -0.173565
   -0.161392
   -0.147658
   -0.132495
   -0.116048
   -0.098475
  -0.0799473
  -0.0606422
  -0.0407516
  -0.0204679
  0.00681716
   0.0135836
   0.0202379
   0.0267089
   0.0329352
   0.0388515
   0.0444003
   0.0495253
    0.054176
   0.0583051
   0.0618714
   0.0648403
   0.0671818
   0.0688744
   0.0699009
   0.0702505
   0.0699191
   0.0689106
   0.0672344
   0.0649092
   0.0619579
   0.0584095
   0.0542989
   0.0496663
   0.0445571
   0.0390201
   0.0331092
   0.0268801
   0.0203931
   0.0137085
     0.00689
  -0.0163656
  -0.0325711
  -0.0484605
  -0.0638829
  -0.0786898
  -0.0927403
     -0.1059
   -0.118042
   -0.129052
   -0.138823
   -0.147262
   -0.154286
   -0.159827
    -0.16383
   -0.166258
   -0.167084
   -0.166303
   -0.163919
   -0.159956
    -0.15445
   -0.147454
   -0.139034
   -0.129273
   -0.118262
   -0.106109
  -0.0929297
  -0.0788515
  -0.0640111
  -0.0485507
  -0.0326238
  -0.0163845
  0.00621577
   0.0123847
   0.0184513
   0.0243495
   0.0300233
   0.0354128
   0.0404653
   0.0451288
   0.0493569
   0.0531064
   0.0563394
   0.0590261
   0.0611396
   0.0626634
   0.0635827
   0.0638883
   0.0635774
   0.0626528
   0.0611241
   0.0590064
    0.056321
    0.053094
   0.0493572
   0.0451467
   0.0405035
   0.0354716
   0.0300996
    0.024438
   0.0185408
   0.0124634
   0.0062636
   -0.012598
   -0.025075
  -0.0373112
  -0.0491886
   -0.060593
  -0.0714151
  -0.0815509
  -0.0909036
  -0.0993839
   -0.106909
   -0.113409
   -0.118817
   -0.123083
   -0.126162
   -0.128024
   -0.128653
    -0.12804
   -0.126193
   -0.123128
   -0.118877
   -0.113479
   -0.106987
  -0.0994621
  -0.0909794
  -0.0816193
  -0.0714735
  -0.0606389
  -0.0492209
  -0.0373289
  -0.0250809
  -0.0125951
  0.00565412
   0.0112604
   0.0167676
   0.0221177
   0.0272592
     0.03214
    0.036712
     0.04093
   0.0447523
   0.0481404
   0.0510607
   0.0534861
   0.0553932
   0.0567661
   0.0575922
   0.0578636
   0.0575781
   0.0567382
   0.0553524
   0.0534341
   0.0510022
   0.0480801
   0.0446959
   0.0408827
   0.0366772
   0.0321201
   0.0272551
   0.0221281
   0.0167879
   0.0112847
  0.00567059
 -0.00913874
  -0.0181906
   -0.027069
  -0.0356876
  -0.0439637
  -0.0518162
  -0.0591697
  -0.0659515
  -0.0720959
  -0.0775437
  -0.0822424
  -0.0861466
   -0.089219
  -0.0914301
  -0.0927587
  -0.0931936
  -0.0927307
  -0.0913752
    -0.08914
   -0.086047
  -0.0821255
   -0.077414
   -0.071957
  -0.0658085
  -0.0590272
  -0.0516801
  -0.0438379
  -0.0355774
  -0.0269781
  -0.0181245
 -0.00910207
   0.0051231
   0.0101967
    0.015173
   0.0200021
   0.0246369
   0.0290331
   0.0331474
   0.0369418
   0.0403793
   0.0434261
    0.046053
   0.0482349
   0.0499514
   0.0511867
   0.0519298
   0.0521736
   0.0519163
   0.0511598
   0.0499119
    0.048184
   0.0459929
    0.043359
   0.0403075
   0.0368684
   0.0330747
   0.0289641
    0.024576
    0.019952
   0.0151362
   0.0101737
   0.0051116
 -0.00597947
  -0.0119022
  -0.0177117
  -0.0233498
   -0.028763
  -0.0338968
  -0.0387021
  -0.0431288
  -0.0471339
  -0.0506791
    -0.05373
  -0.0562587
  -0.0582407
  -0.0596598
  -0.0605025
  -0.0607631
  -0.0604396
  -0.0595361
  -0.0580614
    -0.05603
  -0.0534615
  -0.0503807
  -0.0468168
  -0.0428051
  -0.0383838
  -0.0335973
  -0.0284917
  -0.0231177
  -0.0175272
   -0.011774
 -0.00591372
  0.00460705
  0.00916694
   0.0136356
   0.0179709
    0.022131
   0.0260761
   0.0297681
   0.0331726
   0.0362568
   0.0389904
   0.0413473
   0.0433044
   0.0448432
   0.0459497
   0.0466137
   0.0468295
   0.0465958
   0.0459151
   0.0447945
   0.0432446
   0.0412805
   0.0389194
    0.036184
   0.0330997
   0.0296958
   0.0260063
   0.0220663
   0.0179139
   0.0135887
   0.0091323
  0.00458732
 -0.00313394
  -0.0062315
 -0.00926183
  -0.0121952
  -0.0150032
  -0.0176598
    -0.02014
  -0.0224194
  -0.0244766
  -0.0262926
  -0.0278502
  -0.0291358
   -0.030137
  -0.0308463
  -0.0312569
  -0.0313666
  -0.0311746
  -0.0306846
  -0.0299018
  -0.0288355
  -0.0274963
  -0.0258973
   -0.024054
  -0.0219841
  -0.0197073
  -0.0172458
  -0.0146232
  -0.0118644
 -0.00899579
 -0.00604373
 -0.00303638
  0.00411813
  0.00819182
   0.0121811
   0.0160516
   0.0197665
     0.02329
   0.0265887
   0.0296307
   0.0323873
   0.0348305
    0.036937
   0.0386855
   0.0400591
   0.0410453
   0.0416349
    0.041824
   0.0416115
   0.0410009
   0.0399992
   0.0386159
   0.0368649
   0.0347603
   0.0323221
   0.0295715
   0.0265339
   0.0232395
   0.0197193
   0.0160084
    0.012142
  0.00815879
  0.00409716
-0.000581306
 -0.00114455
 -0.00168238
 -0.00219096
 -0.00266453
 -0.00310263
 -0.00350134
 -0.00385969
 -0.00417504
 -0.00444569
 -0.00466972
 -0.00484627
 -0.00497413
 -0.00505339
 -0.00508352
 -0.00506517
 -0.00499838
 -0.00488651
 -0.00473079
  -0.0045353
 -0.00430239
 -0.00403407
 -0.00373321
 -0.00340157
 -0.00304248
 -0.00265829
 -0.00225272
 -0.00182778
  -0.0013874
-0.000933706
-0.000470564
  0.00365965
   0.0072799
   0.0108257
   0.0142649
    0.017565
   0.0206942
   0.0236229
   0.0263229
   0.0287685
   0.0309358
   0.0328041
   0.0343553
   0.0355747
   0.0364512
   0.0369767
   0.0371467
   0.0369601
   0.0364182
   0.0355266
   0.0342941
   0.0327324
   0.0308556
   0.0286812
   0.0262301
   0.0235254
   0.0205958
   0.0174698
   0.0141778
   0.0107522
  0.00722475
  0.00362992
  0.00168993
  0.00337831
  0.00505114
  0.00668865
  0.00827576
  0.00979323
   0.0112262
    0.012558
   0.0137752
   0.0148639
   0.0158132
   0.0166116
   0.0172505
    0.017722
   0.0180208
   0.0181427
    0.018086
   0.0178498
   0.0174359
   0.0168488
   0.0160941
   0.0151806
   0.0141173
   0.0129156
   0.0115873
    0.010146
  0.00860559
  0.00698268
  0.00529311
  0.00355463
  0.00178432
  0.00323394
  0.00643312
  0.00956712
   0.0126054
   0.0155191
   0.0182806
   0.0208635
   0.0232432
   0.0253971
   0.0273054
   0.0289503
   0.0303169
   0.0313928
   0.0321677
   0.0326349
   0.0327884
   0.0326268
   0.0321488
    0.031358
   0.0302629
   0.0288729
   0.0272029
   0.0252683
   0.0230912
    0.020693
   0.0181015
   0.0153434
   0.0124448
  0.00943522
  0.00633923
  0.00318702
  0.00366532
  0.00731173
   0.0109064
   0.0144083
   0.0177842
   0.0209973
   0.0240162
   0.0268091
   0.0293486
   0.0316079
    0.033565
   0.0351983
   0.0364919
   0.0374314
   0.0380072
   0.0382121
   0.0380434
   0.0375024
   0.0365935
   0.0353285
   0.0337196
   0.0317847
   0.0295431
   0.0270171
   0.0242315
   0.0212134
   0.0179921
   0.0145999
   0.0110696
  0.00743606
  0.00373455
  0.00283554
  0.00564084
  0.00838947
   0.0110547
   0.0136116
   0.0160353
    0.018303
   0.0203921
   0.0222827
   0.0239561
   0.0253961
   0.0265896
   0.0275251
    0.028195
   0.0285928
   0.0287143
   0.0285576
   0.0281233
   0.0274149
   0.0264413
   0.0252121
   0.0237398
   0.0220393
   0.0201293
   0.0180295
   0.0157637
    0.013356
   0.0108291
  0.00820878
  0.00551521
  0.00277396
  0.00535023
   0.0106651
   0.0158958
   0.0209839
   0.0258801
   0.0305311
    0.034891
   0.0389147
   0.0425624
   0.0457979
   0.0485897
    0.050911
   0.0527395
   0.0540586
    0.054856
   0.0551226
   0.0548554
   0.0540565
   0.0527331
   0.0509003
   0.0485756
   0.0457837
   0.0425517
    0.038912
   0.0349001
   0.0305546
   0.0259178
   0.0210345
   0.0159521
   0.0107186
  0.00538437
   0.0024648
  0.00490411
  0.00729539
  0.00961561
   0.0118434
   0.0139565
   0.0159352
   0.0177579
   0.0194072
   0.0208642
   0.0221142
   0.0231451
    0.023946
   0.0245123
   0.0248381
    0.024921
     0.02476
   0.0243583
   0.0237197
   0.0228548
   0.0217732
   0.0204854
   0.0190053
   0.0173476
   0.0155302
   0.0135723
    0.011495
   0.0093176
  0.00706253
  0.00474564
  0.00238844
  0.00672937
   0.0134086
   0.0199758
   0.0263578
   0.0324932
   0.0383155
   0.0437674
   0.0487939
   0.0533449
   0.0573773
   0.0608513
   0.0637358
   0.0660032
   0.0676351
   0.0686164
   0.0689364
   0.0685921
    0.067586
   0.0659278
   0.0636349
   0.0607294
   0.0572408
   0.0532028
   0.0486554
   0.0436425
   0.0382122
   0.0324172
   0.0263128
   0.0199582
   0.0134124
  0.00673845
  0.00213976
  0.00425399
   0.0063231
  0.00832757
   0.0102484
   0.0120671
   0.0137659
   0.0153272
   0.0167351
   0.0179752
   0.0190344
   0.0199036
   0.0205741
   0.0210421
   0.0213036
   0.0213567
   0.0212016
   0.0208413
   0.0202805
   0.0195277
   0.0185919
   0.0174826
   0.0162123
   0.0147943
   0.0132441
   0.0115763
  0.00980818
  0.00795368
  0.00603047
  0.00405309
  0.00203887
  0.00781456
   0.0155585
   0.0231577
   0.0305344
   0.0376177
   0.0443364
   0.0506257
   0.0564242
   0.0616756
   0.0663296
   0.0703411
   0.0736721
   0.0762907
    0.078174
   0.0793043
   0.0796707
     0.07927
   0.0781066
   0.0761921
   0.0735466
   0.0701962
   0.0661733
   0.0615169
   0.0562699
   0.0504825
   0.0442096
   0.0375115
   0.0304518
   0.0230984
   0.0155227
  0.00779769
  0.00184694
  0.00366718
  0.00544306
  0.00715782
  0.00879433
   0.0103377
   0.0117723
   0.0130847
   0.0142613
   0.0152924
   0.0161675
   0.0168811
   0.0174266
   0.0178017
   0.0180041
    0.018032
   0.0178865
   0.0175702
    0.017088
   0.0164457
   0.0156514
   0.0147133
   0.0136424
   0.0124506
   0.0111513
  0.00975392
  0.00827241
  0.00671501
  0.00509503
  0.00342624
   0.0017225
   0.0085941
   0.0171016
   0.0254395
   0.0335286
   0.0412904
   0.0486514
   0.0555407
   0.0618928
   0.0676468
   0.0727471
   0.0771448
   0.0807968
   0.0836683
   0.0857326
     0.08697
   0.0873699
   0.0869288
   0.0856523
   0.0835533
    0.080654
   0.0769835
   0.0725761
   0.0674751
   0.0617253
   0.0553815
    0.048504
   0.0411583
   0.0334143
   0.0253456
   0.0170327
  0.00855538
  0.00155497
  0.00308529
  0.00457462
  0.00601022
  0.00737741
  0.00866357
   0.0098558
   0.0109439
   0.0119175
   0.0127683
   0.0134887
   0.0140733
   0.0145177
   0.0148205
   0.0149805
   0.0149974
   0.0148731
   0.0146087
   0.0142086
   0.0136761
   0.0130177
   0.0122397
   0.0113505
   0.0103601
  0.00927885
  0.00811563
   0.0068813
   0.0055846
  0.00423669
  0.00284863
  0.00143245
  0.00905245
   0.0180152
   0.0268015
    0.035326
   0.0435062
   0.0512631
   0.0585218
   0.0652134
   0.0712735
   0.0766449
   0.0812762
    0.085123
   0.0881486
   0.0903245
   0.0916301
   0.0920537
   0.0915914
   0.0902485
   0.0880384
   0.0849834
   0.0811136
   0.0764659
   0.0710856
   0.0650224
   0.0583346
    0.051086
   0.0433461
   0.0351888
    0.026692
   0.0179384
  0.00901194
   0.0012725
  0.00252345
  0.00373825
  0.00490855
  0.00602226
    0.007069
  0.00803853
  0.00892363
  0.00971654
   0.0104098
   0.0109979
   0.0114752
   0.0118383
   0.0120864
   0.0122192
   0.0122374
   0.0121431
   0.0119359
   0.0116193
   0.0111938
   0.0106642
   0.0100345
  0.00931078
  0.00850136
  0.00761383
  0.00665748
  0.00564106
   0.0045748
  0.00346852
  0.00233094
  0.00117235
  0.00921529
   0.0183406
   0.0272879
   0.0359692
   0.0443004
   0.0522001
   0.0595918
   0.0664054
   0.0725753
   0.0780441
   0.0827597
   0.0866771
   0.0897594
   0.0919768
   0.0933087
   0.0937425
   0.0932744
   0.0919092
   0.0896605
     0.08655
   0.0826081
   0.0778726
   0.0723895
   0.0662115
    0.059398
   0.0520145
   0.0441321
    0.035826
    0.027176
   0.0182647
  0.00917728
 0.000999926
  0.00198665
  0.00294826
  0.00387634
  0.00476119
  0.00559449
  0.00636834
  0.00707617
    0.007712
   0.0082693
  0.00874371
  0.00913064
  0.00942758
  0.00963325
  0.00974731
   0.0097699
  0.00970236
  0.00954439
  0.00929832
  0.00896487
  0.00854731
  0.00804889
  0.00747415
  0.00682929
  0.00612035
  0.00535466
  0.00453936
  0.00368276
   0.0027928
  0.00187708
 0.000943811
  0.00908665
   0.0180836
    0.026904
   0.0354622
   0.0436755
   0.0514645
   0.0587541
   0.0654746
   0.0715615
   0.0769573
   0.0816103
   0.0854761
    0.088518
   0.0907069
   0.0920222
   0.0924515
   0.0919912
   0.0906459
    0.088429
   0.0853621
   0.0814749
    0.076805
   0.0713977
   0.0653048
   0.0585852
   0.0513032
   0.0435289
   0.0353367
    0.026805
   0.0180154
  0.00905197
 0.000745578
  0.00148752
  0.00221677
  0.00292466
  0.00360351
  0.00424665
  0.00484801
  0.00540109
  0.00590115
  0.00634212
  0.00672046
  0.00703238
  0.00727581
  0.00744871
  0.00755042
  0.00758018
  0.00753846
  0.00742534
  0.00724223
  0.00699037
  0.00667221
  0.00629042
  0.00584852
  0.00535067
  0.00480147
  0.00420615
  0.00357014
  0.00289963
  0.00220064
   0.0014799
 0.000743909
  0.00866486
   0.0172434
   0.0256526
   0.0338119
   0.0416425
   0.0490694
   0.0560212
    0.062431
   0.0682374
   0.0733846
   0.0778235
   0.0815113
    0.084413
   0.0865009
   0.0877554
   0.0881647
   0.0877253
   0.0864418
   0.0843268
   0.0814012
   0.0776932
    0.073239
   0.0680814
   0.0622706
   0.0558621
   0.0489179
   0.0415046
   0.0336931
   0.0255582
   0.0171775
  0.00863086
 0.000523804
  0.00105212
  0.00157886
  0.00209591
  0.00259753
  0.00307724
  0.00353013
  0.00395038
  0.00433391
  0.00467561
  0.00497231
  0.00522054
  0.00541819
  0.00556322
   0.0056546
  0.00569134
  0.00567335
   0.0056005
  0.00547355
  0.00529337
  0.00506157
   0.0047801
  0.00445143
   0.0040786
  0.00366493
  0.00321443
  0.00273119
  0.00222015
  0.00168609
  0.00113444
 0.000570483
  0.00795085
   0.0158225
   0.0235391
   0.0310262
   0.0382118
   0.0450269
   0.0514059
   0.0572875
   0.0626153
   0.0673379
   0.0714104
   0.0747935
   0.0774549
   0.0793692
   0.0805185
   0.0808919
   0.0804862
   0.0793057
   0.0773623
   0.0746749
   0.0712698
   0.0671801
   0.0624453
   0.0571116
   0.0512304
   0.0448588
   0.0380582
    0.030894
   0.0234348
   0.0157507
  0.00791495
 0.000334067
 0.000680288
  0.00103525
  0.00139112
  0.00174388
  0.00208684
  0.00241604
  0.00272606
  0.00301332
  0.00327349
   0.0035036
  0.00370035
   0.0038615
  0.00398497
  0.00406937
  0.00411356
  0.00411685
  0.00407897
  0.00400001
  0.00388044
  0.00372109
  0.00352332
   0.0032887
  0.00301946
  0.00271794
  0.00238732
   0.0020307
  0.00165216
  0.00125548
 0.000845054
 0.000425126
  0.00694408
    0.013819
   0.0205584
   0.0270973
   0.0333728
   0.0393246
   0.0448955
   0.0500318
   0.0546844
   0.0588084
   0.0623644
   0.0653183
   0.0676417
   0.0693125
   0.0703148
   0.0706393
   0.0702831
   0.0692502
   0.0675508
   0.0652018
    0.062226
   0.0586526
   0.0545162
    0.049857
   0.0447202
   0.0391561
   0.0332185
   0.0269645
   0.0204542
   0.0137479
  0.00690953
 0.000187945
 0.000391469
 0.000609143
 0.000834813
   0.0010657
  0.00129653
  0.00152409
  0.00174368
  0.00195217
  0.00214562
  0.00232121
  0.00247586
  0.00260725
   0.0027132
  0.00279204
   0.0028424
  0.00286322
  0.00285388
  0.00281397
  0.00274351
  0.00264274
   0.0025125
  0.00235374
  0.00216807
  0.00195715
  0.00172335
  0.00146901
  0.00119726
 0.000911018
 0.000613809
 0.000308907
  0.00564675
   0.0112363
   0.0167147
   0.0220296
   0.0271299
   0.0319668
   0.0364938
   0.0406675
    0.044448
   0.0477991
   0.0506884
   0.0530885
   0.0549762
   0.0563335
   0.0571473
   0.0574101
   0.0571195
   0.0562785
   0.0548957
   0.0529851
   0.0505653
   0.0476604
   0.0442986
   0.0405127
   0.0363393
    0.031819
   0.0269954
   0.0219143
   0.0166244
   0.0111746
  0.00561666
 8.09842e-05
 0.000179481
 0.000295437
 0.000424042
 0.000563533
 0.000709936
 0.000860784
    0.001012
  0.00116086
  0.00130376
    0.001438
   0.0015607
  0.00166948
  0.00176209
   0.0018366
   0.0018915
  0.00192538
  0.00193737
  0.00192664
  0.00189287
  0.00183586
  0.00175609
  0.00165404
  0.00153091
  0.00138784
  0.00122657
  0.00104888
 0.000857099
 0.000653494
 0.000440928
 0.000221975
  0.00405625
  0.00807048
   0.0120041
     0.01582
   0.0194816
   0.0229541
   0.0262041
   0.0292007
   0.0319151
   0.0343214
   0.0363964
   0.0381203
   0.0394765
   0.0404519
    0.041037
   0.0412264
    0.041018
   0.0404142
   0.0394208
   0.0380483
   0.0363102
   0.0342239
   0.0318097
   0.0290913
   0.0260952
     0.02285
   0.0193871
   0.0157389
   0.0119406
  0.00802685
  0.00403494
 2.73532e-05
 6.82325e-05
 0.000123376
 0.000191152
 0.000270571
 0.000359557
 0.000456206
  0.00055782
 0.000662028
 0.000766069
 0.000867451
 0.000963681
  0.00105244
  0.00113158
  0.00119913
  0.00125344
    0.001293
  0.00131667
  0.00132348
  0.00131282
  0.00128428
  0.00123795
  0.00117405
   0.0010933
  0.00099654
    0.000885
 0.000760069
 0.000623476
  0.00047704
 0.000322885
 0.000163071
  0.00216981
  0.00431768
  0.00642303
  0.00846585
   0.0104265
   0.0122864
   0.0140275
   0.0156333
   0.0170883
   0.0183786
   0.0194917
    0.020417
   0.0211455
   0.0216701
   0.0219859
   0.0220897
   0.0219804
   0.0216593
   0.0211293
   0.0203958
   0.0194661
   0.0183493
   0.0170563
   0.0155998
   0.0139938
   0.0122538
   0.0103968
  0.00844014
  0.00640287
  0.00430389
  0.00216331
  1.1148e-06
 2.17537e-06
 3.13468e-06
 3.95995e-06
  4.6323e-06
 5.14807e-06
 5.51248e-06
 5.73859e-06
 5.84108e-06
  5.8366e-06
 5.74027e-06
 5.56717e-06
 5.33058e-06
 5.04332e-06
 4.71683e-06
 4.36193e-06
 3.98839e-06
 3.60525e-06
 3.22066e-06
 2.84182e-06
 2.47512e-06
 2.12576e-06
 1.79815e-06
 1.49547e-06
 1.22015e-06
 9.73308e-07
 7.55241e-07
 5.64624e-07
 3.98952e-07
 2.53723e-07
 1.23056e-07
 -2.8251e-07
-5.65019e-07
-5.61525e-07
-5.58031e-07
-5.20582e-07
-4.83132e-07
-4.30763e-07
-3.78395e-07
-3.11863e-07
-2.45331e-07
-1.73663e-07
-1.01995e-07
-2.95286e-08
 4.29379e-08
 1.29624e-07
 2.16309e-07
 3.41136e-07
 4.65964e-07
 6.29991e-07
 7.94018e-07
 9.21729e-07
 1.04944e-06
 1.10445e-06
 1.15945e-06
 1.10207e-06
 1.04469e-06
 8.64699e-07
 6.84712e-07
 3.32138e-07
-2.04358e-08
-1.02179e-08
