     0.09802
     0.19509
     0.29028
     0.38268
      0.4714
     0.55557
     0.63439
     0.70711
     0.77301
     0.83147
     0.88192
    0.923879
    0.956939
    0.980789
    0.995179
           1
    0.995179
     0.98079
    0.956939
    0.923879
    0.881919
    0.831469
    0.773009
     0.70711
    0.634389
    0.555569
      0.4714
     0.38268
     0.29028
     0.19509
     0.09802
   -0.773196
    -1.53894
    -2.28987
    -3.01874
    -3.71854
    -4.38251
    -5.00429
    -5.57788
    -6.09774
    -6.55888
    -6.95685
    -7.28781
    -7.54859
    -7.73668
    -7.85025
    -7.88823
    -7.85024
    -7.73664
    -7.54854
    -7.28774
    -6.95676
    -6.55878
    -6.09764
    -5.57776
    -5.00417
     -4.3824
    -3.71843
    -3.01865
    -2.28979
    -1.53889
   -0.773166
   0.0956246
    0.190328
    0.283198
    0.373342
     0.45989
    0.542009
    0.618908
    0.689847
    0.754142
    0.811174
    0.860394
    0.901328
    0.933582
    0.956845
    0.970892
     0.97559
    0.970893
    0.956845
    0.933582
    0.901328
    0.860394
    0.811174
    0.754141
    0.689846
    0.618908
    0.542008
    0.459889
    0.373341
    0.283198
    0.190327
   0.0956242
   -0.751603
    -1.49596
    -2.22592
    -2.93443
    -3.61468
    -4.26012
    -4.86454
    -5.42209
    -5.92742
    -6.37567
    -6.76252
    -7.08424
    -7.33773
    -7.52056
    -7.63096
    -7.66788
    -7.63094
    -7.52052
    -7.33767
    -7.08416
    -6.76243
    -6.37556
     -5.9273
    -5.42196
    -4.86439
    -4.25998
    -3.61456
    -2.93432
    -2.22583
     -1.4959
   -0.751566
   0.0932576
    0.185617
    0.276189
    0.364101
    0.448507
    0.528594
     0.60359
    0.672773
    0.735477
    0.791097
    0.839099
     0.87902
    0.910475
    0.933162
    0.946862
    0.951443
    0.946862
    0.933161
    0.910474
    0.879018
    0.839097
    0.791096
    0.735475
    0.672771
    0.603588
    0.528592
    0.448506
      0.3641
    0.276188
    0.185616
   0.0932572
   -0.730311
    -1.45359
    -2.16286
     -2.8513
    -3.51228
    -4.13943
    -4.72671
    -5.26846
    -5.75948
    -6.19503
    -6.57091
    -6.88352
    -7.12983
    -7.30748
    -7.41475
    -7.45062
    -7.41472
    -7.30743
    -7.12976
    -6.88343
     -6.5708
     -6.1949
    -5.75934
    -5.26831
    -4.72655
    -4.13927
    -3.51212
    -2.85116
    -2.16275
     -1.4535
   -0.730267
   0.0909169
    0.180958
    0.269257
    0.354963
    0.437251
    0.515327
    0.588441
    0.655888
    0.717018
    0.771242
    0.818039
    0.856958
    0.887623
    0.909741
    0.923097
    0.927563
    0.923096
    0.909739
    0.887622
    0.856956
    0.818037
     0.77124
    0.717015
    0.655886
    0.588439
    0.515326
     0.43725
    0.354964
    0.269258
    0.180959
   0.0909169
   -0.709317
     -1.4118
    -2.10069
    -2.76933
    -3.41131
    -4.02043
    -4.59083
    -5.11701
    -5.59391
    -6.01695
    -6.38203
    -6.68566
    -6.92489
    -7.09743
    -7.20162
    -7.23645
    -7.20159
    -7.09737
     -6.9248
    -6.68554
     -6.3819
    -6.01679
    -5.59375
    -5.11684
    -4.59065
    -4.02026
    -3.41114
    -2.76918
    -2.10056
    -1.41171
   -0.709268
   0.0886032
    0.176353
    0.262405
     0.34593
    0.426123
    0.502212
    0.573465
    0.639195
    0.698768
    0.751613
    0.797218
    0.835146
    0.865031
    0.886585
    0.899602
    0.903954
    0.899601
    0.886584
     0.86503
    0.835144
    0.797216
    0.751611
    0.698767
    0.639193
    0.573464
    0.502213
    0.426125
    0.345933
    0.262408
    0.176355
   0.0886038
   -0.688624
    -1.37061
     -2.0394
    -2.68854
    -3.31179
    -3.90314
     -4.4569
    -4.96773
    -5.43072
    -5.84142
    -6.19584
     -6.4906
    -6.72284
    -6.89034
    -6.99149
     -7.0253
    -6.99146
    -6.89028
    -6.72275
    -6.49047
    -6.19569
    -5.84124
    -5.43054
    -4.96753
    -4.45669
    -3.90294
     -3.3116
    -2.68838
    -2.03926
    -1.37051
   -0.688571
   0.0863168
    0.171802
    0.255633
    0.337002
    0.415125
     0.48925
    0.558664
    0.622697
    0.680733
    0.732213
    0.776641
     0.81359
    0.842703
    0.863701
    0.876382
    0.880622
    0.876382
    0.863702
    0.842704
    0.813591
    0.776643
    0.732216
    0.680738
    0.622703
    0.558671
    0.489258
    0.415133
     0.33701
     0.25564
    0.171807
   0.0863181
   -0.668236
    -1.33003
    -1.97901
    -2.60893
    -3.21372
    -3.78756
    -4.32491
    -4.82062
     -5.2699
    -5.66841
    -6.01234
    -6.29837
    -6.52373
    -6.68628
    -6.78443
    -6.81724
    -6.78439
     -6.6862
    -6.52362
    -6.29821
    -6.01216
    -5.66821
    -5.26967
    -4.82039
    -4.32467
    -3.78732
     -3.2135
    -2.60874
    -1.97885
    -1.32991
   -0.668172
   0.0840574
    0.167305
    0.248941
     0.32818
    0.404258
    0.476443
     0.54404
    0.606396
    0.662913
    0.713045
    0.756311
    0.792293
    0.820645
    0.841093
    0.853442
    0.857572
    0.853444
    0.841097
    0.820651
    0.792302
    0.756323
    0.713059
    0.662928
    0.606414
    0.544058
    0.476462
    0.404276
    0.328196
    0.248955
    0.167314
   0.0840605
   -0.648142
    -1.29004
     -1.9195
    -2.53048
    -3.11709
    -3.67367
    -4.19487
    -4.67566
    -5.11142
    -5.49796
    -5.83154
    -6.10897
    -6.32756
    -6.48521
     -6.5804
    -6.61222
    -6.58035
    -6.48512
    -6.32743
     -6.1088
    -5.83133
    -5.49772
    -5.11117
     -4.6754
     -4.1946
     -3.6734
    -3.11684
    -2.53027
    -1.91933
    -1.28991
   -0.648073
   0.0818257
    0.162863
    0.242332
    0.319467
    0.393526
    0.463794
    0.529596
    0.590298
    0.645314
    0.694116
    0.736234
    0.771262
    0.798863
    0.818771
    0.830794
    0.834816
    0.830798
    0.818781
    0.798878
    0.771283
    0.736259
    0.694144
    0.645345
     0.59033
    0.529629
    0.463826
    0.393556
    0.319494
    0.242353
    0.162877
   0.0818312
    -0.62835
    -1.25064
    -1.86089
    -2.45321
     -3.0219
    -3.56148
    -4.06676
    -4.53287
    -4.95532
    -5.33005
    -5.65345
    -5.92239
    -6.13429
    -6.28712
     -6.3794
    -6.41024
    -6.37935
    -6.28702
    -6.13415
     -5.9222
    -5.65321
    -5.32978
    -4.95504
    -4.53258
    -4.06646
    -3.56119
    -3.02163
    -2.45297
    -1.86069
     -1.2505
   -0.628275
   0.0796223
    0.158478
    0.235807
    0.310865
    0.382929
    0.451306
    0.515336
    0.574404
     0.62794
    0.675429
    0.716414
    0.750501
    0.777361
    0.796735
    0.808436
    0.812352
    0.808445
    0.796752
    0.777387
    0.750534
    0.716454
    0.675474
    0.627988
    0.574453
    0.515386
    0.451354
    0.382974
    0.310904
    0.235837
    0.158498
   0.0796306
   -0.608857
    -1.21184
    -1.80316
     -2.3771
    -2.92815
    -3.45098
    -3.94059
    -4.39223
    -4.80158
    -5.16468
    -5.47803
    -5.73863
    -5.94395
    -6.09204
    -6.18145
    -6.21134
     -6.1814
    -6.09194
     -5.9438
    -5.73843
    -5.47779
    -5.16439
    -4.80128
    -4.39192
    -3.94027
    -3.45068
    -2.92786
    -2.37685
    -1.80295
     -1.2117
   -0.608779
    0.077447
    0.154148
    0.229366
    0.302374
    0.372471
    0.438981
    0.501264
     0.55872
    0.610796
    0.656991
    0.696859
    0.730016
    0.756144
     0.77499
    0.786373
    0.790184
    0.786384
    0.775012
    0.756176
    0.730058
    0.696908
    0.657047
    0.610857
    0.558783
    0.501327
    0.439042
    0.372526
    0.302422
    0.229403
    0.154173
   0.0774579
   -0.589666
    -1.17365
    -1.74632
    -2.30217
    -2.83584
    -3.34219
    -3.81636
    -4.25376
     -4.6502
    -5.00185
    -5.30532
     -5.5577
    -5.75655
    -5.89997
    -5.98656
     -6.0155
    -5.98651
    -5.89986
     -5.7564
    -5.55749
    -5.30507
    -5.00156
    -4.64989
    -4.25344
    -3.81603
    -3.34188
    -2.83554
    -2.30191
    -1.74611
    -1.17349
   -0.589583
   0.0753013
    0.149878
    0.223011
    0.293998
    0.362154
    0.426823
    0.487383
    0.543249
    0.593885
    0.638801
    0.677567
    0.709808
    0.735214
    0.753539
    0.764608
    0.768314
     0.76462
    0.753564
    0.735249
    0.709854
    0.677622
    0.638865
    0.593953
     0.54332
    0.487453
    0.426891
    0.362216
    0.294051
    0.223053
    0.149905
   0.0753137
   -0.570773
    -1.13604
    -1.69036
     -2.2284
    -2.74497
     -3.2351
    -3.69407
    -4.11746
    -4.50119
    -4.84157
    -5.13532
    -5.37961
    -5.57209
     -5.7109
    -5.79472
    -5.82273
    -5.79467
     -5.7108
    -5.57193
    -5.37939
    -5.13505
    -4.84128
    -4.50088
    -4.11713
    -3.69374
    -3.23478
    -2.74467
    -2.22814
    -1.69015
    -1.13589
   -0.570689
   0.0731872
     0.14567
    0.216749
    0.285742
    0.351984
    0.414837
    0.473696
    0.527994
    0.577208
    0.620863
    0.658541
    0.689876
    0.714569
    0.732379
    0.743137
    0.746738
    0.743147
      0.7324
    0.714601
    0.689919
    0.658591
     0.62092
    0.577269
    0.528057
    0.473758
    0.414896
    0.352038
    0.285788
    0.216784
    0.145692
   0.0731974
    -0.55218
    -1.09903
     -1.6353
    -2.15581
    -2.65555
    -3.12971
    -3.57372
    -3.98332
    -4.35455
    -4.68384
    -4.96802
    -5.20435
    -5.39056
    -5.52485
    -5.60594
    -5.63304
    -5.60588
    -5.52474
    -5.39039
    -5.20413
    -4.96776
    -4.68355
    -4.35424
    -3.98299
    -3.57339
    -3.12939
    -2.65525
    -2.15554
    -1.63508
    -1.09888
   -0.552095
   0.0711034
    0.141522
    0.210577
    0.277605
     0.34196
    0.403022
    0.460204
    0.512955
    0.560767
    0.603178
    0.639781
    0.670223
     0.69421
    0.711512
    0.721962
    0.725458
    0.721969
    0.711526
    0.694231
    0.670251
    0.639815
    0.603216
    0.560807
    0.512997
    0.460246
    0.403062
    0.341995
    0.277634
    0.210599
    0.141535
   0.0711089
   -0.533887
    -1.06262
    -1.58112
    -2.08439
    -2.56757
    -3.02602
    -3.45533
    -3.85135
    -4.21028
    -4.52866
    -4.80343
    -5.03193
    -5.21197
    -5.34181
    -5.42021
    -5.44641
    -5.42015
     -5.3417
    -5.21179
     -5.0317
    -4.80317
    -4.52837
    -4.20997
    -3.85102
    -3.45499
     -3.0257
    -2.56727
    -2.08412
     -1.5809
    -1.06247
   -0.533802
     0.06905
    0.137434
    0.204494
    0.269585
    0.332079
    0.391375
    0.446903
    0.498127
    0.544554
    0.585738
    0.621279
    0.650838
     0.67413
     0.69093
    0.701075
    0.704468
    0.701077
    0.690934
    0.674137
    0.650847
    0.621289
    0.585748
    0.544565
    0.498139
    0.446914
    0.391385
    0.332086
    0.269589
    0.204496
    0.137434
   0.0690489
   -0.515895
    -1.02682
    -1.52784
    -2.01414
    -2.48105
    -2.92405
    -3.33889
    -3.72156
    -4.06839
    -4.37604
    -4.64155
    -4.86235
    -5.03632
    -5.16179
    -5.23754
    -5.26285
    -5.23748
    -5.16166
    -5.03614
    -4.86213
    -4.64129
    -4.37575
    -4.06807
    -3.72122
    -3.33854
    -2.92372
    -2.48074
    -2.01387
    -1.52762
    -1.02666
    -0.51581
   0.0670263
    0.133406
    0.198499
     0.26168
     0.32234
    0.379895
    0.433791
    0.483509
    0.528571
    0.568542
    0.603038
    0.631726
     0.65433
    0.670633
    0.680476
    0.683767
    0.680471
    0.670624
    0.654318
     0.63171
    0.603018
     0.56852
    0.528546
    0.483483
    0.433764
    0.379867
    0.322313
    0.261655
    0.198477
    0.133389
   0.0670169
   -0.498204
   -0.991605
    -1.47545
    -1.94508
    -2.39597
    -2.82378
     -3.2244
    -3.59395
    -3.92889
    -4.22598
    -4.48238
    -4.69561
    -4.86361
    -4.98477
    -5.05793
    -5.08237
    -5.05787
    -4.98466
    -4.86344
    -4.69539
    -4.48212
    -4.22568
    -3.92856
     -3.5936
    -3.22405
    -2.82344
    -2.39566
     -1.9448
    -1.47522
   -0.991443
    -0.49812
   0.0650295
    0.129431
    0.192584
    0.253881
    0.312731
    0.368569
    0.420857
     0.46909
    0.512806
    0.551582
    0.585045
    0.612874
    0.634801
    0.650614
     0.66016
    0.663349
    0.660151
    0.650595
    0.634773
     0.61284
    0.585004
    0.551534
    0.512754
    0.469036
    0.420802
    0.368515
    0.312681
    0.253835
    0.192546
    0.129403
   0.0650142
   -0.480817
   -0.956998
    -1.42396
     -1.8772
    -2.31235
    -2.72523
    -3.11186
    -3.46852
    -3.79177
     -4.0785
    -4.32595
    -4.53173
    -4.69387
     -4.8108
     -4.8814
    -4.90499
    -4.88134
    -4.81068
    -4.69368
    -4.53149
    -4.32567
    -4.07819
    -3.79143
    -3.46817
    -3.11151
    -2.72489
    -2.31203
    -1.87692
    -1.42373
   -0.956838
   -0.480734
   0.0630603
    0.125511
     0.18675
    0.246189
    0.303255
    0.357399
      0.4081
     0.45487
    0.497257
    0.534855
    0.567302
    0.594284
    0.615543
    0.630874
     0.64013
    0.643221
    0.640116
    0.630849
    0.615506
    0.594237
    0.567246
    0.534792
    0.497188
    0.454797
    0.408027
    0.357327
    0.303188
    0.246129
    0.186701
    0.125475
   0.0630408
   -0.463733
   -0.922994
    -1.37336
    -1.81049
    -2.23019
     -2.6284
    -3.00129
    -3.34527
    -3.65703
    -3.93357
    -4.17223
     -4.3707
    -4.52708
    -4.63985
    -4.70793
    -4.73068
    -4.70786
    -4.63972
    -4.52689
    -4.37046
    -4.17195
    -3.93326
     -3.6567
    -3.34493
    -3.00094
    -2.62807
    -2.22988
    -1.81023
    -1.37314
   -0.922841
   -0.463654
   0.0611167
    0.121643
    0.180994
    0.238601
    0.293908
    0.346382
    0.395519
    0.440846
    0.481925
    0.518363
    0.549808
    0.575958
    0.596561
    0.611418
    0.620387
    0.623382
    0.620373
     0.61139
    0.596519
    0.575905
    0.549745
     0.51829
    0.481846
    0.440762
    0.395434
      0.3463
    0.293831
    0.238533
    0.180939
    0.121603
   0.0610959
   -0.446952
   -0.889594
    -1.32366
    -1.74498
    -2.14948
    -2.53328
    -2.89268
    -3.22421
    -3.52469
    -3.79121
    -4.02123
    -4.21251
    -4.36323
    -4.47192
    -4.53754
    -4.55946
    -4.53748
    -4.47181
    -4.36306
     -4.2123
    -4.02097
    -3.79092
    -3.52437
    -3.22389
    -2.89236
    -2.53297
     -2.1492
    -1.74473
    -1.32347
   -0.889458
   -0.446883
      0.0592
    0.117828
    0.175318
    0.231118
    0.284691
     0.33552
    0.383116
    0.427022
    0.466813
    0.502109
    0.532567
    0.557897
    0.577854
    0.592246
    0.600934
    0.603835
     0.60092
    0.592219
    0.577814
    0.557844
    0.532502
    0.502034
    0.466731
    0.426935
    0.383028
    0.335434
    0.284612
    0.231049
    0.175262
    0.117788
   0.0591796
   -0.430473
   -0.856794
    -1.27486
    -1.68064
    -2.07023
    -2.43988
    -2.78602
    -3.10534
    -3.39474
    -3.65145
    -3.87299
    -4.05722
    -4.20238
    -4.30707
    -4.37029
     -4.3914
    -4.37024
    -4.30699
    -4.20226
    -4.05705
    -3.87279
    -3.65123
    -3.39451
     -3.1051
    -2.78579
    -2.43965
    -2.07002
    -1.68046
    -1.27471
   -0.856695
   -0.430424
    0.057312
     0.11407
    0.169726
    0.223746
    0.275609
    0.324816
    0.370895
      0.4134
    0.451924
    0.486094
    0.515583
    0.540106
    0.559427
     0.57336
    0.581771
     0.58458
    0.581758
    0.573334
    0.559389
    0.540056
    0.515523
    0.486026
    0.451849
    0.413322
    0.370816
    0.324739
    0.275537
    0.223682
    0.169674
    0.114033
   0.0572931
   -0.414292
   -0.824588
    -1.22694
    -1.61747
    -1.99242
    -2.34818
    -2.68133
    -2.98865
    -3.26718
    -3.51425
    -3.72748
    -3.90481
    -4.04453
    -4.14531
    -4.20616
    -4.22651
    -4.20615
    -4.14528
    -4.04449
    -3.90476
    -3.72742
    -3.51418
     -3.2671
    -2.98856
    -2.68124
     -2.3481
    -1.99234
     -1.6174
    -1.22688
   -0.824551
   -0.414273
   0.0554529
    0.110369
    0.164218
    0.216485
    0.266664
    0.314275
    0.358859
    0.399986
    0.437261
    0.470324
    0.498857
    0.522586
    0.541281
    0.554764
    0.562903
    0.565621
    0.562891
    0.554741
    0.541248
    0.522544
    0.498807
    0.470268
      0.4372
    0.399923
    0.358795
    0.314213
    0.266606
    0.216432
    0.164175
    0.110337
   0.0554365
   -0.398413
   -0.792987
    -1.17992
    -1.55549
    -1.91608
    -2.25822
    -2.57861
    -2.87416
    -3.14204
    -3.37965
    -3.58473
    -3.75528
    -3.88967
     -3.9866
    -4.04513
    -4.06471
    -4.04514
    -3.98662
     -3.8897
    -3.75532
    -3.58478
    -3.37971
    -3.14209
    -2.87421
    -2.57866
    -2.25826
    -1.91612
    -1.55553
    -1.17995
   -0.793008
   -0.398425
   0.0536195
    0.106721
    0.158794
    0.209335
     0.25786
    0.303901
    0.347015
    0.386787
    0.422833
    0.454807
    0.482401
    0.505348
    0.523429
    0.536468
    0.544341
    0.546971
    0.544333
    0.536454
    0.523409
    0.505322
    0.482369
    0.454772
    0.422795
    0.386747
    0.346976
    0.303863
    0.257825
    0.209304
    0.158768
    0.106703
   0.0536106
   -0.382837
   -0.761988
     -1.1338
     -1.4947
    -1.84121
    -2.16998
    -2.47786
    -2.76189
    -3.01931
    -3.24766
    -3.44473
    -3.60864
    -3.73779
    -3.83094
     -3.8872
    -3.90602
    -3.88723
      -3.831
    -3.73788
    -3.60875
    -3.44487
    -3.24782
    -3.01948
    -2.76205
    -2.47803
    -2.17015
    -1.84136
    -1.49483
    -1.13391
   -0.762064
   -0.382877
   0.0518156
    0.103133
    0.153457
    0.202303
    0.249201
    0.293698
    0.335367
    0.373806
    0.408644
    0.439547
    0.466217
    0.488397
    0.505873
    0.518477
    0.526088
    0.528632
    0.526085
    0.518472
    0.505867
     0.48839
    0.466208
    0.439537
    0.408634
    0.373795
    0.335357
    0.293689
    0.249193
    0.202298
    0.153454
    0.103131
   0.0518157
   -0.367568
     -0.7316
    -1.08859
     -1.4351
     -1.7678
    -2.08348
     -2.3791
    -2.65181
    -2.89899
    -3.11824
    -3.30747
    -3.46485
    -3.58886
    -3.67831
    -3.73234
    -3.75042
    -3.73238
     -3.6784
    -3.58899
    -3.46501
    -3.30766
    -3.11846
    -2.89922
    -2.65206
    -2.37935
    -2.08372
    -1.76803
     -1.4353
    -1.08875
   -0.731714
   -0.367628
   0.0500449
   0.0996093
    0.148216
    0.195395
    0.240694
    0.283675
    0.323924
    0.361054
    0.394706
    0.424558
    0.450321
    0.471747
    0.488629
    0.500807
     0.50816
     0.51062
    0.508163
    0.500812
    0.488639
    0.471759
    0.450336
    0.424576
    0.394727
    0.361076
    0.323949
    0.283702
    0.240721
    0.195421
    0.148238
   0.0996257
   0.0500535
   -0.352606
   -0.701824
    -1.04429
    -1.37671
    -1.69588
    -1.99872
    -2.28232
    -2.54394
    -2.78107
    -2.99142
    -3.17296
    -3.32394
    -3.44291
    -3.52872
    -3.58055
     -3.5979
     -3.5806
    -3.52881
    -3.44304
     -3.3241
    -3.17316
    -2.99165
    -2.78132
     -2.5442
    -2.28259
    -1.99898
    -1.69613
    -1.37693
    -1.04448
   -0.701958
   -0.352678
   0.0483066
     0.09615
     0.14307
    0.188613
    0.232341
    0.273832
    0.312687
    0.348531
    0.381019
    0.409838
    0.434711
    0.455397
    0.471698
    0.483456
    0.490558
    0.492935
    0.490566
    0.483472
    0.471723
    0.455431
    0.434752
    0.409887
    0.381075
    0.348592
    0.312752
    0.273899
    0.232406
    0.188672
    0.143119
   0.0961853
   0.0483242
   -0.337952
    -0.67266
     -1.0009
    -1.31951
    -1.62543
    -1.91569
    -2.18751
    -2.43826
    -2.66554
    -2.86715
    -3.04115
    -3.18586
    -3.29989
    -3.38214
    -3.43182
    -3.44845
    -3.43187
    -3.38223
    -3.30001
    -3.18602
    -3.04134
    -2.86737
    -2.66578
    -2.43852
    -2.18777
    -1.91594
    -1.62567
    -1.31973
    -1.00108
   -0.672796
   -0.338026
   0.0466036
   0.0927604
    0.138026
    0.181964
    0.224151
     0.26418
    0.301667
    0.336249
    0.367594
    0.395399
    0.419397
    0.439357
    0.455085
    0.466432
    0.473287
    0.475585
    0.473302
    0.466463
    0.455132
    0.439418
    0.419473
    0.395487
    0.367691
    0.336353
    0.301774
    0.264286
     0.22425
    0.182051
    0.138096
   0.0928085
   0.0466269
   -0.323607
   -0.644109
   -0.958419
    -1.26351
    -1.55644
    -1.83438
    -2.09467
    -2.33478
    -2.55241
    -2.74546
    -2.91207
    -3.05063
    -3.15982
    -3.23857
    -3.28614
    -3.30206
    -3.28617
    -3.23864
    -3.15991
    -3.05076
    -2.91222
    -2.74563
     -2.5526
    -2.33498
    -2.09488
     -1.8346
    -1.55665
     -1.2637
   -0.958586
   -0.644235
   -0.323676
   0.0449345
   0.0894381
    0.133082
    0.175447
    0.216123
    0.254719
    0.290864
    0.324208
    0.354431
    0.381241
    0.404381
    0.423628
    0.438796
    0.449739
    0.456352
    0.458572
    0.456377
    0.449788
    0.438868
    0.423723
    0.404496
    0.381373
    0.354575
    0.324359
    0.291016
    0.254865
    0.216256
    0.175561
    0.133171
   0.0894977
   0.0449628
   -0.309566
   -0.616161
   -0.916834
    -1.20868
     -1.4889
    -1.75478
    -2.00377
    -2.23346
    -2.44165
    -2.62631
    -2.78569
    -2.91824
    -3.02268
    -3.09802
    -3.14352
    -3.15874
    -3.14355
    -3.09807
    -3.02277
    -2.91835
    -2.78582
    -2.62646
    -2.44181
    -2.23364
    -2.00396
    -1.75498
    -1.48909
    -1.20886
   -0.916985
   -0.616277
    -0.30963
   0.0433005
   0.0861849
    0.128241
    0.169063
    0.208258
     0.24545
    0.280278
    0.312409
    0.341533
    0.367369
    0.389669
    0.408218
    0.422839
    0.433389
    0.439766
    0.441911
      0.4398
    0.433455
    0.422935
    0.408342
    0.389816
    0.367533
    0.341708
    0.312589
    0.280455
    0.245617
    0.208408
    0.169188
    0.128337
   0.0862481
     0.04333
   -0.295832
   -0.588823
   -0.876151
    -1.15505
    -1.42282
     -1.6769
    -1.91483
    -2.13432
    -2.33326
    -2.50973
    -2.66203
    -2.78869
     -2.8885
    -2.96048
    -3.00396
    -3.01851
    -3.00398
    -2.96053
    -2.88857
    -2.78879
    -2.66215
    -2.50987
    -2.33341
    -2.13449
    -1.91501
    -1.67708
    -1.42299
     -1.1552
   -0.876285
   -0.588925
   -0.295889
   0.0417005
   0.0829994
      0.1235
    0.162811
    0.200557
    0.236372
    0.269912
    0.300855
    0.328902
    0.353785
    0.375263
    0.393131
    0.407215
     0.41738
    0.423528
    0.425598
    0.423569
     0.41746
    0.407331
    0.393277
    0.375433
    0.353971
    0.329097
    0.301051
    0.270101
    0.236546
     0.20071
    0.162937
    0.123594
   0.0830602
   0.0417283
   -0.282398
   -0.562082
   -0.836359
    -1.10258
     -1.3582
    -1.60073
    -1.82785
    -2.03737
    -2.22726
    -2.39571
    -2.54109
    -2.66199
    -2.75727
    -2.82599
    -2.86749
    -2.88138
    -2.86752
    -2.82605
    -2.75736
    -2.66211
    -2.54123
    -2.39587
    -2.22743
    -2.03755
    -1.82803
    -1.60091
    -1.35837
    -1.10274
   -0.836494
   -0.562183
   -0.282454
   0.0401346
    0.079882
     0.11886
    0.156695
    0.193021
     0.22749
    0.259771
    0.289553
    0.316548
    0.340497
     0.36117
    0.378367
    0.391921
    0.401704
    0.407619
    0.409609
    0.407653
    0.401771
    0.392018
    0.378488
     0.36131
     0.34065
    0.316707
    0.289711
    0.259923
    0.227628
     0.19314
    0.156791
    0.118931
   0.0799266
   0.0401548
   -0.269264
   -0.535937
   -0.797453
    -1.05129
    -1.29501
    -1.52626
    -1.74281
    -1.94258
    -2.12364
    -2.28426
    -2.42288
    -2.53817
    -2.62901
    -2.69454
    -2.73412
    -2.74737
    -2.73416
    -2.69462
    -2.62913
    -2.53832
    -2.42306
    -2.28447
    -2.12387
    -1.94281
    -1.74304
    -1.52649
    -1.29522
    -1.05148
   -0.797609
   -0.536051
   -0.269325
   0.0386034
   0.0768336
    0.114323
    0.150713
    0.185652
    0.218805
    0.249854
    0.278499
    0.304464
    0.327499
    0.347381
    0.363918
    0.376951
    0.386354
    0.392037
    0.393943
    0.392055
    0.386389
    0.377001
     0.36398
    0.347451
    0.327575
    0.304543
    0.278576
    0.249926
    0.218868
    0.185704
    0.150752
     0.11435
   0.0768479
    0.038609
   -0.256432
   -0.510397
   -0.759447
    -1.00119
    -1.23329
    -1.45351
    -1.65975
       -1.85
    -2.02244
    -2.17541
    -2.30743
    -2.41723
    -2.50375
    -2.56617
    -2.60387
     -2.6165
    -2.60392
    -2.56627
     -2.5039
    -2.41742
    -2.30766
    -2.17567
    -2.02272
    -1.85029
    -1.66004
     -1.4538
    -1.23355
    -1.00142
   -0.759633
    -0.51053
   -0.256504
   0.0371077
   0.0738557
    0.109891
    0.144867
    0.178447
     0.21031
    0.240148
    0.267674
    0.292623
    0.314754
    0.333855
     0.34974
    0.362256
    0.371283
    0.376734
    0.378556
    0.376731
    0.371277
    0.362247
    0.349726
    0.333837
    0.314732
    0.292596
    0.267642
    0.240113
    0.210272
    0.178408
    0.144829
    0.109857
   0.0738289
   0.0370927
   -0.243898
   -0.485452
   -0.722336
   -0.952268
    -1.17303
    -1.38251
    -1.57867
    -1.75964
    -1.92366
    -2.06916
    -2.19475
    -2.29919
     -2.3815
    -2.44087
    -2.47674
    -2.48875
     -2.4768
    -2.44099
    -2.38168
    -2.29942
    -2.19502
    -2.06948
      -1.924
    -1.75999
    -1.57903
    -1.38286
    -1.17336
   -0.952555
   -0.722571
   -0.485623
    -0.24399
   0.0356455
   0.0709438
    0.105556
    0.139148
    0.171397
    0.201994
    0.230643
    0.257069
    0.281018
     0.30226
     0.32059
    0.335831
    0.347836
     0.35649
    0.361711
    0.363447
    0.361683
    0.356436
    0.347756
    0.335727
    0.320466
    0.302119
    0.280865
    0.256908
    0.230479
    0.201834
    0.171248
    0.139016
    0.105448
   0.0708671
   0.0356053
   -0.231674
   -0.461124
    -0.68614
   -0.904554
    -1.11426
    -1.31325
    -1.49959
     -1.6715
    -1.82731
    -1.96554
    -2.08483
    -2.18405
    -2.26224
    -2.31865
    -2.35272
    -2.36414
     -2.3528
    -2.31879
    -2.26246
    -2.18432
    -2.08515
     -1.9659
    -1.82771
    -1.67192
    -1.50001
    -1.31366
    -1.11465
   -0.904894
   -0.686419
   -0.461326
   -0.231784
   0.0342073
   0.0680792
     0.10129
     0.13352
     0.16446
    0.193811
    0.221293
    0.246641
     0.26961
    0.289981
    0.307557
    0.322169
    0.333678
    0.341971
     0.34697
    0.348628
    0.346929
    0.341889
    0.333559
    0.322017
    0.307377
    0.289778
    0.269391
    0.246412
    0.221064
    0.193589
    0.164253
    0.133337
     0.10114
   0.0679711
   0.0341497
   -0.219759
    -0.43741
   -0.650858
   -0.858045
    -1.05698
    -1.24574
    -1.42251
    -1.58559
     -1.7334
    -1.86452
    -1.97769
    -2.07182
      -2.146
    -2.19952
    -2.23185
    -2.24269
    -2.23193
    -2.19968
    -2.14624
    -2.07213
    -1.97806
    -1.86494
    -1.73385
    -1.58606
    -1.42299
     -1.2462
    -1.05741
   -0.858433
   -0.651176
   -0.437642
   -0.219884
   0.0327928
   0.0652616
    0.097094
    0.127985
    0.157637
    0.185766
    0.212101
     0.23639
    0.258399
    0.277917
    0.294756
    0.308754
    0.319779
    0.327723
     0.33251
    0.334096
    0.332466
    0.327635
    0.319651
    0.308591
    0.294563
      0.2777
    0.258165
    0.236147
    0.211857
    0.185529
    0.157416
    0.127787
   0.0969297
   0.0651411
   0.0327273
   -0.208154
   -0.414313
   -0.616492
   -0.812743
    -1.00118
    -1.17998
    -1.34742
    -1.50189
    -1.64191
    -1.76612
    -1.87333
    -1.96249
    -2.03277
    -2.08346
     -2.1141
    -2.12437
    -2.11419
    -2.08364
    -2.03303
    -1.96283
    -1.87373
    -1.76658
    -1.64241
    -1.50241
    -1.34795
    -1.18049
    -1.00166
   -0.813168
   -0.616841
   -0.414566
    -0.20829
    0.031396
   0.0624833
   0.0929625
     0.12254
    0.150932
    0.177864
     0.20308
    0.226336
    0.247408
    0.266096
    0.282218
    0.295621
    0.306177
    0.313784
    0.318369
    0.319889
     0.31833
    0.313707
    0.306065
    0.295477
    0.282046
    0.265901
    0.247197
    0.226115
    0.202858
    0.177648
    0.150729
    0.122359
   0.0928125
   0.0623739
   0.0313367
   -0.196858
    -0.39183
    -0.58304
   -0.768647
   -0.946859
    -1.11596
    -1.27433
    -1.42043
    -1.55285
    -1.67033
    -1.77173
    -1.85606
    -1.92253
    -1.97048
    -1.99946
    -2.00918
    -1.99956
    -1.97067
    -1.92281
    -1.85642
    -1.77215
    -1.67081
    -1.55338
    -1.42098
    -1.27488
    -1.11651
   -0.947369
   -0.769099
   -0.583413
     -0.3921
   -0.197002
   0.0300225
   0.0597525
   0.0889034
    0.117193
     0.14435
    0.170113
    0.194234
     0.21648
     0.23664
    0.254517
    0.269943
    0.282767
    0.292868
     0.30015
    0.304541
    0.306001
    0.304515
    0.300098
    0.292791
    0.282666
     0.26982
    0.254376
    0.236483
    0.216315
    0.194065
    0.169948
    0.144196
    0.117056
   0.0887894
   0.0596699
   0.0299778
   -0.185869
    -0.36996
     -0.5505
   -0.725749
   -0.894019
    -1.05369
    -1.20322
    -1.34117
    -1.46621
    -1.57714
    -1.67288
    -1.75251
    -1.81528
    -1.86056
    -1.88792
    -1.89711
    -1.88802
    -1.86075
    -1.81556
    -1.75288
    -1.67332
    -1.57763
    -1.46675
    -1.34173
    -1.20379
    -1.05425
   -0.894542
   -0.726213
   -0.550882
   -0.370237
   -0.186017
   0.0286823
   0.0570867
   0.0849397
    0.111972
    0.137923
    0.162542
    0.185594
    0.206857
    0.226125
    0.243213
    0.257958
    0.270218
    0.279876
    0.286838
    0.291038
    0.292436
    0.291018
    0.286799
    0.279818
    0.270144
    0.257868
    0.243109
     0.22601
    0.206736
    0.185472
    0.162423
     0.13781
    0.111872
   0.0848571
    0.057027
   0.0286498
   -0.175189
   -0.348703
   -0.518871
   -0.684052
   -0.842656
   -0.993152
    -1.13409
    -1.26412
    -1.38198
    -1.48654
    -1.57678
    -1.65185
      -1.711
    -1.75369
    -1.77948
    -1.78814
    -1.77958
    -1.75388
    -1.71129
    -1.65221
    -1.57721
    -1.48702
    -1.38251
    -1.26467
    -1.13465
     -0.9937
   -0.843167
   -0.684505
   -0.519243
   -0.348972
   -0.175333
   0.0273733
   0.0544833
   0.0810691
    0.106873
    0.131646
     0.15515
    0.177159
     0.19746
    0.215858
    0.232176
    0.246257
    0.257966
     0.26719
     0.27384
    0.277853
    0.279189
    0.277837
     0.27381
    0.267146
     0.25791
    0.246191
    0.232102
    0.215778
    0.197377
    0.177075
     0.15507
    0.131571
    0.106807
   0.0810151
   0.0544448
   0.0273524
   -0.164815
   -0.328055
   -0.488146
   -0.643547
   -0.792759
   -0.934345
    -1.06694
    -1.18927
    -1.30015
    -1.39852
    -1.48342
    -1.55404
     -1.6097
    -1.64985
    -1.67412
    -1.68227
    -1.67421
    -1.65003
    -1.60996
    -1.55438
    -1.48382
    -1.39897
    -1.30065
    -1.18979
    -1.06747
   -0.934856
   -0.793236
   -0.643969
   -0.488492
   -0.328304
   -0.164948
   0.0261001
   0.0519494
   0.0772993
    0.101904
    0.125528
    0.147942
     0.16893
    0.188291
    0.205837
      0.2214
     0.23483
    0.245998
    0.254796
     0.26114
    0.264968
    0.266243
    0.264955
    0.261115
    0.254761
    0.245954
    0.234778
    0.221342
    0.205775
    0.188227
    0.168866
     0.14788
    0.125471
    0.101855
   0.0772587
   0.0519205
   0.0260844
   -0.154748
   -0.308016
   -0.458327
   -0.604233
   -0.744329
   -0.877264
    -1.00176
    -1.11661
    -1.22072
    -1.31307
    -1.39279
    -1.45909
    -1.51134
    -1.54904
    -1.57182
    -1.57947
     -1.5719
     -1.5492
    -1.51157
    -1.45938
    -1.39313
    -1.31347
    -1.22115
    -1.11706
    -1.00221
   -0.877708
   -0.744744
   -0.604601
   -0.458628
   -0.308233
   -0.154864
   0.0248587
   0.0494785
   0.0736229
   0.0970583
    0.119559
    0.140909
      0.1609
    0.179342
    0.196056
    0.210881
    0.223674
    0.234312
    0.242692
    0.248735
    0.252382
    0.253597
    0.252371
    0.248714
    0.242661
    0.234273
    0.223628
     0.21083
    0.196001
    0.179286
    0.160845
    0.140855
     0.11951
   0.0970155
    0.073588
   0.0494537
   0.0248453
   -0.144983
   -0.288578
   -0.429402
   -0.566098
    -0.69735
   -0.821893
   -0.938527
    -1.04613
    -1.14366
    -1.23018
    -1.30486
    -1.36698
    -1.41593
    -1.45124
    -1.47258
    -1.47974
    -1.47265
    -1.45137
    -1.41612
    -1.36722
    -1.30515
    -1.23051
    -1.14402
    -1.04651
    -0.93891
   -0.822266
   -0.697699
   -0.566407
   -0.429654
   -0.288759
   -0.145079
   0.0236468
   0.0470665
   0.0700341
   0.0923275
    0.113732
    0.134041
    0.153058
    0.170601
      0.1865
    0.200602
    0.212771
    0.222891
    0.230863
    0.236612
    0.240081
    0.241237
     0.24007
    0.236591
    0.230833
    0.222852
    0.212725
     0.20055
    0.186444
    0.170543
       0.153
    0.133985
    0.113681
   0.0922833
    0.069999
   0.0470423
   0.0236344
   -0.135518
   -0.269738
   -0.401368
   -0.529138
   -0.651819
   -0.768228
   -0.877242
   -0.977812
    -1.06897
    -1.14984
    -1.21963
    -1.27769
    -1.32344
    -1.35644
    -1.37638
    -1.38307
    -1.37644
    -1.35655
    -1.32359
    -1.27789
    -1.21988
    -1.15011
    -1.06926
   -0.978119
    -0.87755
   -0.768526
   -0.652097
   -0.529384
   -0.401569
   -0.269884
   -0.135596
   0.0224633
   0.0447112
   0.0665298
   0.0877079
    0.108041
    0.127334
    0.145399
    0.162063
    0.177166
    0.190562
    0.202122
    0.211735
    0.219308
    0.224768
    0.228063
    0.229161
    0.228052
    0.224746
    0.219275
    0.211693
    0.202071
    0.190504
    0.177104
    0.161998
    0.145333
     0.12727
    0.107983
   0.0876585
   0.0664915
   0.0446858
   0.0224511
   -0.126353
   -0.251496
   -0.374221
   -0.493349
    -0.60773
   -0.716262
   -0.817898
    -0.91166
   -0.996646
    -1.07204
    -1.13711
    -1.19123
    -1.23388
    -1.26465
    -1.28324
    -1.28947
    -1.28328
    -1.26474
    -1.23401
    -1.19139
     -1.1373
    -1.07226
    -0.99688
   -0.911901
   -0.818137
   -0.716492
   -0.607944
   -0.493538
   -0.374376
   -0.251608
   -0.126414
   0.0213062
   0.0424081
   0.0631025
   0.0831895
    0.102475
    0.120774
    0.137909
    0.153715
     0.16804
    0.180746
     0.19171
    0.200827
    0.208009
    0.213188
    0.216312
    0.217353
    0.216301
    0.213165
    0.207976
    0.200785
     0.19166
    0.180691
    0.167982
    0.153656
    0.137851
    0.120719
    0.102426
   0.0831476
     0.06307
   0.0423867
   0.0212964
   -0.117488
   -0.233848
   -0.347958
   -0.458721
    -0.56507
    -0.66598
   -0.760479
   -0.847658
   -0.926675
   -0.996772
    -1.05727
    -1.10759
    -1.14724
    -1.17585
    -1.19313
    -1.19892
    -1.19317
    -1.17592
    -1.14735
    -1.10772
    -1.05743
   -0.996948
   -0.926864
   -0.847852
   -0.760673
   -0.666166
   -0.565241
    -0.45887
   -0.348078
   -0.233933
   -0.117533
   0.0201756
   0.0401576
   0.0597533
    0.078774
   0.0970362
    0.114364
     0.13059
    0.145557
    0.159122
    0.171154
    0.181536
    0.190169
     0.19697
    0.201873
    0.204831
    0.205816
    0.204819
     0.20185
    0.196938
     0.19013
    0.181492
    0.171108
    0.159076
    0.145513
    0.130548
    0.114327
    0.097004
   0.0787474
   0.0597328
   0.0401443
   0.0201702
   -0.108923
   -0.216797
   -0.322583
   -0.425264
   -0.523851
   -0.617398
      -0.705
   -0.785816
   -0.859066
   -0.924046
   -0.980128
    -1.02677
    -1.06353
    -1.09005
    -1.10606
    -1.11143
    -1.10609
     -1.0901
    -1.06361
    -1.02688
   -0.980254
   -0.924187
   -0.859217
   -0.785972
   -0.705155
   -0.617545
   -0.523986
   -0.425378
   -0.322673
   -0.216859
   -0.108955
   0.0190672
   0.0379525
   0.0564734
   0.0744513
   0.0917125
    0.108091
    0.123428
    0.137576
      0.1504
    0.161774
     0.17159
    0.179753
    0.186185
    0.190824
    0.193624
     0.19456
    0.193623
    0.190821
    0.186181
    0.179748
    0.171584
    0.161767
    0.150392
    0.137569
    0.123421
    0.108086
   0.0917102
   0.0744514
   0.0564759
   0.0379567
   0.0190717
   -0.100653
   -0.200336
   -0.298088
   -0.392971
   -0.484071
    -0.57051
   -0.651456
   -0.726131
   -0.793814
   -0.853853
   -0.905671
   -0.948769
    -0.98273
    -1.00723
    -1.02203
    -1.02699
    -1.02205
    -1.00728
   -0.982804
   -0.948862
   -0.905782
   -0.853977
   -0.793946
   -0.726267
   -0.651591
   -0.570638
   -0.484186
   -0.393069
   -0.298165
   -0.200387
   -0.100678
   0.0179837
    0.035797
   0.0532675
   0.0702264
   0.0865099
    0.101961
    0.116431
     0.12978
     0.14188
    0.152614
     0.16188
    0.169587
    0.175662
    0.180046
    0.182697
    0.183588
    0.182711
    0.180074
    0.175702
    0.169636
    0.161933
    0.152669
    0.141933
     0.12983
    0.116477
    0.102004
   0.0865506
    0.070264
   0.0533013
   0.0358244
    0.018001
  -0.0926815
   -0.184469
   -0.274478
   -0.361844
   -0.445725
   -0.525313
   -0.599843
   -0.668597
   -0.730913
   -0.786192
   -0.833901
    -0.87358
   -0.904849
   -0.927405
   -0.941032
   -0.945598
    -0.94106
   -0.927459
   -0.904926
   -0.873679
   -0.834017
   -0.786321
   -0.731051
   -0.668737
   -0.599979
    -0.52544
   -0.445838
   -0.361938
    -0.27455
   -0.184516
   -0.092704
   0.0169221
   0.0336872
   0.0501329
   0.0660997
   0.0814331
    0.095985
    0.109615
    0.122191
    0.133593
     0.14371
    0.152444
    0.159712
    0.165441
    0.169578
    0.172081
    0.172925
    0.172102
    0.169621
    0.165504
     0.15979
    0.152535
    0.143809
    0.133695
    0.122292
    0.109713
   0.0960783
   0.0815208
     0.06618
   0.0502036
   0.0337434
   0.0169568
  -0.0850132
   -0.169202
   -0.251756
   -0.331883
   -0.408812
   -0.481804
   -0.550157
   -0.613212
   -0.670363
   -0.721061
   -0.764817
    -0.80121
    -0.82989
    -0.85058
   -0.863083
   -0.867276
   -0.863119
   -0.850652
   -0.829993
    -0.80134
   -0.764969
   -0.721228
   -0.670538
   -0.613387
   -0.550323
   -0.481956
   -0.408941
   -0.331984
   -0.251827
   -0.169243
   -0.085029
   0.0158881
   0.0316326
   0.0470814
   0.0620839
    0.076495
   0.0901746
    0.102991
    0.114819
    0.125545
    0.135065
    0.143286
    0.150128
    0.155524
    0.159421
    0.161779
    0.162576
    0.161803
     0.15947
    0.155598
    0.150225
    0.143403
    0.135196
    0.125686
    0.114963
    0.103134
    0.090314
   0.0766272
   0.0622056
   0.0471884
   0.0317176
   0.0159402
  -0.0776416
   -0.154527
   -0.229915
   -0.303087
   -0.373337
   -0.439993
   -0.502411
   -0.559993
   -0.612184
   -0.658481
    -0.69844
   -0.731677
    -0.75787
   -0.776768
   -0.788188
    -0.79202
   -0.788227
   -0.776844
    -0.75798
   -0.731816
   -0.698602
   -0.658658
   -0.612368
   -0.560175
   -0.502582
   -0.440143
   -0.373462
    -0.30318
   -0.229976
   -0.154556
  -0.0776487
   0.0148931
   0.0296552
   0.0441438
   0.0582163
   0.0717365
   0.0845722
   0.0965989
    0.107699
    0.117766
      0.1267
    0.134415
    0.140835
    0.145898
    0.149555
    0.151767
    0.152515
    0.151789
    0.149598
    0.145964
    0.140922
    0.134521
    0.126822
    0.117901
    0.107845
   0.0967501
   0.0847255
   0.0718877
     0.05836
   0.0442726
   0.0297585
   0.0149557
  -0.0705605
   -0.140435
   -0.208951
   -0.275454
   -0.339302
   -0.399883
   -0.456615
    -0.50895
   -0.556387
   -0.598469
    -0.63479
      -0.665
   -0.688808
   -0.705985
   -0.716365
   -0.719847
   -0.716397
   -0.706047
   -0.688896
   -0.665109
   -0.634915
   -0.598604
   -0.556526
   -0.509085
   -0.456739
   -0.399993
   -0.339391
    -0.27552
   -0.208993
   -0.140454
  -0.0705642
   0.0139362
    0.027753
   0.0413172
   0.0544934
   0.0671538
    0.079174
   0.0904367
    0.100831
    0.110256
    0.118619
    0.125837
    0.131844
    0.136578
    0.139996
    0.142062
    0.142757
    0.142074
    0.140019
    0.136614
    0.131892
      0.1259
    0.118695
    0.110347
    0.100938
    0.090558
   0.0793072
   0.0672945
   0.0546344
   0.0414486
   0.0278617
   0.0140026
  -0.0637824
   -0.126947
   -0.188885
   -0.249004
   -0.306723
   -0.361489
   -0.412775
   -0.460086
   -0.502969
   -0.541011
   -0.573844
   -0.601153
   -0.622674
   -0.638199
   -0.647578
   -0.650722
   -0.647598
   -0.638237
   -0.622728
   -0.601219
   -0.573918
   -0.541088
   -0.503047
    -0.46016
   -0.412841
   -0.361546
   -0.306768
   -0.249035
   -0.188903
   -0.126953
  -0.0637813
   0.0130215
   0.0259288
   0.0385975
   0.0509027
   0.0627245
    0.073948
   0.0844635
   0.0941681
    0.102967
    0.110774
    0.117514
    0.123121
    0.127542
    0.130733
    0.132663
    0.133313
    0.132677
    0.130762
    0.127585
     0.12318
    0.117587
    0.110862
     0.10307
   0.0942845
   0.0845921
   0.0740853
   0.0628655
     0.05104
   0.0387224
   0.0260292
   0.0130815
  -0.0573114
   -0.114068
   -0.169725
   -0.223746
   -0.275612
   -0.324823
   -0.370906
   -0.413416
   -0.451944
    -0.48612
   -0.515613
   -0.540141
   -0.559467
   -0.573406
   -0.581824
   -0.584638
   -0.581825
   -0.573408
   -0.559469
   -0.540141
   -0.515611
   -0.486116
   -0.451939
    -0.41341
   -0.370898
   -0.324814
   -0.275602
   -0.223734
   -0.169712
   -0.114056
  -0.0573022
    0.012142
   0.0241733
   0.0359778
   0.0474403
   0.0584498
   0.0689002
     0.07869
   0.0877244
   0.0959156
    0.103184
     0.10946
    0.114682
      0.1188
    0.121775
    0.123577
    0.124188
    0.123602
    0.121825
    0.118874
    0.114778
    0.109575
    0.103315
   0.0960597
   0.0878774
   0.0788477
   0.0690574
    0.058601
   0.0475788
   0.0360968
   0.0242642
   0.0121941
  -0.0511409
   -0.101788
   -0.151452
   -0.199658
   -0.245939
   -0.289852
   -0.330971
   -0.368901
   -0.403277
   -0.433767
   -0.460078
   -0.481957
   -0.499194
   -0.511625
   -0.519129
   -0.521635
    -0.51912
   -0.511607
   -0.499167
   -0.481922
   -0.460037
   -0.433722
    -0.40323
   -0.368854
   -0.330925
   -0.289809
   -0.245901
   -0.199624
   -0.151424
   -0.101766
  -0.0511283
   0.0112776
   0.0224535
   0.0334196
    0.044069
   0.0542985
   0.0640094
   0.0731076
   0.0815047
   0.0891195
   0.0958775
    0.101714
    0.106571
    0.110403
    0.113172
    0.114851
    0.115423
    0.114884
    0.113238
    0.110502
      0.1067
    0.101869
   0.0960553
   0.0893147
   0.0817116
   0.0733194
   0.0642186
   0.0544969
   0.0442478
   0.0335698
   0.0225655
   0.0113401
  -0.0452779
  -0.0901144
   -0.134077
   -0.176745
   -0.217708
   -0.256572
   -0.292963
   -0.326531
   -0.356955
    -0.38394
   -0.407227
   -0.426593
   -0.441851
   -0.452854
   -0.459497
   -0.461716
   -0.459491
   -0.452842
   -0.441833
   -0.426571
   -0.407201
   -0.383911
   -0.356924
   -0.326499
   -0.292929
   -0.256537
   -0.217673
   -0.176711
   -0.134045
  -0.0900873
  -0.0452612
   0.0104396
   0.0207873
   0.0309432
   0.0408086
   0.0502882
   0.0592897
   0.0677263
    0.075515
   0.0825803
   0.0888525
   0.0942707
   0.0987816
    0.102341
    0.104915
    0.106477
    0.107014
     0.10652
    0.104999
    0.102467
   0.0989463
   0.0944715
   0.0890848
   0.0828379
   0.0757902
   0.0680097
   0.0595707
   0.0505544
   0.0410477
    0.031142
   0.0209333
   0.0105195
  -0.0397141
  -0.0790375
   -0.117591
   -0.155007
   -0.190925
   -0.225002
   -0.256909
   -0.286343
   -0.313019
   -0.336681
   -0.357102
   -0.374086
   -0.387468
    -0.39712
   -0.402948
   -0.404898
   -0.402951
   -0.397125
   -0.387476
   -0.374097
   -0.357116
   -0.336697
   -0.313035
   -0.286358
   -0.256921
   -0.225008
   -0.190925
   -0.154999
   -0.117578
  -0.0790211
  -0.0397018
  0.00964154
   0.0192005
   0.0285851
   0.0377027
   0.0464653
    0.054787
   0.0625874
     0.06979
   0.0763249
   0.0821281
   0.0871429
   0.0913198
    0.094618
   0.0970049
   0.0984574
    0.098961
   0.0985107
   0.0971103
   0.0947734
   0.0915214
   0.0873854
   0.0824045
   0.0766264
   0.0701069
   0.0629087
   0.0551019
   0.0467616
    0.037968
   0.0288058
   0.0193632
  0.00973077
   -0.034443
  -0.0685473
   -0.101984
   -0.134434
   -0.165584
   -0.195136
   -0.222808
   -0.248333
   -0.271466
   -0.291987
   -0.309698
   -0.324428
   -0.336037
   -0.344412
   -0.349472
   -0.351171
   -0.349491
   -0.344448
    -0.33609
   -0.324497
    -0.30978
    -0.29208
   -0.271567
   -0.248435
   -0.222908
   -0.195228
   -0.165662
   -0.134494
   -0.102024
  -0.0685681
  -0.0344488
  0.00888124
   0.0176888
   0.0263384
   0.0347429
    0.042821
   0.0504929
   0.0576844
   0.0643253
   0.0703514
   0.0757042
   0.0803317
   0.0841878
   0.0872349
   0.0894427
   0.0907895
   0.0912611
   0.0908526
    0.089567
    0.087416
   0.0844196
   0.0806061
   0.0760116
   0.0706801
   0.0646639
   0.0580213
   0.0508183
   0.0431246
   0.0350139
   0.0265645
   0.0178567
  0.00897394
  -0.0294728
  -0.0586557
  -0.0872677
   -0.115035
    -0.14169
   -0.166978
   -0.190656
   -0.212498
   -0.232294
   -0.249856
   -0.265014
   -0.277623
   -0.287562
   -0.294736
   -0.299075
   -0.300539
   -0.299112
   -0.294808
   -0.287667
   -0.277757
   -0.265173
   -0.250034
   -0.232485
   -0.212693
   -0.190847
   -0.167155
   -0.141845
   -0.115161
  -0.0873591
  -0.0587111
  -0.0294949
    0.008155
   0.0162452
   0.0241937
   0.0319193
   0.0393475
   0.0464036
   0.0530194
   0.0591297
   0.0646754
   0.0696019
   0.0738614
   0.0774113
   0.0802168
   0.0822495
   0.0834892
   0.0839225
   0.0835445
   0.0823584
   0.0803752
   0.0776147
   0.0741031
   0.0698742
   0.0649688
    0.059435
    0.053327
   0.0467046
   0.0396322
   0.0321776
   0.0244127
   0.0164107
  0.00824795
  -0.0248025
  -0.0493602
  -0.0734367
  -0.0968025
   -0.119233
   -0.140515
   -0.160443
   -0.178827
   -0.195492
   -0.210277
   -0.223042
   -0.233663
   -0.242038
   -0.248087
   -0.251753
   -0.252998
   -0.251812
   -0.248203
   -0.242205
   -0.233874
   -0.223289
   -0.210551
   -0.195781
   -0.179118
   -0.160724
   -0.140773
   -0.119457
   -0.096983
  -0.0735671
  -0.0494393
  -0.0248347
  0.00746326
   0.0148705
    0.022152
   0.0292324
   0.0360435
   0.0425155
   0.0485855
   0.0541929
   0.0592832
   0.0638052
   0.0677145
   0.0709722
   0.0735457
   0.0754088
   0.0765423
   0.0769341
   0.0765794
   0.0754824
   0.0736534
   0.0711127
   0.0678851
   0.0640021
   0.0595015
   0.0544278
   0.0488305
   0.0427635
   0.0362859
   0.0294597
   0.0223505
   0.0150249
  0.00755223
  -0.0204345
  -0.0406666
  -0.0605018
  -0.0797521
  -0.0982327
   -0.115768
   -0.132189
    -0.14734
   -0.161076
   -0.173264
   -0.183788
   -0.192546
   -0.199455
   -0.204447
   -0.207476
    -0.20851
    -0.20754
   -0.204573
   -0.199636
   -0.192775
   -0.184054
   -0.173556
   -0.161382
   -0.147647
   -0.132482
   -0.116035
  -0.0984618
  -0.0799343
   -0.060631
  -0.0407425
  -0.0204634
  0.00682166
   0.0135922
   0.0202483
   0.0267208
   0.0329471
   0.0388634
   0.0444116
   0.0495357
   0.0541852
    0.058313
   0.0618782
   0.0648459
   0.0671867
   0.0688785
   0.0699041
   0.0702529
   0.0699209
   0.0689119
   0.0672357
   0.0649106
   0.0619594
   0.0584111
   0.0543007
   0.0496684
   0.0445594
   0.0390226
   0.0331115
   0.0268825
   0.0203952
   0.0137102
  0.00689087
  -0.0163649
  -0.0325698
   -0.048459
  -0.0638812
  -0.0786883
  -0.0927389
   -0.105899
   -0.118042
   -0.129052
   -0.138823
   -0.147261
   -0.154284
   -0.159825
   -0.163828
   -0.166254
    -0.16708
   -0.166297
   -0.163912
   -0.159948
    -0.15444
   -0.147443
   -0.139023
    -0.12926
   -0.118249
   -0.106095
  -0.0929165
  -0.0788388
  -0.0639991
  -0.0485404
  -0.0326157
  -0.0163805
  0.00621991
   0.0123926
   0.0184606
   0.0243599
   0.0300334
   0.0354225
   0.0404739
   0.0451363
   0.0493629
   0.0531109
    0.056343
   0.0590289
   0.0611425
   0.0626663
   0.0635857
   0.0638913
   0.0635804
   0.0626559
   0.0611272
   0.0590096
   0.0563242
   0.0530973
   0.0493606
     0.04515
   0.0405066
   0.0354744
    0.030102
     0.02444
   0.0185423
   0.0124644
   0.0062641
   -0.012598
  -0.0250751
  -0.0373112
  -0.0491886
  -0.0605931
  -0.0714152
  -0.0815512
   -0.090904
  -0.0993841
   -0.106909
   -0.113408
   -0.118815
   -0.123079
   -0.126156
   -0.128017
   -0.128643
   -0.128029
   -0.126181
   -0.123115
   -0.118863
   -0.113464
   -0.106972
  -0.0994475
  -0.0909649
  -0.0816054
  -0.0714602
  -0.0606265
  -0.0492096
  -0.0373195
  -0.0250736
  -0.0125916
  0.00565678
   0.0112655
   0.0167736
   0.0221244
   0.0272661
   0.0321468
   0.0367186
   0.0409363
    0.044758
   0.0481456
   0.0510656
   0.0534908
    0.055398
   0.0567711
   0.0575972
   0.0578685
   0.0575828
   0.0567427
   0.0553567
   0.0534381
   0.0510059
   0.0480834
   0.0446989
   0.0408854
   0.0366797
   0.0321222
   0.0272568
   0.0221294
   0.0167888
   0.0112851
  0.00567083
 -0.00913902
  -0.0181911
  -0.0270694
  -0.0356877
  -0.0439633
  -0.0518152
  -0.0591677
  -0.0659484
  -0.0720918
  -0.0775385
   -0.082236
   -0.086139
  -0.0892101
    -0.09142
  -0.0927477
  -0.0931817
  -0.0927182
  -0.0913622
  -0.0891265
  -0.0860332
  -0.0821117
  -0.0774002
  -0.0719437
  -0.0657957
  -0.0590153
  -0.0516693
  -0.0438283
  -0.0355692
  -0.0269717
    -0.01812
 -0.00909981
  0.00512421
   0.0101988
   0.0151756
   0.0200049
   0.0246402
   0.0290367
   0.0331518
   0.0369467
   0.0403847
    0.043432
   0.0460593
   0.0482416
   0.0499584
    0.051194
   0.0519372
   0.0521808
   0.0519232
   0.0511663
   0.0499178
   0.0481892
   0.0459973
   0.0433626
   0.0403104
   0.0368707
   0.0330767
   0.0289657
   0.0245772
   0.0199528
   0.0151365
   0.0101736
  0.00511158
 -0.00597997
  -0.0119031
  -0.0177122
    -0.02335
   -0.028762
  -0.0338945
  -0.0386976
  -0.0431221
  -0.0471252
  -0.0506686
   -0.053718
  -0.0562454
  -0.0582267
  -0.0596452
  -0.0604877
  -0.0607483
   -0.060425
  -0.0595215
  -0.0580469
  -0.0560157
  -0.0534475
  -0.0503672
  -0.0468042
  -0.0427934
  -0.0383734
  -0.0335884
  -0.0284846
  -0.0231123
  -0.0175235
  -0.0117719
 -0.00591266
   0.0046078
  0.00916845
   0.0136381
   0.0179743
   0.0221352
   0.0260811
    0.029774
   0.0331791
   0.0362638
   0.0389978
   0.0413548
   0.0433121
   0.0448511
   0.0459576
   0.0466215
   0.0468373
   0.0466034
   0.0459225
   0.0448015
   0.0432509
   0.0412859
   0.0389238
   0.0361871
   0.0331017
   0.0296971
   0.0260069
   0.0220663
   0.0179135
    0.013588
  0.00913144
  0.00458691
  -0.0031328
 -0.00622917
 -0.00925827
  -0.0121904
  -0.0149973
  -0.0176527
  -0.0201314
  -0.0224095
  -0.0244654
  -0.0262803
   -0.027837
  -0.0291217
  -0.0301226
  -0.0308315
  -0.0312422
   -0.031352
  -0.0311605
  -0.0306711
  -0.0298891
  -0.0288236
  -0.0274852
  -0.0258872
  -0.0240449
  -0.0219761
  -0.0197005
  -0.0172402
  -0.0146189
  -0.0118613
 -0.00899369
 -0.00604264
 -0.00303582
  0.00411858
  0.00819287
   0.0121837
   0.0160558
    0.019772
   0.0232968
   0.0265965
   0.0296394
   0.0323964
   0.0348399
   0.0369463
   0.0386945
    0.040068
   0.0410539
   0.0416435
   0.0418324
   0.0416198
   0.0410092
    0.040007
   0.0386232
    0.036871
   0.0347652
   0.0323254
   0.0295731
   0.0265343
   0.0232389
   0.0197181
   0.0160067
   0.0121402
  0.00815708
  0.00409634
 -0.00057854
 -0.00113905
 -0.00167473
 -0.00218123
 -0.00265363
 -0.00309061
 -0.00348871
 -0.00384645
 -0.00416126
 -0.00443139
 -0.00465507
 -0.00483129
 -0.00495903
 -0.00503822
 -0.00506851
 -0.00505042
 -0.00498454
 -0.00487366
 -0.00471946
 -0.00452552
 -0.00429405
  -0.0040272
 -0.00372756
 -0.00339718
 -0.00303913
 -0.00265601
 -0.00225115
 -0.00182694
 -0.00138694
-0.000933616
-0.000470493
  0.00366071
  0.00728205
   0.0108293
     0.01427
   0.0175714
   0.0207018
   0.0236316
   0.0263325
   0.0287787
   0.0309465
   0.0328151
   0.0343664
   0.0355858
    0.036462
   0.0369872
   0.0371566
   0.0369691
   0.0364263
   0.0355338
   0.0343004
   0.0327377
     0.03086
   0.0286847
    0.026233
   0.0235283
   0.0205987
   0.0174726
   0.0141805
   0.0107544
  0.00722656
  0.00363076
  0.00169314
  0.00338466
  0.00505957
  0.00669909
  0.00828732
  0.00980589
   0.0112394
   0.0125718
   0.0137893
   0.0148783
   0.0158275
   0.0166257
   0.0172642
   0.0177352
   0.0180333
   0.0181544
   0.0180966
   0.0178593
   0.0174444
   0.0168563
   0.0161008
   0.0151865
   0.0141225
     0.01292
   0.0115909
   0.0101487
  0.00860768
  0.00698414
  0.00529417
  0.00355528
  0.00178466
  0.00323568
  0.00643651
  0.00957191
   0.0126115
   0.0155265
   0.0182891
   0.0208729
   0.0232535
   0.0254083
   0.0273173
   0.0289628
   0.0303298
   0.0314058
   0.0321806
   0.0326471
   0.0327996
   0.0326363
   0.0321566
   0.0313646
   0.0302681
   0.0288773
   0.0272066
   0.0252722
   0.0230954
   0.0206982
   0.0181078
   0.0153503
   0.0124521
  0.00944167
  0.00634466
  0.00318961
  0.00366904
  0.00731904
   0.0109157
   0.0144197
   0.0177966
   0.0210108
   0.0240303
   0.0268237
   0.0293632
   0.0316224
   0.0335789
   0.0352116
   0.0365041
   0.0374425
   0.0380169
   0.0382205
   0.0380505
   0.0375082
   0.0365987
   0.0353332
   0.0337241
   0.0317891
   0.0295472
   0.0270208
   0.0242347
   0.0212161
   0.0179943
   0.0146017
    0.011071
  0.00743715
   0.0037351
  0.00283777
  0.00564518
  0.00839561
   0.0110625
   0.0136207
   0.0160455
    0.018314
   0.0204035
   0.0222943
   0.0239676
   0.0254076
    0.026601
   0.0275365
   0.0282064
    0.028604
    0.028725
   0.0285678
   0.0281329
   0.0274243
   0.0264506
   0.0252212
   0.0237488
   0.0220485
   0.0201386
   0.0180393
   0.0157741
   0.0133664
   0.0108394
  0.00821771
  0.00552252
  0.00277751
  0.00535379
    0.010672
   0.0159043
   0.0209937
   0.0258901
   0.0305413
    0.034901
   0.0389245
   0.0425719
   0.0458073
   0.0485989
     0.05092
   0.0527485
   0.0540675
   0.0548645
   0.0551304
   0.0548625
   0.0540627
    0.052739
   0.0509057
    0.048581
   0.0457889
   0.0425569
    0.038917
   0.0349048
   0.0305589
   0.0259216
   0.0210379
   0.0159547
   0.0107205
  0.00538529
  0.00246739
  0.00490917
  0.00730257
  0.00962473
   0.0118539
   0.0139681
   0.0159472
     0.01777
   0.0194187
    0.020875
   0.0221243
   0.0231545
   0.0239556
   0.0245219
   0.0248478
    0.024931
   0.0247704
   0.0243692
   0.0237318
   0.0228679
   0.0217868
   0.0204994
   0.0190194
   0.0173618
   0.0155444
   0.0135865
   0.0115087
  0.00933076
  0.00707378
   0.0047547
  0.00239287
  0.00673281
   0.0134153
   0.0199834
   0.0263661
   0.0325007
   0.0383223
   0.0437732
   0.0487987
   0.0533492
   0.0573812
   0.0608554
   0.0637403
   0.0660086
   0.0676412
   0.0686228
    0.068943
   0.0685985
    0.067592
   0.0659337
   0.0636405
    0.060735
   0.0572465
   0.0532086
   0.0486613
   0.0436484
   0.0382179
   0.0324225
   0.0263176
   0.0199618
   0.0134149
  0.00673964
  0.00214138
  0.00425714
  0.00632763
  0.00833337
   0.0102553
    0.012075
   0.0137744
   0.0153362
   0.0167445
   0.0179848
   0.0190445
   0.0199141
   0.0205855
   0.0210543
   0.0213165
   0.0213702
   0.0212156
   0.0208559
   0.0202958
   0.0195436
    0.018608
   0.0174988
   0.0162284
   0.0148101
   0.0132593
   0.0115906
  0.00982093
  0.00796482
   0.0060394
  0.00405972
  0.00204219
  0.00781619
   0.0155618
   0.0231616
    0.030539
   0.0376224
   0.0443412
   0.0506304
   0.0564288
   0.0616803
   0.0663343
   0.0703459
   0.0736771
   0.0762962
   0.0781799
   0.0793104
   0.0796769
   0.0792764
   0.0781129
   0.0761985
   0.0735532
   0.0702027
   0.0661797
   0.0615228
   0.0562753
   0.0504872
   0.0442136
   0.0375146
    0.030454
   0.0230998
   0.0155233
  0.00779797
  0.00184753
  0.00366829
  0.00544475
  0.00716004
  0.00879736
   0.0103415
    0.011777
   0.0130902
    0.014268
   0.0153002
   0.0161769
   0.0168919
   0.0174392
   0.0178159
   0.0180194
   0.0180482
   0.0179034
   0.0175877
   0.0171058
   0.0164637
   0.0156692
   0.0147309
   0.0136597
   0.0124675
   0.0111668
  0.00976791
  0.00828374
  0.00672377
  0.00510135
  0.00343021
  0.00172454
  0.00859388
   0.0171013
   0.0254397
   0.0335294
    0.041292
   0.0486538
    0.055544
   0.0618968
   0.0676514
   0.0727521
   0.0771498
   0.0808019
   0.0836735
   0.0857378
   0.0869755
   0.0873756
   0.0869348
   0.0856585
     0.08356
    0.080661
   0.0769904
   0.0725829
   0.0674807
   0.0617297
   0.0553846
   0.0485059
   0.0411589
   0.0334137
   0.0253446
   0.0170314
  0.00855476
  0.00155552
  0.00308636
  0.00457674
  0.00601333
  0.00738166
  0.00866891
  0.00986246
   0.0109518
   0.0119267
   0.0127786
   0.0135002
   0.0140859
   0.0145315
   0.0148354
   0.0149963
   0.0150139
   0.0148897
   0.0146253
   0.0142246
   0.0136915
   0.0130322
   0.0122533
   0.0113633
   0.0103722
  0.00928984
  0.00812548
  0.00688959
  0.00559134
  0.00424182
  0.00285215
  0.00143424
  0.00905278
   0.0180159
   0.0268027
   0.0353277
   0.0435084
   0.0512658
   0.0585252
   0.0652173
    0.071278
   0.0766499
   0.0812815
   0.0851285
   0.0881542
   0.0903302
    0.091636
   0.0920595
   0.0915973
   0.0902544
   0.0880444
   0.0849894
   0.0811194
   0.0764714
   0.0710903
   0.0650263
   0.0583376
   0.0510882
   0.0433475
   0.0351895
   0.0266923
   0.0179383
  0.00901189
  0.00127287
  0.00252422
  0.00374042
  0.00491203
  0.00602712
   0.0070752
  0.00804637
    0.008933
  0.00972717
   0.0104216
   0.0110104
   0.0114883
   0.0118522
   0.0121011
   0.0122345
   0.0122531
   0.0121585
   0.0119508
   0.0116329
   0.0112061
   0.0106749
   0.0100437
  0.00931884
  0.00850836
  0.00762007
  0.00666302
  0.00564614
  0.00457943
   0.0034724
    0.002334
  0.00117389
  0.00921615
   0.0183423
     0.02729
   0.0359717
   0.0443031
    0.052203
   0.0595951
    0.066409
   0.0725796
   0.0780489
    0.082765
   0.0866828
   0.0897652
   0.0919828
   0.0933147
   0.0937483
   0.0932801
   0.0919147
   0.0896656
   0.0865548
   0.0826125
   0.0778767
   0.0723932
   0.0662148
    0.059401
   0.0520171
   0.0441343
   0.0358278
   0.0271774
   0.0182657
  0.00917776
  0.00100053
  0.00198791
  0.00295064
  0.00387985
  0.00476589
  0.00560037
  0.00637542
  0.00708439
  0.00772101
  0.00827901
  0.00875382
   0.0091411
  0.00943836
  0.00964433
  0.00975858
  0.00978126
  0.00971332
  0.00955489
  0.00930789
  0.00897349
  0.00855486
   0.0080554
  0.00747984
   0.0068342
  0.00612464
  0.00535836
  0.00454265
  0.00368564
  0.00279516
  0.00187887
  0.00094474
  0.00908748
   0.0180852
   0.0269062
   0.0354649
   0.0436786
   0.0514679
   0.0587578
   0.0654786
   0.0715658
   0.0769618
   0.0816149
   0.0854808
   0.0885226
   0.0907114
   0.0920264
   0.0924554
   0.0919947
   0.0906491
   0.0884318
   0.0853645
   0.0814769
   0.0768066
   0.0713989
   0.0653057
   0.0585858
   0.0513036
   0.0435292
   0.0353369
   0.0268052
   0.0180155
    0.009052
 0.000746236
  0.00148892
  0.00221892
  0.00292764
  0.00360742
  0.00425152
  0.00485363
  0.00540744
  0.00590781
  0.00634907
  0.00672749
  0.00703947
   0.0072828
   0.0074556
  0.00755708
  0.00758661
   0.0075445
  0.00743098
  0.00724736
    0.006995
   0.0066763
  0.00629399
  0.00585162
   0.0053533
  0.00480366
  0.00420791
  0.00357156
  0.00290069
  0.00220144
   0.0014804
 0.000744199
  0.00866563
   0.0172449
   0.0256548
   0.0338146
   0.0416458
   0.0490731
   0.0560252
   0.0624352
   0.0682417
   0.0733888
   0.0778275
    0.081515
   0.0844164
    0.086504
    0.087758
   0.0881668
   0.0877269
   0.0864428
   0.0843273
   0.0814012
   0.0776928
   0.0732381
   0.0680802
   0.0622691
   0.0558605
   0.0489163
    0.041503
   0.0336918
   0.0255571
   0.0171767
  0.00863048
  0.00052412
  0.00105289
  0.00157978
   0.0020971
  0.00259888
  0.00307884
  0.00353179
  0.00395216
  0.00433558
  0.00467723
  0.00497375
  0.00522186
  0.00541933
  0.00556422
  0.00565543
  0.00569204
  0.00567388
   0.0056009
  0.00547379
  0.00529348
  0.00506155
  0.00477998
  0.00445126
  0.00407838
   0.0036647
  0.00321418
    0.002731
     0.00222
    0.001686
  0.00113438
  0.00057048
  0.00795157
   0.0158239
   0.0235409
   0.0310285
   0.0382144
   0.0450297
   0.0514088
   0.0572903
    0.062618
   0.0673404
   0.0714126
   0.0747953
   0.0774563
   0.0793702
   0.0805189
   0.0808918
   0.0804856
   0.0793047
   0.0773608
   0.0746729
   0.0712675
   0.0671775
   0.0624426
   0.0571088
   0.0512278
   0.0448566
   0.0380565
   0.0308928
   0.0234341
   0.0157505
  0.00791487
 0.000334075
 0.000680482
  0.00103502
  0.00139064
   0.0017428
  0.00208533
  0.00241391
  0.00272347
  0.00301023
  0.00327003
  0.00349975
  0.00369623
  0.00385716
   0.0039805
  0.00406481
  0.00410899
  0.00411238
  0.00407465
  0.00399587
  0.00387652
  0.00371744
  0.00351996
  0.00328568
  0.00301677
  0.00271562
  0.00238535
  0.00202914
  0.00165096
  0.00125464
 0.000844539
 0.000424877
  0.00694474
   0.0138202
   0.0205599
   0.0270991
   0.0333748
   0.0393265
   0.0448973
   0.0500334
   0.0546857
   0.0588094
    0.062365
   0.0653184
   0.0676414
   0.0693117
   0.0703135
   0.0706375
   0.0702809
   0.0692476
   0.0675478
   0.0651985
   0.0622225
   0.0586489
   0.0545125
   0.0498536
   0.0447173
   0.0391539
    0.033217
   0.0269639
   0.0204542
   0.0137485
  0.00690984
 0.000187116
 0.000390045
 0.000606623
 0.000831445
  0.00106131
  0.00129134
  0.00151803
  0.00173695
  0.00194479
  0.00213778
  0.00231299
  0.00246742
   0.0025987
  0.00270467
  0.00278363
  0.00283421
  0.00285539
  0.00284646
  0.00280702
  0.00273707
  0.00263687
   0.0025072
  0.00234905
  0.00216396
  0.00195362
  0.00172036
  0.00146658
  0.00119532
 0.000909578
 0.000612828
 0.000308419
  0.00564702
   0.0112367
   0.0167153
   0.0220302
   0.0271304
   0.0319672
   0.0364941
   0.0406677
    0.044448
   0.0477988
   0.0506879
   0.0530876
    0.054975
    0.056332
   0.0571455
   0.0574079
    0.057117
   0.0562758
   0.0548928
    0.052982
   0.0505623
   0.0476575
   0.0442959
   0.0405103
   0.0363375
   0.0318178
   0.0269948
   0.0219143
   0.0166249
   0.0111754
   0.0056171
  7.9497e-05
  0.00017678
 0.000291114
 0.000418404
 0.000556565
 0.000701919
 0.000851713
  0.00100213
  0.00115024
  0.00129262
  0.00142651
  0.00154905
  0.00165781
  0.00175056
  0.00182536
  0.00188065
  0.00191508
  0.00192767
  0.00191762
  0.00188457
  0.00182835
  0.00174936
  0.00164812
  0.00152573
   0.0013834
  0.00122281
  0.00104576
 0.000854559
 0.000651547
 0.000439547
 0.000221281
  0.00405612
  0.00807015
   0.0120036
   0.0158194
   0.0194808
   0.0229531
    0.026203
   0.0291996
   0.0319139
   0.0343201
    0.036395
   0.0381188
   0.0394749
   0.0404502
   0.0410353
   0.0412245
    0.041016
   0.0404121
   0.0394188
   0.0380465
   0.0363086
   0.0342226
   0.0318088
   0.0290908
   0.0260952
   0.0228504
   0.0193878
     0.01574
   0.0119418
  0.00802806
  0.00403557
 2.49881e-05
 6.37241e-05
  0.00011674
 0.000182676
 0.000260463
 0.000348109
 0.000443612
 0.000544352
 0.000647886
   0.0007515
 0.000852682
 0.000948921
  0.00103787
  0.00111737
  0.00118544
  0.00124039
  0.00128071
  0.00130523
  0.00131294
  0.00130321
  0.00127564
  0.00123027
  0.00116733
  0.00108749
 0.000991599
  0.00088087
 0.000756705
 0.000620818
 0.000475057
 0.000321542
   0.0001624
  0.00216973
   0.0043175
  0.00642275
  0.00846547
   0.0104261
   0.0122858
   0.0140269
   0.0156327
   0.0170876
   0.0183779
    0.019491
   0.0204162
   0.0211447
   0.0216694
   0.0219851
   0.0220889
   0.0219797
   0.0216585
   0.0211285
   0.0203952
   0.0194656
    0.018349
   0.0170562
   0.0155998
   0.0139941
   0.0122543
   0.0103974
  0.00844088
  0.00640362
  0.00430462
  0.00216368
 7.12746e-07
 1.39931e-06
 2.03578e-06
  2.6027e-06
 3.08597e-06
 3.47739e-06
 3.77427e-06
 3.97863e-06
 4.09599e-06
 4.13425e-06
 4.10264e-06
 4.01089e-06
 3.86871e-06
 3.68543e-06
 3.46983e-06
 3.23003e-06
 2.97351e-06
 2.70708e-06
 2.43685e-06
 2.16827e-06
  1.9061e-06
 1.65433e-06
 1.41621e-06
 1.19418e-06
 9.89865e-07
 8.03966e-07
 6.36306e-07
 4.85712e-07
 3.50121e-07
 2.26505e-07
 1.11125e-07
-2.21895e-07
 -4.4379e-07
-4.40194e-07
-4.36599e-07
-4.06968e-07
-3.77338e-07
-3.36403e-07
-2.95469e-07
-2.43877e-07
-1.92286e-07
-1.36901e-07
-8.15166e-08
-2.49742e-08
 3.15683e-08
  9.9258e-08
 1.66948e-07
 2.64344e-07
 3.61741e-07
 4.90702e-07
 6.19663e-07
 7.21062e-07
 8.22462e-07
 8.65123e-07
 9.07785e-07
 8.64213e-07
 8.20641e-07
 6.80913e-07
 5.41184e-07
 2.64057e-07
-1.30698e-08
-6.53492e-09
