     0.09802
     0.19509
     0.29028
     0.38268
      0.4714
     0.55557
     0.63439
     0.70711
     0.77301
     0.83147
     0.88192
    0.923879
    0.956939
    0.980789
    0.995179
           1
    0.995179
    0.980789
    0.956939
    0.923879
    0.881919
    0.831469
    0.773009
    0.707109
    0.634389
    0.555569
      0.4714
     0.38268
     0.29028
     0.19509
     0.09802
   -0.773196
    -1.53894
    -2.28987
    -3.01874
    -3.71853
    -4.38251
    -5.00429
    -5.57788
    -6.09774
    -6.55888
    -6.95685
    -7.28781
    -7.54859
    -7.73668
    -7.85025
    -7.88823
    -7.85023
    -7.73664
    -7.54854
    -7.28774
    -6.95676
    -6.55878
    -6.09763
    -5.57776
    -5.00417
     -4.3824
    -3.71843
    -3.01865
    -2.28979
    -1.53889
   -0.773166
   0.0956246
    0.190328
    0.283198
    0.373342
     0.45989
    0.542009
    0.618908
    0.689847
    0.754142
    0.811174
    0.860394
    0.901328
    0.933582
    0.956845
    0.970892
     0.97559
    0.970892
    0.956845
    0.933582
    0.901328
    0.860394
    0.811173
    0.754141
    0.689846
    0.618908
    0.542008
    0.459889
    0.373341
    0.283198
    0.190327
   0.0956242
   -0.751603
    -1.49596
    -2.22592
    -2.93443
    -3.61468
    -4.26012
    -4.86453
    -5.42209
    -5.92742
    -6.37567
    -6.76252
    -7.08424
    -7.33773
    -7.52056
    -7.63096
    -7.66787
    -7.63094
    -7.52052
    -7.33767
    -7.08416
    -6.76242
    -6.37556
     -5.9273
    -5.42196
    -4.86439
    -4.25998
    -3.61455
    -2.93432
    -2.22583
     -1.4959
   -0.751566
   0.0932576
    0.185617
    0.276189
    0.364101
    0.448507
    0.528594
     0.60359
    0.672773
    0.735476
    0.791097
    0.839099
     0.87902
    0.910475
    0.933162
    0.946862
    0.951443
    0.946861
    0.933161
    0.910474
    0.879018
    0.839097
    0.791095
    0.735475
    0.672771
    0.603588
    0.528592
    0.448506
      0.3641
    0.276188
    0.185616
   0.0932572
   -0.730311
    -1.45359
    -2.16286
     -2.8513
    -3.51227
    -4.13943
     -4.7267
    -5.26846
    -5.75947
    -6.19502
    -6.57091
    -6.88351
    -7.12983
    -7.30748
    -7.41475
    -7.45061
    -7.41472
    -7.30743
    -7.12976
    -6.88342
     -6.5708
     -6.1949
    -5.75934
    -5.26831
    -4.72655
    -4.13927
    -3.51212
    -2.85116
    -2.16275
     -1.4535
   -0.730266
   0.0909169
    0.180958
    0.269257
    0.354963
    0.437251
    0.515327
    0.588441
    0.655888
    0.717018
    0.771242
    0.818039
    0.856958
    0.887623
    0.909741
    0.923097
    0.927563
    0.923096
    0.909739
    0.887622
    0.856956
    0.818037
     0.77124
    0.717015
    0.655886
    0.588439
    0.515326
    0.437251
    0.354964
    0.269259
     0.18096
   0.0909173
   -0.709317
     -1.4118
    -2.10068
    -2.76933
    -3.41131
    -4.02043
    -4.59083
    -5.11701
    -5.59391
    -6.01694
    -6.38203
    -6.68566
    -6.92489
    -7.09743
    -7.20161
    -7.23644
    -7.20158
    -7.09737
     -6.9248
    -6.68554
     -6.3819
    -6.01679
    -5.59374
    -5.11684
    -4.59065
    -4.02026
    -3.41114
    -2.76918
    -2.10056
    -1.41171
   -0.709268
   0.0886032
    0.176353
    0.262405
     0.34593
    0.426123
    0.502212
    0.573465
    0.639195
    0.698768
    0.751612
    0.797218
    0.835146
    0.865031
    0.886585
    0.899601
    0.903954
    0.899601
    0.886584
     0.86503
    0.835144
    0.797216
     0.75161
    0.698767
    0.639193
    0.573464
    0.502213
    0.426125
    0.345934
    0.262409
    0.176357
   0.0886046
   -0.688624
    -1.37061
     -2.0394
    -2.68854
    -3.31179
    -3.90314
    -4.45689
    -4.96773
    -5.43072
    -5.84141
    -6.19584
    -6.49059
    -6.72284
    -6.89034
    -6.99148
     -7.0253
    -6.99145
    -6.89028
    -6.72274
    -6.49047
    -6.19569
    -5.84124
    -5.43053
    -4.96753
    -4.45669
    -3.90294
     -3.3116
    -2.68838
    -2.03926
    -1.37051
   -0.688571
   0.0863168
    0.171802
    0.255633
    0.337002
    0.415125
     0.48925
    0.558664
    0.622697
    0.680732
    0.732212
    0.776641
     0.81359
    0.842703
    0.863701
    0.876382
    0.880622
    0.876382
    0.863702
    0.842704
    0.813591
    0.776643
    0.732216
    0.680739
    0.622704
    0.558672
    0.489259
    0.415135
    0.337012
    0.255642
    0.171809
   0.0863194
   -0.668235
    -1.33003
    -1.97901
    -2.60893
    -3.21372
    -3.78756
    -4.32491
    -4.82062
    -5.26989
    -5.66841
    -6.01234
    -6.29836
    -6.52373
    -6.68628
    -6.78443
    -6.81724
    -6.78439
     -6.6862
    -6.52362
    -6.29821
    -6.01216
    -5.66821
    -5.26967
    -4.82039
    -4.32467
    -3.78732
     -3.2135
    -2.60874
    -1.97885
    -1.32991
   -0.668172
   0.0840573
    0.167305
    0.248941
     0.32818
    0.404258
    0.476443
    0.544039
    0.606396
    0.662913
    0.713045
    0.756311
    0.792293
    0.820644
    0.841093
    0.853442
    0.857572
    0.853444
    0.841097
    0.820651
    0.792303
    0.756323
     0.71306
     0.66293
    0.606416
     0.54406
    0.476464
    0.404279
      0.3282
    0.248958
    0.167317
   0.0840623
   -0.648142
    -1.29004
     -1.9195
    -2.53048
    -3.11708
    -3.67367
    -4.19486
    -4.67566
    -5.11142
    -5.49795
    -5.83154
    -6.10896
    -6.32756
    -6.48521
     -6.5804
    -6.61222
    -6.58035
    -6.48512
    -6.32743
     -6.1088
    -5.83133
    -5.49772
    -5.11117
     -4.6754
     -4.1946
     -3.6734
    -3.11684
    -2.53027
    -1.91933
    -1.28991
   -0.648073
   0.0818257
    0.162863
    0.242332
    0.319467
    0.393526
    0.463794
    0.529596
    0.590297
    0.645314
    0.694116
    0.736234
    0.771262
    0.798863
    0.818771
    0.830795
    0.834816
    0.830799
    0.818782
     0.79888
    0.771284
    0.736261
    0.694147
    0.645348
    0.590333
    0.529632
     0.46383
     0.39356
    0.319499
    0.242358
    0.162882
   0.0818334
   -0.628349
    -1.25064
    -1.86089
    -2.45321
     -3.0219
    -3.56148
    -4.06676
    -4.53286
    -4.95532
    -5.33004
    -5.65345
    -5.92239
    -6.13429
    -6.28712
     -6.3794
    -6.41024
    -6.37935
    -6.28702
    -6.13415
     -5.9222
    -5.65321
    -5.32978
    -4.95504
    -4.53258
    -4.06646
    -3.56119
    -3.02163
    -2.45297
    -1.86069
     -1.2505
   -0.628275
   0.0796222
    0.158478
    0.235807
    0.310865
    0.382929
    0.451305
    0.515336
    0.574403
    0.627939
    0.675428
    0.716414
      0.7505
    0.777361
    0.796735
    0.808437
    0.812353
    0.808446
    0.796754
    0.777389
    0.750537
    0.716457
    0.675478
    0.627992
    0.574458
     0.51539
    0.451359
    0.382979
    0.310909
    0.235843
    0.158503
   0.0796332
   -0.608856
    -1.21184
    -1.80316
     -2.3771
    -2.92814
    -3.45098
    -3.94058
    -4.39223
    -4.80158
    -5.16468
    -5.47803
    -5.73863
    -5.94395
    -6.09204
    -6.18145
    -6.21134
     -6.1814
    -6.09194
     -5.9438
    -5.73843
    -5.47779
    -5.16439
    -4.80128
    -4.39192
    -3.94027
    -3.45068
    -2.92786
    -2.37685
    -1.80295
     -1.2117
   -0.608779
   0.0774469
    0.154148
    0.229365
    0.302374
    0.372471
    0.438981
    0.501264
     0.55872
    0.610796
    0.656991
    0.696859
    0.730017
    0.756146
    0.774992
    0.786375
    0.790187
    0.786387
    0.775015
     0.75618
    0.730062
    0.696913
    0.657052
    0.610862
    0.558788
    0.501332
    0.439047
    0.372532
    0.302427
    0.229408
    0.154178
   0.0774605
   -0.589666
    -1.17365
    -1.74632
    -2.30216
    -2.83584
    -3.34219
    -3.81635
    -4.25376
     -4.6502
    -5.00185
    -5.30532
     -5.5577
    -5.75655
    -5.89997
    -5.98656
     -6.0155
    -5.98651
    -5.89986
     -5.7564
    -5.55749
    -5.30507
    -5.00156
    -4.64989
    -4.25344
    -3.81603
    -3.34188
    -2.83554
    -2.30191
    -1.74611
    -1.17349
   -0.589584
   0.0753012
    0.149877
    0.223011
    0.293997
    0.362154
    0.426823
    0.487383
    0.543249
    0.593885
    0.638802
    0.677569
     0.70981
    0.735217
    0.753542
    0.764612
    0.768318
    0.764624
    0.753568
    0.735254
    0.709859
    0.677628
    0.638871
    0.593959
    0.543326
    0.487459
    0.426897
    0.362222
    0.294057
    0.223058
     0.14991
   0.0753162
   -0.570773
    -1.13604
    -1.69036
     -2.2284
    -2.74497
     -3.2351
    -3.69407
    -4.11746
    -4.50119
    -4.84157
    -5.13532
    -5.37961
    -5.57209
     -5.7109
    -5.79472
    -5.82273
    -5.79467
     -5.7108
    -5.57193
    -5.37939
    -5.13506
    -4.84128
    -4.50088
    -4.11713
    -3.69374
    -3.23478
    -2.74467
    -2.22814
    -1.69015
    -1.13589
   -0.570689
   0.0731873
     0.14567
     0.21675
    0.285743
    0.351984
    0.414837
    0.473697
    0.527996
     0.57721
    0.620865
    0.658544
    0.689879
    0.714573
    0.732383
    0.743142
    0.746743
    0.743153
    0.732406
    0.714606
    0.689925
    0.658597
    0.620926
    0.577275
    0.528063
    0.473764
    0.414902
    0.352043
    0.285792
    0.216788
    0.145696
   0.0731992
    -0.55218
    -1.09903
     -1.6353
    -2.15581
    -2.65555
    -3.12971
    -3.57372
    -3.98332
    -4.35455
    -4.68384
    -4.96802
    -5.20435
    -5.39056
    -5.52485
    -5.60594
    -5.63304
    -5.60588
    -5.52474
    -5.39039
    -5.20413
    -4.96776
    -4.68355
    -4.35424
    -3.98299
    -3.57339
    -3.12939
    -2.65525
    -2.15554
    -1.63508
    -1.09888
   -0.552096
   0.0711037
    0.141522
    0.210578
    0.277606
    0.341961
    0.403023
    0.460206
    0.512958
     0.56077
    0.603182
    0.639785
    0.670228
    0.694215
    0.711518
    0.721968
    0.725464
    0.721975
    0.711533
    0.694238
    0.670257
    0.639821
    0.603222
    0.560813
    0.513002
    0.460251
    0.403067
    0.341999
    0.277637
    0.210602
    0.141538
   0.0711102
   -0.533887
    -1.06263
    -1.58112
    -2.08439
    -2.56757
    -3.02602
    -3.45533
    -3.85135
    -4.21028
    -4.52866
    -4.80343
    -5.03193
    -5.21197
    -5.34182
    -5.42021
    -5.44641
    -5.42015
     -5.3417
     -5.2118
    -5.03171
    -4.80317
    -4.52837
    -4.20997
    -3.85102
      -3.455
     -3.0257
    -2.56727
    -2.08412
     -1.5809
    -1.06247
   -0.533803
   0.0690506
    0.137435
    0.204496
    0.269587
    0.332082
    0.391379
    0.446907
    0.498131
    0.544559
    0.585742
    0.621284
    0.650844
    0.674136
    0.690936
    0.701081
    0.704474
    0.701083
     0.69094
    0.674143
    0.650853
    0.621294
    0.585753
    0.544569
    0.498143
    0.446918
    0.391388
    0.332089
    0.269592
    0.204498
    0.137435
   0.0690495
   -0.515895
    -1.02682
    -1.52784
    -2.01414
    -2.48105
    -2.92405
    -3.33889
    -3.72156
    -4.06839
    -4.37604
    -4.64155
    -4.86235
    -5.03632
    -5.16179
    -5.23754
    -5.26285
    -5.23748
    -5.16166
    -5.03614
    -4.86213
    -4.64129
    -4.37575
    -4.06807
    -3.72123
    -3.33854
    -2.92372
    -2.48074
    -2.01387
    -1.52762
    -1.02665
   -0.515809
   0.0670273
    0.133408
    0.198502
    0.261683
    0.322344
      0.3799
    0.433796
    0.483515
    0.528577
    0.568548
    0.603045
    0.631732
    0.654337
    0.670639
    0.680483
    0.683773
    0.680477
    0.670629
    0.654323
    0.631714
    0.603023
    0.568524
    0.528549
    0.483486
    0.433766
    0.379869
    0.322314
    0.261656
    0.198478
    0.133389
    0.067017
   -0.498204
   -0.991605
    -1.47545
    -1.94508
    -2.39597
    -2.82378
     -3.2244
    -3.59395
    -3.92889
    -4.22599
    -4.48238
    -4.69561
    -4.86361
    -4.98477
    -5.05793
    -5.08237
    -5.05787
    -4.98466
    -4.86345
    -4.69539
    -4.48212
    -4.22568
    -3.92856
     -3.5936
    -3.22405
    -2.82344
    -2.39566
     -1.9448
    -1.47522
   -0.991441
   -0.498119
   0.0650305
    0.129433
    0.192587
    0.253884
    0.312735
    0.368574
    0.420862
    0.469095
    0.512811
    0.551587
    0.585051
     0.61288
    0.634806
    0.650619
    0.660165
    0.663354
    0.660155
    0.650599
    0.634777
    0.612843
    0.585007
    0.551537
    0.512756
    0.469038
    0.420803
    0.368516
    0.312681
    0.253835
    0.192546
    0.129403
   0.0650142
   -0.480817
   -0.956998
    -1.42396
     -1.8772
    -2.31235
    -2.72523
    -3.11186
    -3.46852
    -3.79177
     -4.0785
    -4.32595
    -4.53173
    -4.69387
     -4.8108
     -4.8814
    -4.90499
    -4.88134
    -4.81068
    -4.69368
    -4.53149
    -4.32567
    -4.07819
    -3.79143
    -3.46817
    -3.11151
    -2.72489
    -2.31203
    -1.87691
    -1.42373
   -0.956834
   -0.480732
   0.0630613
    0.125513
    0.186753
    0.246193
    0.303259
    0.357404
    0.408105
    0.454875
    0.497262
     0.53486
    0.567307
    0.594289
    0.615547
    0.630878
    0.640134
    0.643224
    0.640119
    0.630852
    0.615508
    0.594239
    0.567247
    0.534793
    0.497189
    0.454798
    0.408027
    0.357327
    0.303188
    0.246129
      0.1867
    0.125474
   0.0630407
   -0.463733
   -0.922994
    -1.37336
    -1.81049
    -2.23019
     -2.6284
    -3.00129
    -3.34527
    -3.65703
    -3.93358
    -4.17223
     -4.3707
    -4.52708
    -4.63985
    -4.70794
    -4.73068
    -4.70786
    -4.63972
    -4.52689
    -4.37046
    -4.17195
    -3.93326
     -3.6567
    -3.34492
    -3.00094
    -2.62806
    -2.22987
    -1.81022
    -1.37314
   -0.922836
   -0.463652
   0.0611177
    0.121645
    0.180997
    0.238604
    0.293911
    0.346386
    0.395523
     0.44085
    0.481929
    0.518367
    0.549811
    0.575961
    0.596564
     0.61142
    0.620389
    0.623384
    0.620375
    0.611391
     0.59652
    0.575906
    0.549745
     0.51829
    0.481846
    0.440761
    0.395433
    0.346298
    0.293829
    0.238532
    0.180938
    0.121602
   0.0610953
   -0.446953
   -0.889595
    -1.32366
    -1.74498
    -2.14948
    -2.53328
    -2.89268
    -3.22421
    -3.52469
    -3.79121
    -4.02123
    -4.21251
    -4.36323
    -4.47192
    -4.53754
    -4.55946
    -4.53748
     -4.4718
    -4.36305
    -4.21229
    -4.02096
    -3.79091
    -3.52436
    -3.22388
    -2.89235
    -2.53296
    -2.14919
    -1.74472
    -1.32346
   -0.889449
   -0.446879
    0.059201
     0.11783
    0.175321
    0.231121
    0.284694
    0.335524
    0.383119
    0.427025
    0.466816
    0.502111
    0.532569
    0.557899
    0.577856
    0.592247
    0.600935
    0.603835
    0.600921
    0.592219
    0.577814
    0.557844
    0.532502
    0.502033
    0.466729
    0.426933
    0.383026
    0.335431
    0.284608
    0.231046
    0.175259
    0.117786
   0.0591785
   -0.430474
   -0.856797
    -1.27486
    -1.68064
    -2.07023
    -2.43988
    -2.78603
    -3.10534
    -3.39474
    -3.65145
    -3.87299
    -4.05722
    -4.20237
    -4.30707
    -4.37028
    -4.39139
    -4.37023
    -4.30698
    -4.20224
    -4.05704
    -3.87277
    -3.65121
    -3.39449
    -3.10508
    -2.78577
    -2.43963
       -2.07
    -1.68044
     -1.2747
   -0.856684
   -0.430418
   0.0573131
    0.114072
    0.169728
    0.223748
    0.275611
    0.324819
    0.370896
    0.413402
    0.451925
    0.486095
    0.515583
    0.540106
    0.559427
     0.57336
    0.581771
    0.584579
    0.581757
    0.573333
    0.559387
    0.540055
    0.515521
    0.486023
    0.451846
    0.413319
    0.370812
    0.324736
    0.275534
    0.223679
    0.169671
     0.11403
   0.0572919
   -0.414292
    -0.82459
    -1.22694
    -1.61747
    -1.99242
    -2.34818
    -2.68132
    -2.98864
    -3.26718
    -3.51425
    -3.72747
     -3.9048
    -4.04452
     -4.1453
    -4.20615
     -4.2265
    -4.20614
    -4.14526
    -4.04447
    -3.90474
     -3.7274
    -3.51416
    -3.26708
    -2.98854
    -2.68122
    -2.34808
    -1.99233
    -1.61739
    -1.22687
   -0.824541
   -0.414269
   0.0554541
    0.110371
    0.164221
    0.216487
    0.266667
    0.314276
    0.358859
    0.399986
    0.437261
    0.470324
    0.498856
    0.522585
    0.541279
    0.554762
      0.5629
    0.565618
    0.562888
    0.554737
    0.541245
     0.52254
    0.498803
    0.470263
    0.437195
    0.399918
    0.358791
    0.314209
    0.266602
    0.216428
    0.164172
    0.110335
   0.0554351
   -0.398414
   -0.792988
    -1.17992
    -1.55549
    -1.91608
    -2.25822
     -2.5786
    -2.87415
    -3.14203
    -3.37964
    -3.58472
    -3.75527
    -3.88965
    -3.98658
    -4.04511
    -4.06469
    -4.04512
     -3.9866
    -3.88968
     -3.7553
    -3.58476
    -3.37969
    -3.14207
     -2.8742
    -2.57864
    -2.25825
    -1.91611
    -1.55552
    -1.17994
   -0.793001
   -0.398421
     0.05362
    0.106722
    0.158794
    0.209336
     0.25786
    0.303901
    0.347014
    0.386785
    0.422831
    0.454805
    0.482398
    0.505345
    0.523426
    0.536465
    0.544337
    0.546967
    0.544329
     0.53645
    0.523405
    0.505318
    0.482365
    0.454767
    0.422791
    0.386743
    0.346972
    0.303859
    0.257822
    0.209301
    0.158766
    0.106702
   0.0536096
   -0.382836
   -0.761986
     -1.1338
    -1.49469
     -1.8412
    -2.16998
    -2.47785
    -2.76188
     -3.0193
    -3.24765
    -3.44472
    -3.60862
    -3.73777
    -3.83093
    -3.88718
    -3.90601
    -3.88721
    -3.83098
    -3.73786
    -3.60874
    -3.44486
     -3.2478
    -3.01946
    -2.76204
    -2.47802
    -2.17014
    -1.84135
    -1.49482
     -1.1339
    -0.76206
   -0.382875
   0.0518153
    0.103132
    0.153456
    0.202302
    0.249199
    0.293696
    0.335364
    0.373803
    0.408641
    0.439544
    0.466213
    0.488393
    0.505868
    0.518473
    0.526084
    0.528628
    0.526081
    0.518468
    0.505862
    0.488385
    0.466204
    0.439534
     0.40863
    0.373792
    0.335354
    0.293686
    0.249191
    0.202295
    0.153452
     0.10313
   0.0518151
   -0.367565
   -0.731595
    -1.08858
     -1.4351
    -1.76779
    -2.08347
    -2.37909
     -2.6518
    -2.89897
    -3.11822
    -3.30745
    -3.46483
    -3.58885
    -3.67829
    -3.73232
     -3.7504
    -3.73236
    -3.67838
    -3.58897
      -3.465
    -3.30765
    -3.11845
    -2.89921
    -2.65205
    -2.37934
    -2.08371
    -1.76802
     -1.4353
    -1.08875
   -0.731713
   -0.367628
   0.0500442
   0.0996078
    0.148214
    0.195393
    0.240691
    0.283672
    0.323921
     0.36105
    0.394703
    0.424554
    0.450317
    0.471742
    0.488625
    0.500803
    0.508156
    0.510617
    0.508159
    0.500809
    0.488635
    0.471755
    0.450333
    0.424573
    0.394724
    0.361075
    0.323948
    0.283701
    0.240721
    0.195422
    0.148239
   0.0996272
   0.0500543
   -0.352603
   -0.701818
    -1.04428
     -1.3767
    -1.69587
    -1.99871
    -2.28231
    -2.54393
    -2.78106
     -2.9914
    -3.17294
    -3.32392
    -3.44289
    -3.52871
    -3.58054
    -3.59789
    -3.58059
     -3.5288
    -3.44303
     -3.3241
    -3.17315
    -2.99164
    -2.78131
     -2.5442
    -2.28258
    -1.99898
    -1.69613
    -1.37693
    -1.04448
   -0.701958
   -0.352678
   0.0483055
   0.0961477
    0.143067
    0.188609
    0.232337
    0.273828
    0.312683
    0.348527
    0.381015
    0.409834
    0.434707
    0.455393
    0.471694
    0.483452
    0.490554
    0.492932
    0.490563
     0.48347
     0.47172
    0.455429
    0.434751
    0.409886
    0.381074
    0.348592
    0.312752
      0.2739
    0.232408
    0.188676
    0.143123
   0.0961893
   0.0483262
   -0.337948
   -0.672652
    -1.00089
     -1.3195
    -1.62541
    -1.91568
     -2.1875
    -2.43825
    -2.66553
    -2.86714
    -3.04114
    -3.18585
    -3.29988
    -3.38213
    -3.43181
    -3.44844
    -3.43186
    -3.38222
    -3.30001
    -3.18602
    -3.04134
    -2.86737
    -2.66578
    -2.43852
    -2.18777
    -1.91594
    -1.62567
    -1.31973
    -1.00109
   -0.672798
   -0.338027
   0.0466025
   0.0927581
    0.138023
    0.181961
    0.224148
    0.264177
    0.301664
    0.336246
    0.367591
    0.395396
    0.419394
    0.439354
    0.455083
    0.466429
    0.473285
    0.475583
    0.473301
    0.466462
    0.455131
    0.439418
    0.419473
    0.395489
    0.367694
    0.336357
    0.301779
    0.264292
    0.224256
    0.182058
    0.138102
   0.0928142
   0.0466298
   -0.323603
   -0.644101
   -0.958409
     -1.2635
    -1.55643
    -1.83437
    -2.09466
    -2.33477
     -2.5524
    -2.74545
    -2.91206
    -3.05062
    -3.15981
    -3.23857
    -3.28614
    -3.30206
    -3.28617
    -3.23864
    -3.15991
    -3.05075
    -2.91222
    -2.74563
     -2.5526
    -2.33499
    -2.09488
     -1.8346
    -1.55665
    -1.26371
   -0.958588
   -0.644236
   -0.323677
   0.0449334
   0.0894358
     0.13308
    0.175444
     0.21612
    0.254716
    0.290861
    0.324205
    0.354428
    0.381239
    0.404379
    0.423626
    0.438794
    0.449738
    0.456351
    0.458572
    0.456377
    0.449788
    0.438869
    0.423724
      0.4045
    0.381378
    0.354582
    0.324367
    0.291024
    0.254875
    0.216266
    0.175571
     0.13318
   0.0895052
   0.0449665
   -0.309562
   -0.616154
   -0.916824
    -1.20867
    -1.48889
    -1.75477
    -2.00376
    -2.23345
    -2.44164
    -2.62631
    -2.78569
    -2.91824
    -3.02268
    -3.09802
    -3.14352
    -3.15874
    -3.14355
    -3.09808
    -3.02277
    -2.91835
    -2.78582
    -2.62646
    -2.44181
    -2.23364
    -2.00396
    -1.75498
    -1.48909
    -1.20886
   -0.916987
   -0.616279
   -0.309631
   0.0432998
   0.0861835
    0.128239
    0.169061
    0.208256
    0.245448
    0.280277
    0.312407
    0.341531
    0.367368
    0.389668
    0.408218
    0.422838
    0.433389
    0.439768
    0.441913
    0.439803
    0.433459
     0.42294
    0.408348
    0.389823
    0.367541
    0.341717
    0.312599
    0.280466
    0.245627
    0.208418
    0.169199
    0.128345
   0.0862554
   0.0433337
    -0.29583
   -0.588818
   -0.876146
    -1.15504
    -1.42282
     -1.6769
    -1.91483
    -2.13432
    -2.33326
    -2.50973
    -2.66203
    -2.78869
     -2.8885
    -2.96048
    -3.00396
    -3.01851
    -3.00399
    -2.96054
    -2.88857
    -2.78879
    -2.66215
    -2.50987
    -2.33342
    -2.13449
    -1.91501
    -1.67708
    -1.42299
     -1.1552
   -0.876286
   -0.588926
   -0.295889
   0.0417001
   0.0829986
    0.123499
    0.162811
    0.200556
    0.236371
    0.269911
    0.300854
    0.328902
    0.353785
    0.375264
    0.393131
    0.407216
    0.417382
    0.423531
    0.425602
    0.423575
    0.417468
    0.407339
    0.393286
    0.375443
    0.353982
    0.329109
    0.301062
    0.270113
    0.236558
    0.200721
    0.162948
    0.123603
   0.0830672
   0.0417318
   -0.282397
    -0.56208
   -0.836357
    -1.10258
     -1.3582
    -1.60073
    -1.82785
    -2.03737
    -2.22726
    -2.39571
    -2.54109
      -2.662
    -2.75727
    -2.82599
    -2.86749
    -2.88138
    -2.86752
    -2.82605
    -2.75736
    -2.66211
    -2.54123
    -2.39587
    -2.22743
    -2.03755
    -1.82803
    -1.60091
    -1.35837
    -1.10275
   -0.836494
   -0.562184
   -0.282454
   0.0401345
   0.0798819
     0.11886
    0.156694
    0.193021
    0.227491
    0.259772
    0.289553
     0.31655
      0.3405
    0.361173
     0.37837
    0.391926
    0.401709
    0.407625
    0.409616
    0.407661
    0.401779
    0.392027
    0.378497
    0.361319
    0.340659
    0.316716
    0.289719
     0.25993
    0.227636
    0.193147
    0.156797
    0.118935
   0.0799297
   0.0401564
   -0.269264
   -0.535938
   -0.797454
    -1.05129
    -1.29501
    -1.52626
    -1.74281
    -1.94258
    -2.12364
    -2.28426
    -2.42288
    -2.53817
    -2.62901
    -2.69454
    -2.73412
    -2.74737
    -2.73416
    -2.69462
    -2.62913
    -2.53832
    -2.42306
    -2.28447
    -2.12387
    -1.94281
    -1.74304
    -1.52649
    -1.29522
    -1.05148
   -0.797609
   -0.536051
   -0.269325
   0.0386036
   0.0768341
    0.114324
    0.150713
    0.185653
    0.218806
    0.249855
    0.278501
    0.304467
    0.327503
    0.347387
    0.363925
    0.376959
    0.386363
    0.392046
    0.393953
    0.392064
    0.386398
     0.37701
    0.363988
    0.347459
    0.327582
    0.304549
    0.278581
    0.249929
    0.218871
    0.185706
    0.150753
     0.11435
    0.076847
   0.0386086
   -0.256434
     -0.5104
   -0.759451
    -1.00119
    -1.23329
    -1.45352
    -1.65975
       -1.85
    -2.02244
    -2.17541
    -2.30743
    -2.41723
    -2.50375
    -2.56617
    -2.60387
     -2.6165
    -2.60392
    -2.56627
     -2.5039
    -2.41742
    -2.30766
    -2.17567
    -2.02272
    -1.85029
    -1.66004
     -1.4538
    -1.23355
    -1.00142
   -0.759633
   -0.510529
   -0.256503
   0.0371082
   0.0738567
    0.109893
    0.144869
     0.17845
    0.210313
    0.240151
    0.267678
    0.292628
     0.31476
    0.333861
    0.349746
    0.362263
     0.37129
     0.37674
    0.378561
    0.376736
    0.371282
    0.362251
    0.349729
    0.333839
    0.314733
    0.292596
    0.267641
    0.240111
    0.210269
    0.178406
    0.144826
    0.109854
   0.0738261
   0.0370913
   -0.243899
   -0.485454
   -0.722338
   -0.952271
    -1.17304
    -1.38251
    -1.57867
    -1.75964
    -1.92366
    -2.06916
    -2.19475
    -2.29919
     -2.3815
    -2.44087
    -2.47674
    -2.48875
     -2.4768
    -2.44099
    -2.38168
    -2.29942
    -2.19502
    -2.06948
      -1.924
    -1.75999
    -1.57903
    -1.38286
    -1.17336
   -0.952553
    -0.72257
   -0.485622
    -0.24399
   0.0356462
   0.0709454
    0.105559
    0.139152
    0.171402
       0.202
    0.230649
    0.257076
    0.281025
    0.302267
    0.320596
    0.335836
    0.347841
    0.356495
    0.361714
    0.363449
    0.361684
    0.356436
    0.347754
    0.335724
    0.320462
    0.302114
    0.280858
      0.2569
    0.230472
    0.201826
    0.171241
    0.139009
    0.105442
   0.0708622
   0.0356028
   -0.231674
   -0.461124
    -0.68614
   -0.904554
    -1.11427
    -1.31325
    -1.49959
     -1.6715
    -1.82731
    -1.96554
    -2.08483
    -2.18405
    -2.26224
    -2.31865
    -2.35272
    -2.36414
     -2.3528
    -2.31879
    -2.26246
    -2.18432
    -2.08515
     -1.9659
    -1.82771
    -1.67191
    -1.50001
    -1.31366
    -1.11464
   -0.904892
   -0.686417
   -0.461325
   -0.231783
   0.0342083
   0.0680811
    0.101292
    0.133523
    0.164463
    0.193815
    0.221297
    0.246644
    0.269613
    0.289983
    0.307559
     0.32217
    0.333678
    0.341971
    0.346969
    0.348625
    0.346925
    0.341885
    0.333553
    0.322011
     0.30737
    0.289771
    0.269384
    0.246405
    0.221057
    0.193583
    0.164248
    0.133333
    0.101136
   0.0679681
   0.0341482
   -0.219759
    -0.43741
   -0.650857
   -0.858044
    -1.05698
    -1.24574
    -1.42251
    -1.58558
     -1.7334
    -1.86452
    -1.97769
    -2.07182
      -2.146
    -2.19951
    -2.23184
    -2.24268
    -2.23193
    -2.19968
    -2.14624
    -2.07213
    -1.97806
    -1.86494
    -1.73385
    -1.58606
    -1.42299
     -1.2462
    -1.05741
   -0.858431
   -0.651175
   -0.437641
   -0.219883
   0.0327939
   0.0652639
   0.0970964
    0.127987
    0.157639
    0.185767
    0.212102
     0.23639
    0.258398
    0.277915
    0.294753
     0.30875
    0.319774
    0.327717
    0.332503
    0.334088
    0.332457
    0.327626
    0.319642
    0.308582
    0.294554
    0.277691
    0.258158
     0.23614
    0.211852
    0.185525
    0.157413
    0.127785
   0.0969282
   0.0651399
   0.0327267
   -0.208153
   -0.414312
   -0.616491
   -0.812741
    -1.00117
    -1.17997
    -1.34742
    -1.50189
    -1.64191
    -1.76612
    -1.87332
    -1.96249
    -2.03276
    -2.08346
    -2.11409
    -2.12437
    -2.11418
    -2.08364
    -2.03302
    -1.96283
    -1.87373
    -1.76657
    -1.64241
    -1.50241
    -1.34794
    -1.18049
    -1.00166
   -0.813168
   -0.616841
   -0.414566
    -0.20829
   0.0313957
   0.0624829
   0.0929617
    0.122539
     0.15093
    0.177862
    0.203077
    0.226332
    0.247404
     0.26609
    0.282212
    0.295615
     0.30617
    0.313777
    0.318362
    0.319882
    0.318323
      0.3137
    0.306058
    0.295471
    0.282041
    0.265896
    0.247193
    0.226111
    0.202855
    0.177646
    0.150728
    0.122359
   0.0928123
   0.0623739
   0.0313367
   -0.196857
   -0.391829
   -0.583038
   -0.768644
   -0.946857
    -1.11596
    -1.27432
    -1.42042
    -1.55285
    -1.67033
    -1.77172
    -1.85606
    -1.92253
    -1.97048
    -1.99946
    -2.00918
    -1.99955
    -1.97067
     -1.9228
    -1.85642
    -1.77215
    -1.67081
    -1.55338
    -1.42098
    -1.27489
    -1.11651
   -0.947371
   -0.769101
   -0.583414
   -0.392101
   -0.197003
   0.0300209
   0.0597493
   0.0888994
    0.117189
    0.144345
    0.170106
    0.194227
    0.216473
    0.236632
    0.254509
    0.269934
    0.282758
     0.29286
    0.300141
    0.304533
    0.305993
    0.304508
    0.300092
    0.292787
    0.282663
    0.269818
    0.254375
    0.236482
    0.216315
    0.194065
    0.169949
    0.144196
    0.117057
   0.0887905
    0.059671
   0.0299783
   -0.185868
   -0.369958
   -0.550498
   -0.725746
   -0.894016
    -1.05368
    -1.20321
    -1.34117
    -1.46621
    -1.57713
    -1.67288
    -1.75251
    -1.81527
    -1.86056
    -1.88792
    -1.89711
    -1.88802
    -1.86075
    -1.81556
    -1.75288
    -1.67332
    -1.57763
    -1.46675
    -1.34174
    -1.20379
    -1.05425
   -0.894546
   -0.726218
   -0.550885
    -0.37024
   -0.186019
   0.0286802
   0.0570826
   0.0849348
    0.111966
    0.137916
    0.162535
    0.185587
    0.206849
    0.226117
    0.243206
    0.257952
    0.270212
     0.27987
    0.286832
    0.291033
    0.292432
    0.291015
    0.286796
    0.279816
    0.270143
    0.257868
     0.24311
    0.226011
    0.206737
    0.185473
    0.162424
    0.137812
    0.111874
    0.084859
   0.0570286
   0.0286506
   -0.175188
   -0.348701
   -0.518869
    -0.68405
   -0.842653
    -0.99315
    -1.13409
    -1.26412
    -1.38198
    -1.48653
    -1.57678
    -1.65184
      -1.711
    -1.75369
    -1.77948
    -1.78814
    -1.77958
    -1.75388
    -1.71129
    -1.65221
    -1.57722
    -1.48703
    -1.38252
    -1.26468
    -1.13466
   -0.993706
   -0.843173
   -0.684511
   -0.519248
   -0.348976
   -0.175335
   0.0273708
   0.0544783
   0.0810632
    0.106866
    0.131639
    0.155143
    0.177152
    0.197453
    0.215852
     0.23217
    0.246253
    0.257962
    0.267187
    0.273838
    0.277852
    0.279189
    0.277837
    0.273811
    0.267147
    0.257912
    0.246193
    0.232104
     0.21578
    0.197379
    0.177078
    0.155073
    0.131574
     0.10681
   0.0810177
   0.0544469
   0.0273535
   -0.164814
   -0.328053
   -0.488144
   -0.643544
   -0.792757
   -0.934343
    -1.06694
    -1.18927
    -1.30015
    -1.39852
    -1.48342
    -1.55404
     -1.6097
    -1.64985
    -1.67412
    -1.68227
    -1.67422
    -1.65004
    -1.60996
    -1.55438
    -1.48383
    -1.39898
    -1.30065
     -1.1898
    -1.06747
   -0.934865
   -0.793245
   -0.643978
     -0.4885
    -0.32831
   -0.164951
   0.0260981
   0.0519453
   0.0772946
    0.101899
    0.125523
    0.147937
    0.168925
    0.188286
    0.205833
    0.221397
    0.234828
    0.245997
    0.254795
     0.26114
    0.264968
    0.266244
    0.264957
    0.261117
    0.254763
    0.245956
    0.234781
    0.221345
    0.205778
     0.18823
    0.168869
    0.147883
    0.125474
    0.101857
   0.0772607
    0.051922
   0.0260851
   -0.154748
   -0.308016
   -0.458327
   -0.604233
   -0.744329
   -0.877264
    -1.00176
    -1.11661
    -1.22072
    -1.31307
    -1.39279
    -1.45909
    -1.51135
    -1.54905
    -1.57183
    -1.57948
    -1.57191
     -1.5492
    -1.51158
    -1.45939
    -1.39314
    -1.31347
    -1.22115
    -1.11707
    -1.00222
   -0.877717
   -0.744752
   -0.604608
   -0.458635
   -0.308238
   -0.154866
   0.0248572
   0.0494754
   0.0736194
   0.0970545
    0.119556
    0.140905
    0.160898
     0.17934
    0.196055
     0.21088
    0.223674
    0.234313
    0.242694
    0.248737
    0.252384
      0.2536
    0.252373
    0.248717
    0.242665
    0.234276
    0.223631
    0.210833
    0.196005
    0.179289
    0.160848
    0.140858
    0.119513
   0.0970175
   0.0735894
   0.0494546
   0.0248458
   -0.144983
   -0.288579
   -0.429404
   -0.566101
   -0.697353
   -0.821897
   -0.938531
    -1.04613
    -1.14366
    -1.23019
    -1.30487
    -1.36699
    -1.41594
    -1.45125
    -1.47259
    -1.47975
    -1.47266
    -1.45138
    -1.41613
    -1.36723
    -1.30516
    -1.23052
    -1.14403
    -1.04652
   -0.938919
   -0.822275
   -0.697706
   -0.566414
    -0.42966
   -0.288764
   -0.145082
   0.0236457
   0.0470644
    0.070032
   0.0923253
     0.11373
     0.13404
    0.153057
    0.170601
      0.1865
    0.200603
    0.212773
    0.222893
    0.230865
    0.236614
    0.240083
     0.24124
    0.240073
    0.236593
    0.230835
    0.222854
    0.212727
    0.200552
    0.186445
    0.170544
    0.153001
    0.133986
    0.113681
   0.0922832
   0.0699986
   0.0470417
   0.0236341
   -0.135519
    -0.26974
   -0.401371
   -0.529142
   -0.651825
   -0.768234
   -0.877249
   -0.977819
    -1.06898
    -1.14984
    -1.21964
     -1.2777
    -1.32345
    -1.35645
    -1.37639
    -1.38308
    -1.37645
    -1.35656
     -1.3236
     -1.2779
    -1.21988
    -1.15012
    -1.06927
   -0.978127
   -0.877557
   -0.768532
   -0.652102
   -0.529389
   -0.401573
   -0.269887
   -0.135597
   0.0224627
   0.0447101
    0.066529
   0.0877075
    0.108042
    0.127335
    0.145401
    0.162065
    0.177168
    0.190564
    0.202125
    0.211738
    0.219311
    0.224771
    0.228066
    0.229164
    0.228054
    0.224748
    0.219277
    0.211694
    0.202072
    0.190505
    0.177104
    0.161997
    0.145332
    0.127269
    0.107982
   0.0876563
   0.0664893
   0.0446837
   0.0224501
   -0.126355
   -0.251499
   -0.374226
   -0.493354
   -0.607738
   -0.716271
   -0.817908
   -0.911671
   -0.996657
    -1.07205
    -1.13712
    -1.19124
    -1.23389
    -1.26466
    -1.28325
    -1.28948
    -1.28329
    -1.26475
    -1.23402
     -1.1914
    -1.13731
    -1.07226
   -0.996887
   -0.911907
   -0.818142
   -0.716496
   -0.607947
    -0.49354
   -0.374378
   -0.251609
   -0.126414
   0.0213062
   0.0424081
   0.0631028
   0.0831901
    0.102476
    0.120775
    0.137911
    0.153717
    0.168042
    0.180748
    0.191712
    0.200829
    0.208011
    0.213189
    0.216313
    0.217354
      0.2163
    0.213164
    0.207975
    0.200783
    0.191658
    0.180688
    0.167979
    0.153653
    0.137848
    0.120716
    0.102423
    0.083145
   0.0630674
    0.042384
    0.021295
   -0.117491
   -0.233853
   -0.347965
   -0.458729
   -0.565079
    -0.66599
    -0.76049
   -0.847669
   -0.926686
   -0.996783
    -1.05728
     -1.1076
    -1.14725
    -1.17586
    -1.19314
    -1.19893
    -1.19318
    -1.17593
    -1.14736
    -1.10773
    -1.05744
   -0.996954
   -0.926869
   -0.847856
   -0.760676
   -0.666168
   -0.565242
   -0.458871
   -0.348079
   -0.233933
   -0.117533
   0.0201762
   0.0401588
   0.0597548
   0.0787757
    0.097038
    0.114366
    0.130592
    0.145559
    0.159124
    0.171156
    0.181537
     0.19017
     0.19697
    0.201872
    0.204829
    0.205814
    0.204816
    0.201846
    0.196933
    0.190125
    0.181487
    0.171102
    0.159071
    0.145508
    0.130544
    0.114323
   0.0970006
   0.0787444
   0.0597297
    0.040141
   0.0201686
   -0.108926
   -0.216804
   -0.322591
   -0.425273
   -0.523861
   -0.617408
    -0.70501
   -0.785826
   -0.859077
   -0.924056
   -0.980139
    -1.02678
    -1.06354
    -1.09006
    -1.10607
    -1.11144
     -1.1061
    -1.09011
    -1.06362
    -1.02689
   -0.980259
    -0.92419
    -0.85922
   -0.785974
   -0.705156
   -0.617545
   -0.523986
   -0.425378
   -0.322673
   -0.216858
   -0.108954
   0.0190676
   0.0379533
   0.0564742
   0.0744522
   0.0917131
    0.108091
    0.123428
    0.137576
    0.150398
    0.161772
    0.171588
     0.17975
    0.186181
    0.190819
     0.19362
    0.194555
    0.193617
    0.190815
    0.186175
    0.179742
    0.171578
    0.161762
    0.150386
    0.137563
    0.123415
     0.10808
   0.0917041
   0.0744456
   0.0564708
   0.0379522
   0.0190695
   -0.100656
   -0.200342
   -0.298096
   -0.392981
   -0.484081
    -0.57052
   -0.651467
   -0.726142
   -0.793824
   -0.853864
   -0.905681
   -0.948779
   -0.982739
    -1.00724
    -1.02204
    -1.02699
    -1.02206
    -1.00728
   -0.982809
   -0.948866
   -0.905785
   -0.853979
   -0.793947
   -0.726268
   -0.651592
   -0.570639
   -0.484187
    -0.39307
   -0.298165
   -0.200387
   -0.100679
   0.0179839
   0.0357974
   0.0532677
   0.0702266
   0.0865095
     0.10196
    0.116429
    0.129777
    0.141876
    0.152609
    0.161874
     0.16958
    0.175655
    0.180038
    0.182688
     0.18358
    0.182703
    0.180067
    0.175695
     0.16963
    0.161928
    0.152664
    0.141927
    0.129822
    0.116469
    0.101995
   0.0865419
   0.0702555
   0.0532942
   0.0358188
   0.0179982
  -0.0926846
   -0.184475
   -0.274486
   -0.361854
   -0.445735
   -0.525323
   -0.599854
   -0.668608
   -0.730924
   -0.786202
    -0.83391
   -0.873589
   -0.904857
   -0.927412
   -0.941038
   -0.945603
   -0.941064
   -0.927462
   -0.904929
   -0.873681
   -0.834018
   -0.786322
   -0.731051
   -0.668737
    -0.59998
   -0.525441
   -0.445839
   -0.361939
   -0.274551
   -0.184517
  -0.0927047
   0.0169211
   0.0336852
   0.0501301
   0.0660962
   0.0814291
   0.0959803
    0.109609
    0.122185
    0.133586
    0.143703
    0.152437
    0.159704
    0.165434
    0.169571
    0.172074
    0.172919
    0.172096
    0.169614
    0.165497
    0.159784
    0.152529
    0.143802
    0.133687
    0.122283
    0.109702
   0.0960665
   0.0815088
   0.0661676
   0.0501928
   0.0337341
   0.0169521
  -0.0850176
   -0.169211
   -0.251766
   -0.331894
   -0.408823
   -0.481815
   -0.550166
   -0.613221
   -0.670371
   -0.721069
   -0.764823
   -0.801216
   -0.829894
   -0.850584
   -0.863086
   -0.867278
   -0.863121
   -0.850654
   -0.829995
   -0.801342
   -0.764972
   -0.721231
   -0.670543
   -0.613392
    -0.55033
   -0.481962
   -0.408948
   -0.331991
   -0.251833
   -0.169248
  -0.0850316
   0.0158859
   0.0316282
   0.0470756
   0.0620768
   0.0764873
   0.0901663
    0.102982
     0.11481
    0.125536
    0.135056
    0.143278
     0.15012
    0.155517
    0.159415
    0.161775
    0.162573
    0.161799
    0.159465
    0.155592
    0.150218
    0.143395
    0.135188
    0.125676
    0.114952
    0.103121
   0.0902993
   0.0766117
   0.0621893
   0.0471738
   0.0317046
   0.0159337
  -0.0776473
   -0.154538
   -0.229927
   -0.303099
   -0.373349
   -0.440003
    -0.50242
   -0.560001
    -0.61219
   -0.658486
   -0.698444
    -0.73168
   -0.757872
   -0.776769
   -0.788188
    -0.79202
   -0.788227
   -0.776845
   -0.757982
   -0.731819
   -0.698607
   -0.658665
   -0.612376
   -0.560186
   -0.502593
   -0.440156
   -0.373475
   -0.303193
   -0.229987
   -0.154565
  -0.0776533
   0.0148902
   0.0296493
   0.0441372
    0.058209
   0.0717292
   0.0845649
    0.096592
    0.107693
     0.11776
    0.126694
    0.134409
    0.140829
    0.145892
    0.149549
    0.151761
    0.152508
    0.151781
    0.149589
    0.145953
    0.140909
    0.134507
    0.126808
    0.117886
    0.107828
   0.0967328
   0.0847076
   0.0718703
    0.058343
   0.0442581
   0.0297465
   0.0149497
  -0.0705644
   -0.140443
    -0.20896
   -0.275462
    -0.33931
    -0.39989
   -0.456621
   -0.508955
   -0.556391
   -0.598472
   -0.634793
   -0.665002
   -0.688811
   -0.705988
   -0.716369
   -0.719851
   -0.716402
   -0.706053
   -0.688904
   -0.665118
   -0.634925
   -0.598615
   -0.556538
   -0.509098
   -0.456752
   -0.400005
   -0.339403
   -0.275531
   -0.209003
   -0.140462
  -0.0705681
   0.0139326
   0.0277457
   0.0413098
   0.0544858
    0.067147
   0.0791679
   0.0904318
    0.100828
    0.110253
    0.118616
    0.125834
     0.13184
    0.136574
     0.13999
    0.142055
    0.142749
    0.142063
    0.140007
    0.136599
    0.131875
    0.125881
    0.118674
    0.110326
    0.100916
   0.0905365
   0.0792862
   0.0672751
   0.0546166
   0.0414342
   0.0278505
    0.013997
  -0.0637847
   -0.126951
    -0.18889
   -0.249008
   -0.306727
   -0.361493
   -0.412778
   -0.460088
   -0.502971
   -0.541012
   -0.573846
   -0.601156
   -0.622678
   -0.638204
   -0.647585
    -0.65073
   -0.647608
   -0.638249
   -0.622741
   -0.601233
   -0.573932
   -0.541103
   -0.503061
   -0.460174
   -0.412854
   -0.361558
   -0.306779
   -0.249045
   -0.188912
    -0.12696
  -0.0637846
   0.0130194
   0.0259246
   0.0385932
   0.0508981
   0.0627198
    0.073943
   0.0844582
   0.0941626
    0.102961
    0.110768
    0.117505
    0.123111
     0.12753
     0.13072
    0.132649
    0.133298
    0.132661
    0.130744
    0.127567
     0.12316
    0.117567
    0.110842
     0.10305
    0.094265
   0.0845735
   0.0740676
   0.0628495
   0.0510256
   0.0387107
   0.0260203
    0.013077
   -0.057313
   -0.114072
   -0.169728
   -0.223749
   -0.275616
   -0.324828
   -0.370911
   -0.413421
    -0.45195
   -0.486126
   -0.515621
   -0.540149
   -0.559476
   -0.573415
   -0.581834
   -0.584649
   -0.581836
    -0.57342
   -0.559481
   -0.540154
   -0.515624
   -0.486129
   -0.451952
   -0.413421
   -0.370909
   -0.324825
   -0.275611
   -0.223743
   -0.169719
   -0.114061
  -0.0573048
   0.0121415
   0.0241723
   0.0359766
   0.0474389
   0.0584471
   0.0688963
   0.0786844
   0.0877172
   0.0959065
    0.103173
    0.109446
    0.114666
    0.118783
    0.121756
    0.123557
    0.124166
     0.12358
    0.121803
    0.118852
    0.114756
    0.109554
    0.103296
   0.0960411
   0.0878602
   0.0788319
   0.0690431
   0.0585883
   0.0475677
   0.0360879
   0.0242575
   0.0121907
  -0.0511418
   -0.101789
   -0.151454
    -0.19966
   -0.245943
   -0.289856
   -0.330978
    -0.36891
   -0.403287
   -0.433778
    -0.46009
    -0.48197
   -0.499208
   -0.511639
   -0.519143
   -0.521649
   -0.519133
   -0.511619
   -0.499179
   -0.481934
   -0.460049
   -0.433733
    -0.40324
   -0.368864
   -0.330935
   -0.289818
   -0.245909
   -0.199631
   -0.151429
    -0.10177
  -0.0511302
   0.0112754
   0.0224492
   0.0334136
   0.0440613
    0.054289
    0.063998
   0.0730947
   0.0814903
    0.089104
   0.0958609
    0.101696
    0.106552
    0.110383
    0.113152
     0.11483
    0.115403
    0.114863
    0.113217
    0.110481
     0.10668
     0.10185
   0.0960379
   0.0892987
   0.0816971
   0.0733064
   0.0642073
   0.0544871
   0.0442396
   0.0335633
   0.0225606
   0.0113377
  -0.0452801
  -0.0901189
   -0.134083
   -0.176752
   -0.217715
    -0.25658
   -0.292972
   -0.326541
   -0.356965
   -0.383951
   -0.407239
   -0.426606
   -0.441863
   -0.452867
   -0.459509
   -0.461728
   -0.459502
   -0.452853
   -0.441843
    -0.42658
   -0.407211
   -0.383919
   -0.356932
   -0.326506
   -0.292935
   -0.256543
   -0.217678
   -0.176715
   -0.134049
  -0.0900899
  -0.0452626
   0.0104358
   0.0207797
   0.0309325
   0.0407947
   0.0502718
   0.0592708
    0.067706
   0.0754934
   0.0825584
   0.0888303
   0.0942487
   0.0987598
     0.10232
    0.104894
    0.106457
    0.106994
      0.1065
     0.10498
    0.102448
   0.0989285
    0.094455
   0.0890697
   0.0828244
   0.0757783
   0.0679995
   0.0595623
   0.0505476
   0.0410425
   0.0311379
   0.0209302
    0.010518
  -0.0397177
  -0.0790448
     -0.1176
   -0.155017
   -0.190935
   -0.225012
    -0.25692
   -0.286353
   -0.313029
   -0.336691
   -0.357113
   -0.374097
    -0.38748
   -0.397132
    -0.40296
   -0.404909
   -0.402961
   -0.397134
   -0.387484
   -0.374104
   -0.357123
   -0.336702
    -0.31304
   -0.286362
   -0.256925
   -0.225011
   -0.190927
   -0.155002
    -0.11758
  -0.0790227
  -0.0397027
  0.00963664
   0.0191907
   0.0285723
    0.037687
   0.0464476
   0.0547674
   0.0625666
   0.0697681
   0.0763025
   0.0821051
   0.0871202
   0.0912973
   0.0945961
   0.0969837
   0.0984371
   0.0989416
   0.0984924
   0.0970932
   0.0947577
   0.0915072
   0.0873729
   0.0823937
   0.0766169
   0.0700987
   0.0629012
   0.0550951
   0.0467556
   0.0379629
   0.0288016
   0.0193599
  0.00972912
  -0.0344463
  -0.0685538
   -0.101992
   -0.134444
   -0.165594
   -0.195147
   -0.222818
   -0.248343
   -0.271477
   -0.291997
   -0.309707
   -0.324438
   -0.336046
    -0.34442
   -0.349481
   -0.351178
   -0.349497
   -0.344453
   -0.336095
   -0.324502
   -0.309785
   -0.292084
   -0.271571
    -0.24844
   -0.222913
   -0.195234
   -0.165668
   -0.134501
   -0.102031
   -0.068574
  -0.0344517
  0.00887523
   0.0176768
   0.0263236
   0.0347253
    0.042802
   0.0504725
   0.0576631
   0.0643031
   0.0703284
   0.0756805
   0.0803083
   0.0841646
   0.0872124
    0.089421
   0.0907694
   0.0912426
    0.090836
   0.0895522
   0.0874033
    0.084409
   0.0805975
   0.0760051
   0.0706746
   0.0646594
   0.0580164
   0.0508131
   0.0431195
   0.0350089
   0.0265602
   0.0178531
  0.00897217
  -0.0294756
  -0.0586614
  -0.0872752
   -0.115044
     -0.1417
   -0.166989
   -0.190667
   -0.212509
   -0.232304
   -0.249865
   -0.265023
   -0.277631
   -0.287569
   -0.294742
    -0.29908
   -0.300543
   -0.299115
    -0.29481
   -0.287669
   -0.277759
   -0.265175
   -0.250036
   -0.232489
   -0.212698
   -0.190854
   -0.167164
   -0.141856
   -0.115172
    -0.08737
  -0.0587213
     -0.0295
  0.00814762
   0.0162305
   0.0241757
   0.0318981
   0.0393254
   0.0463806
   0.0529963
   0.0591065
   0.0646528
   0.0695799
   0.0738407
   0.0773919
    0.080199
   0.0822335
   0.0834752
   0.0839105
   0.0835341
   0.0823496
    0.080367
   0.0776071
   0.0740961
   0.0698677
   0.0649621
   0.0594283
   0.0533196
   0.0466967
   0.0396244
   0.0321698
   0.0244059
    0.016405
  0.00824512
  -0.0248053
  -0.0493659
  -0.0734436
  -0.0968106
   -0.119241
   -0.140523
   -0.160451
   -0.178835
   -0.195498
   -0.210283
   -0.223047
   -0.233667
   -0.242041
    -0.24809
   -0.251755
      -0.253
   -0.251814
   -0.248206
    -0.24221
   -0.233881
   -0.223298
   -0.210561
   -0.195793
   -0.179133
    -0.16074
   -0.140791
   -0.119476
  -0.0970025
  -0.0735844
  -0.0494543
  -0.0248422
   0.0074545
    0.014853
   0.0221309
   0.0292076
   0.0360183
   0.0424898
   0.0485606
   0.0541688
   0.0592609
   0.0637848
   0.0676965
   0.0709565
   0.0735326
   0.0753983
   0.0765343
   0.0769286
   0.0765752
   0.0754795
   0.0736497
   0.0711082
   0.0678796
   0.0639956
   0.0594937
   0.0544187
   0.0488207
    0.042753
   0.0362754
   0.0294491
   0.0223414
   0.0150172
  0.00754836
  -0.0204373
  -0.0406722
   -0.060508
  -0.0797589
  -0.0982391
   -0.115774
   -0.132194
   -0.147344
   -0.161078
   -0.173265
   -0.183788
   -0.192546
   -0.199454
   -0.204446
   -0.207475
    -0.20851
   -0.207542
   -0.204577
   -0.199644
   -0.192786
   -0.184068
   -0.173574
   -0.161403
   -0.147671
   -0.132508
   -0.116063
  -0.0984894
  -0.0799617
  -0.0606545
  -0.0407623
  -0.0204733
  0.00681388
   0.0135766
   0.0202303
   0.0267002
   0.0329271
   0.0388438
   0.0443937
   0.0495195
   0.0541713
   0.0583015
   0.0618684
   0.0648378
   0.0671793
   0.0688717
   0.0698981
   0.0702476
   0.0699158
    0.068907
     0.06723
   0.0649039
    0.061952
   0.0584029
   0.0542918
   0.0496587
   0.0445496
   0.0390127
   0.0331023
   0.0268739
    0.020388
   0.0137046
  0.00688806
  -0.0163663
  -0.0325726
  -0.0484622
  -0.0638847
  -0.0786915
  -0.0927418
   -0.105901
   -0.118043
   -0.129053
   -0.138824
   -0.147263
   -0.154287
   -0.159829
   -0.163834
   -0.166262
    -0.16709
   -0.166309
   -0.163927
   -0.159965
   -0.154461
   -0.147466
   -0.139048
   -0.129287
   -0.118277
   -0.106124
  -0.0929451
  -0.0788661
  -0.0640252
  -0.0485625
  -0.0326336
  -0.0163895
  0.00621311
    0.012379
   0.0184457
   0.0243435
   0.0300185
    0.035409
    0.040463
    0.045128
   0.0493574
   0.0531083
   0.0563415
   0.0590285
   0.0611408
   0.0626634
   0.0635816
   0.0638862
   0.0635743
   0.0626489
   0.0611194
   0.0590009
   0.0563149
   0.0530874
   0.0493505
   0.0451397
   0.0404968
   0.0354653
    0.030094
   0.0244332
   0.0185372
    0.012461
  0.00626236
   -0.012598
  -0.0250751
  -0.0373113
  -0.0491888
  -0.0605932
  -0.0714152
  -0.0815509
  -0.0909035
  -0.0993841
    -0.10691
    -0.11341
    -0.11882
   -0.123088
   -0.126169
   -0.128033
   -0.128663
   -0.128052
   -0.126207
   -0.123143
   -0.118893
   -0.113496
   -0.107004
  -0.0994796
  -0.0909968
  -0.0816361
  -0.0714895
  -0.0606537
  -0.0492346
    -0.03734
  -0.0250898
  -0.0125997
  0.00565307
   0.0112581
   0.0167658
   0.0221162
   0.0272586
   0.0321401
   0.0367128
   0.0409313
   0.0447541
   0.0481426
   0.0510628
   0.0534881
   0.0553941
   0.0567661
   0.0575914
   0.0578619
   0.0575758
   0.0567353
   0.0553492
   0.0534305
   0.0509985
   0.0480762
    0.044692
   0.0408788
   0.0366734
   0.0321163
   0.0272517
   0.0221252
   0.0167858
   0.0112834
  0.00566996
 -0.00913861
  -0.0181902
  -0.0270689
  -0.0356877
  -0.0439644
  -0.0518175
  -0.0591721
  -0.0659549
  -0.0721006
  -0.0775495
  -0.0822495
   -0.086155
  -0.0892288
  -0.0914413
  -0.0927708
  -0.0932067
  -0.0927446
  -0.0913899
  -0.0891552
  -0.0860629
  -0.0821415
  -0.0774302
  -0.0719728
  -0.0658239
  -0.0590414
  -0.0516933
  -0.0438494
  -0.0355873
  -0.0269858
  -0.0181301
 -0.00910487
  0.00512359
   0.0101976
   0.0151749
   0.0200048
   0.0246402
   0.0290368
    0.033151
   0.0369451
   0.0403823
   0.0434288
   0.0460552
   0.0482366
   0.0499524
    0.051187
   0.0519296
   0.0521728
   0.0519152
   0.0511585
   0.0499106
   0.0481826
   0.0459918
   0.0433581
   0.0403067
   0.0368677
   0.0330738
    0.028963
    0.024575
   0.0199511
   0.0151357
   0.0101736
  0.00511159
 -0.00597916
  -0.0119015
  -0.0177113
  -0.0233497
  -0.0287642
   -0.033899
  -0.0387066
  -0.0431357
  -0.0471427
  -0.0506901
  -0.0537424
  -0.0562726
  -0.0582552
   -0.059675
  -0.0605177
  -0.0607783
  -0.0604548
  -0.0595512
  -0.0580764
  -0.0560449
   -0.053476
   -0.050395
  -0.0468303
  -0.0428179
   -0.038395
  -0.0336071
  -0.0284995
  -0.0231235
  -0.0175311
   -0.011776
  -0.0059147
  0.00460787
  0.00916859
   0.0136377
   0.0179734
   0.0221338
   0.0260791
   0.0297712
   0.0331756
     0.03626
   0.0389937
   0.0413507
   0.0433079
   0.0448466
   0.0459529
   0.0466165
   0.0468319
   0.0465977
   0.0459165
   0.0447957
   0.0432454
   0.0412815
   0.0389207
   0.0361856
   0.0331017
   0.0296978
   0.0260083
   0.0220682
   0.0179158
   0.0135904
  0.00913391
  0.00458814
 -0.00313531
 -0.00623419
 -0.00926583
  -0.0122005
  -0.0150096
  -0.0176673
  -0.0201486
  -0.0224294
  -0.0244876
  -0.0263047
   -0.027863
  -0.0291492
  -0.0301506
  -0.0308601
  -0.0312704
  -0.0313798
  -0.0311871
  -0.0306964
  -0.0299125
  -0.0288451
  -0.0275049
   -0.025905
  -0.0240606
  -0.0219897
  -0.0197117
  -0.0172491
  -0.0146255
  -0.0118656
 -0.00899635
  -0.0060436
  -0.0030363
  0.00411935
   0.0081944
   0.0121837
   0.0160542
   0.0197693
   0.0232928
   0.0265918
    0.029634
   0.0323912
   0.0348349
   0.0369422
   0.0386913
   0.0400652
   0.0410517
    0.041641
   0.0418297
   0.0416164
    0.041005
   0.0400027
   0.0386187
   0.0368679
   0.0347635
    0.032326
    0.029576
   0.0265387
   0.0232446
   0.0197241
    0.016013
   0.0121458
  0.00816201
   0.0040988
-0.000584368
 -0.00115071
 -0.00169078
 -0.00220167
 -0.00267617
 -0.00311523
 -0.00351418
 -0.00387276
 -0.00418814
 -0.00445884
 -0.00468271
 -0.00485912
 -0.00498657
 -0.00506545
 -0.00509493
 -0.00507602
 -0.00500786
 -0.00489469
 -0.00473698
 -0.00453952
 -0.00430488
 -0.00403484
 -0.00373275
 -0.00339991
 -0.00304007
 -0.00265516
 -0.00224949
 -0.00182447
 -0.00138461
-0.000931438
-0.000469403
  0.00366078
  0.00728219
   0.0108286
   0.0142684
   0.0175689
   0.0206987
   0.0236279
   0.0263283
   0.0287744
    0.030942
   0.0328107
   0.0343621
   0.0355818
   0.0364583
   0.0369839
   0.0371538
   0.0369673
   0.0364254
   0.0355337
    0.034301
   0.0327391
   0.0308622
   0.0286872
   0.0262357
   0.0235297
   0.0205988
   0.0174717
   0.0141785
   0.0107523
  0.00722425
   0.0036296
  0.00168633
  0.00337105
  0.00504182
   0.0066772
  0.00826352
  0.00978018
   0.0112131
   0.0125449
   0.0137626
   0.0148519
   0.0158022
   0.0166015
   0.0172418
   0.0177147
   0.0180151
   0.0181385
   0.0180835
    0.017849
   0.0174365
   0.0168509
   0.0160971
   0.0151844
   0.0141216
   0.0129203
   0.0115921
   0.0101508
     0.00861
   0.0069866
  0.00529614
  0.00355676
  0.00178539
  0.00323504
  0.00643524
   0.0095704
   0.0126098
   0.0155244
   0.0182867
   0.0208703
   0.0232506
   0.0254049
   0.0273134
   0.0289583
   0.0303247
   0.0314006
   0.0321753
    0.032643
   0.0327967
   0.0326361
    0.032159
   0.0313686
   0.0302738
   0.0288832
   0.0272128
   0.0252765
   0.0230978
   0.0206967
   0.0181024
   0.0153424
   0.0124416
  0.00943167
  0.00633511
  0.00318484
  0.00366125
  0.00730346
   0.0108962
   0.0143963
   0.0177715
    0.020984
   0.0240032
   0.0267962
   0.0293368
    0.031597
    0.033556
   0.0351911
    0.036487
   0.0374287
   0.0380069
   0.0382143
   0.0380476
   0.0375086
   0.0366005
   0.0353364
   0.0337275
   0.0317926
   0.0295507
   0.0270242
   0.0242382
   0.0212196
   0.0179973
   0.0146041
   0.0110726
  0.00743792
  0.00373548
  0.00283649
  0.00564262
  0.00839227
   0.0110584
   0.0136163
   0.0160408
   0.0183098
   0.0203999
   0.0222918
   0.0239662
    0.025407
   0.0266011
   0.0275367
   0.0282065
   0.0286043
   0.0287255
   0.0285686
   0.0281341
   0.0274245
   0.0264497
   0.0252191
   0.0237454
   0.0220431
   0.0201313
   0.0180291
    0.015761
   0.0133517
    0.010823
  0.00820291
  0.00550927
  0.00277089
  0.00534637
   0.0106572
    0.015887
    0.020974
    0.025871
   0.0305227
    0.034884
    0.038909
   0.0425582
   0.0457952
   0.0485884
   0.0509111
   0.0527408
    0.054061
   0.0548598
   0.0551277
   0.0548618
   0.0540641
   0.0527411
   0.0509085
   0.0485835
   0.0457911
   0.0425584
   0.0389179
   0.0349052
   0.0305588
   0.0259211
   0.0210369
   0.0159538
   0.0107195
  0.00538484
  0.00246548
  0.00490534
   0.0072974
  0.00961822
   0.0118472
   0.0139611
   0.0159415
   0.0177657
   0.0194171
   0.0208761
   0.0221276
   0.0231599
    0.023961
   0.0245274
   0.0248525
   0.0249348
   0.0247724
   0.0243692
   0.0237281
   0.0228604
   0.0217766
   0.0204864
   0.0190044
   0.0173447
   0.0155254
   0.0135657
   0.0114871
  0.00930853
  0.00705418
  0.00473776
   0.0023844
  0.00672577
   0.0134012
   0.0199684
   0.0263501
   0.0324876
   0.0383119
   0.0437663
   0.0487953
   0.0533482
   0.0573825
   0.0608574
   0.0637429
   0.0660102
   0.0676419
   0.0686236
   0.0689438
      0.0686
   0.0675943
    0.065936
   0.0636429
   0.0607367
   0.0572473
   0.0532082
   0.0486595
   0.0436456
   0.0382143
   0.0324184
   0.0263131
   0.0199583
   0.0134123
  0.00673835
  0.00214146
   0.0042573
  0.00632798
  0.00833391
   0.0102561
    0.012076
   0.0137762
   0.0153387
   0.0167477
   0.0179886
    0.019048
   0.0199174
   0.0205869
   0.0210539
   0.0213142
    0.021366
   0.0212092
   0.0208472
   0.0202843
   0.0195292
   0.0185916
   0.0174803
   0.0162084
   0.0147887
   0.0132376
   0.0115687
   0.0098008
   0.0079465
  0.00602447
  0.00404817
  0.00203641
  0.00781329
    0.015556
   0.0231555
   0.0305325
    0.037617
    0.044337
   0.0506276
   0.0564274
     0.06168
   0.0663351
   0.0703472
   0.0736789
   0.0762976
   0.0781807
    0.079311
   0.0796774
   0.0792767
   0.0781132
   0.0761981
    0.073552
    0.070201
   0.0661774
   0.0615208
   0.0562735
   0.0504858
   0.0442126
   0.0375142
   0.0304543
   0.0231005
   0.0155244
  0.00779851
  0.00184961
  0.00367245
  0.00545062
  0.00716762
  0.00880575
   0.0103507
   0.0117862
   0.0130994
   0.0142759
   0.0153068
   0.0161808
    0.016893
   0.0174366
   0.0178096
   0.0180101
    0.018036
   0.0178887
   0.0175704
   0.0170865
   0.0164423
   0.0156465
    0.014707
   0.0136348
   0.0124416
   0.0111423
  0.00974489
  0.00826503
  0.00670937
  0.00509108
  0.00342405
  0.00172146
  0.00859512
   0.0171038
   0.0254425
   0.0335323
   0.0412945
   0.0486557
   0.0555453
   0.0618974
   0.0676519
   0.0727524
   0.0771505
    0.080803
   0.0836745
   0.0857388
    0.086976
   0.0873756
   0.0869339
   0.0856567
   0.0835568
   0.0806564
   0.0769854
   0.0725774
    0.067477
   0.0617278
   0.0553845
   0.0485076
   0.0411623
   0.0334187
   0.0253495
   0.0170361
  0.00855711
  0.00155729
  0.00308991
  0.00458056
  0.00601741
  0.00738535
   0.0086722
  0.00986448
   0.0109526
   0.0119257
    0.012776
   0.0134955
   0.0140791
   0.0145219
    0.014823
   0.0149815
   0.0149968
   0.0148713
   0.0146057
    0.014205
   0.0136718
   0.0130131
   0.0122348
   0.0113451
   0.0103543
  0.00927309
   0.0081099
  0.00687632
   0.0055804
  0.00423348
  0.00284641
  0.00143137
  0.00905314
   0.0180167
   0.0268037
    0.035329
   0.0435098
   0.0512673
   0.0585263
    0.065218
   0.0712782
   0.0766494
   0.0812808
   0.0851275
   0.0881528
   0.0903284
   0.0916337
   0.0920568
    0.091594
   0.0902505
   0.0880397
    0.084984
   0.0811137
   0.0764655
   0.0710854
   0.0650225
   0.0583348
   0.0510865
   0.0433469
     0.03519
   0.0266931
   0.0179395
  0.00901247
  0.00127433
  0.00252715
  0.00374218
  0.00491262
  0.00602611
  0.00707259
  0.00804122
  0.00892531
  0.00971739
   0.0104097
   0.0109972
   0.0114737
   0.0118357
   0.0120826
   0.0122143
   0.0122311
   0.0121366
   0.0119289
   0.0116129
   0.0111881
   0.0106593
   0.0100306
  0.00930733
  0.00849842
  0.00761101
  0.00665486
  0.00563833
  0.00457195
    0.003466
  0.00232868
  0.00117123
  0.00921563
   0.0183412
   0.0272893
   0.0359713
   0.0443034
   0.0522039
    0.059596
   0.0664099
   0.0725794
   0.0780478
   0.0827628
   0.0866797
   0.0897614
   0.0919783
   0.0933096
   0.0937428
   0.0932743
   0.0919086
   0.0896594
   0.0865485
   0.0826063
   0.0778705
   0.0723872
    0.066209
   0.0593955
   0.0520121
   0.0441297
   0.0358238
   0.0271743
   0.0182633
  0.00917656
  0.00100008
    0.001987
  0.00294805
  0.00387558
  0.00475965
  0.00559216
  0.00636507
   0.0070719
   0.0077071
  0.00826369
  0.00873769
  0.00912415
  0.00942055
  0.00962565
  0.00973926
  0.00976131
  0.00969389
  0.00953598
   0.0092906
  0.00895781
  0.00854113
  0.00804362
  0.00746954
  0.00682538
  0.00611693
  0.00535176
  0.00453678
  0.00368049
  0.00279099
  0.00187567
 0.000943138
  0.00908716
   0.0180846
   0.0269056
   0.0354642
    0.043678
   0.0514673
    0.058757
   0.0654776
   0.0715642
   0.0769596
   0.0816121
   0.0854774
   0.0885189
   0.0907073
   0.0920221
   0.0924509
   0.0919902
   0.0906445
   0.0884272
     0.08536
   0.0814726
   0.0768025
    0.071395
   0.0653021
   0.0585825
   0.0513006
   0.0435266
   0.0353346
   0.0268034
   0.0180142
  0.00905135
 0.000743867
  0.00148418
  0.00221198
   0.0029185
  0.00359595
  0.00423772
  0.00483808
  0.00539015
  0.00588978
   0.0063303
  0.00670848
  0.00702023
  0.00726371
  0.00743666
  0.00753866
  0.00756871
  0.00752756
  0.00741502
  0.00723269
  0.00698163
  0.00666437
   0.0062835
  0.00584252
   0.0053456
   0.0047973
  0.00420287
  0.00356764
  0.00289788
  0.00219949
  0.00147932
 0.000743658
   0.0086655
   0.0172446
   0.0256542
   0.0338136
   0.0416443
   0.0490711
   0.0560228
   0.0624324
   0.0682386
   0.0733855
    0.077824
   0.0815114
   0.0844128
   0.0865003
   0.0877545
   0.0881633
   0.0877235
   0.0864397
   0.0843244
   0.0813985
   0.0776905
   0.0732361
   0.0680785
   0.0622677
   0.0558593
   0.0489154
   0.0415023
   0.0336912
   0.0255567
   0.0171765
  0.00863038
 0.000520725
   0.0010461
  0.00157076
  0.00208584
  0.00258602
  0.00306438
  0.00351645
  0.00393594
  0.00431923
  0.00466074
  0.00495756
  0.00520597
  0.00540399
  0.00554944
  0.00564142
  0.00567881
  0.00566163
  0.00558964
  0.00546367
  0.00528449
  0.00505373
  0.00477334
  0.00444568
  0.00407386
  0.00366109
  0.00321148
  0.00272895
  0.00221858
  0.00168501
  0.00113383
 0.000570202
  0.00795143
   0.0158236
   0.0235404
   0.0310277
   0.0382135
   0.0450285
   0.0514074
   0.0572889
   0.0626164
   0.0673388
    0.071411
   0.0747937
   0.0774547
   0.0793687
   0.0805175
   0.0808905
   0.0804843
   0.0793034
   0.0773596
   0.0746718
   0.0712664
   0.0671765
   0.0624416
   0.0571077
   0.0512264
   0.0448548
   0.0380543
   0.0308903
   0.0234317
   0.0157483
  0.00791375
 0.000329654
 0.000671641
  0.00102391
  0.00137726
  0.00172855
  0.00207021
  0.00239878
  0.00270832
  0.00299555
  0.00325583
  0.00348638
  0.00368369
  0.00384557
  0.00396987
  0.00405521
  0.00410042
  0.00410481
  0.00406807
  0.00399029
  0.00387193
  0.00371375
  0.00351716
  0.00328362
  0.00301543
  0.00271478
    0.002385
  0.00202896
  0.00165094
  0.00125462
 0.000844511
 0.000424863
  0.00694459
   0.0138199
   0.0205596
   0.0270987
   0.0333744
   0.0393262
    0.044897
   0.0500332
   0.0546856
   0.0588095
   0.0623653
   0.0653188
   0.0676419
   0.0693124
   0.0703142
   0.0706383
   0.0702816
   0.0692483
   0.0675484
   0.0651989
   0.0622227
    0.058649
   0.0545122
   0.0498528
   0.0447156
   0.0391512
   0.0332134
   0.0269594
   0.0204498
   0.0137442
   0.0069077
 0.000183259
  0.00038233
 0.000597102
 0.000820117
  0.00104934
  0.00127871
  0.00150555
  0.00172462
  0.00193307
  0.00212668
  0.00230276
  0.00245806
  0.00259029
  0.00269721
  0.00277711
  0.00282865
  0.00285069
  0.00284263
    0.002804
  0.00273485
  0.00263532
  0.00250632
  0.00234866
  0.00216405
  0.00195402
  0.00172106
  0.00146735
  0.00119615
  0.00091029
 0.000613417
 0.000308713
  0.00564742
   0.0112375
   0.0167163
   0.0220315
   0.0271319
   0.0319688
   0.0364957
   0.0406694
   0.0444496
   0.0478004
   0.0506894
   0.0530892
   0.0549765
   0.0563333
   0.0571467
    0.057409
   0.0571178
   0.0562764
   0.0548929
   0.0529817
   0.0505614
    0.047656
   0.0442936
   0.0405074
   0.0363338
   0.0318133
   0.0269898
   0.0219089
     0.01662
    0.011171
  0.00561491
 7.62022e-05
  0.00017019
 0.000283182
  0.00040913
 0.000546859
  0.00069178
 0.000841884
 0.000992608
  0.00114149
  0.00128463
  0.00141942
  0.00154286
  0.00165257
  0.00174626
  0.00182193
  0.00187809
  0.00191325
  0.00192658
  0.00191716
  0.00188474
  0.00182895
  0.00175039
   0.0016494
  0.00152726
  0.00138505
  0.00122457
  0.00104749
 0.000856249
 0.000652995
 0.000440752
 0.000221884
  0.00405707
  0.00807206
   0.0120061
   0.0158224
    0.019484
   0.0229566
   0.0262065
   0.0292031
   0.0319172
   0.0343233
   0.0363979
   0.0381215
   0.0394773
   0.0404523
    0.041037
   0.0412258
    0.041017
   0.0404126
   0.0394185
   0.0380453
   0.0363065
   0.0342195
   0.0318047
   0.0290858
   0.0260895
   0.0228442
   0.0193816
   0.0157338
   0.0119364
  0.00802359
  0.00403334
 2.39609e-05
 6.16698e-05
 0.000114346
 0.000179941
 0.000257656
 0.000345229
  0.00044091
  0.00054183
 0.000645696
 0.000749641
 0.000851175
 0.000947765
  0.00103706
   0.0011169
  0.00118526
   0.0012405
  0.00128104
  0.00130577
  0.00131365
  0.00130409
  0.00127662
  0.00123133
  0.00116841
  0.00108859
 0.000992678
 0.000881925
 0.000757686
 0.000621724
 0.000475813
 0.000322147
 0.000162702
  0.00217013
  0.00431829
  0.00642381
  0.00846681
   0.0104275
   0.0122874
   0.0140285
   0.0156343
   0.0170892
   0.0183794
   0.0194924
   0.0204175
   0.0211459
   0.0216704
    0.021986
   0.0220897
   0.0219802
   0.0216589
   0.0211286
   0.0203948
   0.0194648
   0.0183477
   0.0170545
   0.0155976
   0.0139916
   0.0122515
   0.0103945
  0.00843795
  0.00640104
  0.00430237
  0.00216256
 1.95319e-06
 3.88019e-06
 5.17834e-06
 6.40692e-06
 7.17691e-06
 7.85505e-06
 8.19966e-06
 8.45174e-06
 8.46713e-06
 8.40343e-06
 8.17398e-06
  7.8844e-06
 7.48435e-06
  7.0432e-06
  6.5377e-06
 6.00801e-06
 5.45256e-06
  4.8872e-06
 4.33109e-06
 3.77662e-06
 3.26043e-06
 2.75464e-06
 2.30499e-06
 1.87142e-06
 1.50309e-06
 1.15319e-06
 8.72547e-07
 6.08975e-07
 4.14019e-07
 2.31038e-07
 1.13391e-07
-3.83103e-07
-7.66207e-07
-7.61469e-07
 -7.5673e-07
-7.05946e-07
-6.55161e-07
-5.84146e-07
 -5.1313e-07
-4.22908e-07
-3.32686e-07
-2.35499e-07
-1.38313e-07
-4.00429e-08
 5.82269e-08
 1.75779e-07
 2.93331e-07
 4.62605e-07
  6.3188e-07
 8.54313e-07
 1.07675e-06
 1.24993e-06
 1.42312e-06
 1.49771e-06
  1.5723e-06
 1.49448e-06
 1.41667e-06
 1.17259e-06
 9.28518e-07
 4.50403e-07
-2.77124e-08
-1.38562e-08
