0.09802000000000001
0.0956246
0.0932576
0.0909169
0.0886032
0.0863167
0.0840573
0.0818257
0.0796222
0.0774469
0.0753012
0.0731872
0.0711035
0.06905030000000001
0.0670267
0.06502999999999999
0.0630607
0.061117099999999994
0.059200499999999996
0.0573126
0.055453499999999996
0.053619799999999995
0.051815599999999996
0.0500447
0.0483061
0.046603
0.0449338
0.0432999
0.041699900000000005
0.0401341
0.038603
0.03710719999999999
0.035644800000000004
0.034206400000000005
0.0327917
0.031394200000000004
0.0300202
0.028679800000000002
0.027370799999999997
0.026098000000000003
0.0248571
0.0236457
0.022462799999999998
0.021306400000000003
0.0201764
0.0190682
0.0179849
0.016923
0.0158887
0.0148936
0.0139364
0.013022299999999999
0.0121432
0.0112777
0.0104385
0.00963959
0.00887842
0.00815118
0.00745848
0.00681716
0.00621577
0.00565412
0.0051231
0.00460705
0.00411813
0.00365965
0.00323394
0.00283554
0.0024648000000000005
0.00213976
0.00184694
0.00155497
0.0012725
0.0009999260000000002
0.000745578
0.000523804
0.00033406699999999996
0.000187945
8.09842e-05
2.73532e-05
1.1148000000000001e-06
