0.09802000000000001
0.0956246
0.0932576
0.0909169
0.0886032
0.0863168
0.08405739999999999
0.0818257
0.07962230000000001
0.077447
0.0753013
0.0731872
0.0711034
0.06905
0.0670263
0.06502949999999999
0.0630603
0.06111669999999999
0.0592
0.057312
0.0554529
0.05361950000000001
0.051815599999999996
0.0500449
0.0483066
0.0466036
0.0449345
0.0433005
0.0417005
0.0401346
0.038603399999999996
0.0371077
0.0356455
0.0342073
0.032792800000000004
0.031396
0.0300225
0.028682299999999997
0.0273733
0.026100099999999998
0.0248587
0.0236468
0.0224633
0.0213062
0.0201756
0.0190672
0.017983700000000002
0.0169221
0.0158881
0.014893100000000001
0.0139362
0.0130215
0.012142
0.0112776
0.0104396
0.00964154
0.00888124
0.008154999999999999
0.00746326
0.00682166
0.00621991
0.00565678
0.00512421
0.0046078000000000004
0.00411858
0.00366071
0.00323568
0.00283777
0.00246739
0.00214138
0.00184753
0.00155552
0.00127287
0.00100053
0.0007462360000000001
0.00052412
0.000334075
0.00018711599999999998
7.9497e-05
2.49881e-05
7.127460000000001e-07
