0.09802000000000001
0.0956246
0.0932576
0.0909169
0.0886032
0.0863168
0.0840573
0.0818257
0.0796222
0.0774469
0.0753012
0.07318730000000001
0.07110369999999999
0.0690506
0.0670273
0.06503049999999999
0.0630613
0.061117700000000004
0.059201
0.0573131
0.05545409999999999
0.05362000000000001
0.0518153
0.0500442
0.0483055
0.0466025
0.0449334
0.043299800000000006
0.0417001
0.040134500000000004
0.0386036
0.0371082
0.035646199999999996
0.034208300000000004
0.0327939
0.0313957
0.0300209
0.028680200000000003
0.027370799999999997
0.0260981
0.0248572
0.0236457
0.022462700000000002
0.0213062
0.020176200000000002
0.019067599999999997
0.017983900000000004
0.016921099999999998
0.0158859
0.014890200000000001
0.0139326
0.013019399999999999
0.012141500000000001
0.0112754
0.010435799999999999
0.00963664
0.00887523
0.00814762
0.0074545
0.00681388
0.00621311
0.00565307
0.00512359
0.00460787
0.00411935
0.00366078
0.00323504
0.00283649
0.00246548
0.00214146
0.00184961
0.00155729
0.00127433
0.00100008
0.0007438669999999999
0.000520725
0.000329654
0.00018325900000000002
7.62022e-05
2.3960900000000003e-05
1.9531900000000004e-06
