Residual: 
17.5135
10.4571
6.79121
4.75307
3.54609
2.78742
2.28469
1.93637
1.68604
1.50064
1.35989
1.25075
1.16458
1.09541
1.03908
0.992562
0.953672
0.920775
0.892641
0.868333
0.847131
0.828474
0.811918
0.797114
0.78378
0.77169
0.760658
0.750533
0.741189
0.732523
0.724447
0.716887
0.709781
0.703075
0.696723
0.690688
0.684933
0.679431
0.674154
0.669081
0.664192
0.659469
0.654896
0.65046
0.646148
0.64195
0.637856
0.633857
0.629945
0.626114
0.622356
0.618667
0.61504
0.611472
0.607957
0.604494
0.601076
0.597703
0.59437
0.591076
0.587817
0.584592
0.5814
0.578237
0.575103
0.571997
0.568916
0.56586
0.562828
0.559819
0.556831
0.553865
0.550919
0.547994
0.545087
0.5422
0.539331
0.53648
0.533647
0.530832
0.528033
0.525252
0.522487
0.51974
0.517008
0.514293
0.511595
0.508912
0.506245
0.503595
0.50096
0.498342
0.495739
0.493152
0.490581
0.488025
0.485485
0.482962
0.480453
0.477961
0.475484
0.473022
0.470576
0.468146
0.465731
0.463331
0.460947
0.458578
0.456224
0.453885
0.451562
0.449252
0.446958
0.444679
0.442414
0.440164
0.437928
0.435705
0.433498
0.431304
0.429124
0.426957
0.424804
0.422664
0.420537
0.418424
0.416323
0.414235
0.412159
0.410095
0.408044
0.406005
0.403977
0.401961
0.399957
0.397964
0.395982
0.394011
0.39205
0.390101
0.388161
0.386233
0.384314
0.382406
0.380507
0.378618
0.376739
0.374869
0.373009
0.371157
0.369316
0.367483
0.365659
0.363843
0.362037
0.360239
0.35845
0.356669
0.354896
0.353132
0.351376
0.349628
0.347888
0.346157
0.344433
0.342717
0.341009
0.339309
0.337617
0.335932
0.334255
0.332586
0.330925
0.329271
0.327624
0.325986
0.324355
0.322731
0.321115
0.319507
0.317906
0.316313
0.314727
0.313149
0.311578
0.310015
0.308459
0.306911
0.30537
0.303837
0.302311
0.300793
0.299283
0.297779
0.296284
0.294795
0.293315
0.291842
0.290376
0.288918
0.287467
0.286024
0.284588
0.283159
0.281739
0.280325
0.278919
0.277521
0.27613
0.274746
0.27337
0.272001
0.270639
0.269285
0.267938
0.266598
0.265265
0.26394
0.262622
0.261311
0.260008
0.258711
0.257422
0.25614
0.254864
0.253596
0.252335
0.25108
0.249833
0.248592
0.247359
0.246132
0.244911
0.243698
0.242491
0.24129
0.240097
0.238909
0.237729
0.236555
0.235387
0.234225
0.23307
0.231921
0.230779
0.229642
0.228511
0.227387
0.226269
0.225156
0.22405
0.222949
0.221855
0.220766
0.219683
0.218605
0.217533
0.216467
0.215407
0.214352
0.213302
0.212258
0.211219
0.210186
0.209157
0.208134
0.207117
0.206104
0.205097
0.204094
0.203097
0.202105
0.201118
0.200135
0.199158
0.198185
0.197217
0.196254
0.195295
0.194342
0.193393
0.192449
0.191509
0.190574
0.189643
0.188717
0.187795
0.186878
0.185965
0.185056
0.184152
0.183252
0.182357
0.181465
0.180578
0.179695
0.178817
0.177942
0.177072
0.176205
0.175342
0.174485
0.17363
0.17278
0.171934
0.171091
0.170253
0.169418
0.168588
0.167761
0.166938
0.166119
0.165303
0.164492
0.163684
0.16288
0.162079
0.161283
0.16049
0.159701
0.158915
0.158133
0.157354
0.15658
0.155808
0.155041
0.154277
0.153516
0.152759
0.152005
0.151255
0.150509
0.149765
0.149025
0.148289
0.147556
0.146827
0.1461
0.145377
0.144658
0.143942
0.143229
0.14252
0.141814
0.141111
0.140412
0.139715
0.139022
0.138332
0.137645
0.136962
0.136281
0.135604
0.13493
0.13426
0.133592
0.132928
0.132266
0.131608
0.130953
0.130301
0.129652
0.129006
0.128363
0.127723
0.127086
0.126453
0.125822
0.125194
0.124569
0.123947
0.123328
0.122713
0.122099
0.121489
0.120882
0.120278
0.119677
0.119078
0.118482
0.11789
0.1173
0.116713
0.116129
0.115548
0.114969
0.114393
0.11382
0.11325
0.112683
0.112118
0.111556
0.110997
0.110441
0.109887
0.109336
0.108788
0.108242
0.107699
0.107159
0.106621
0.106086
0.105554
0.105024
0.104497
0.103973
0.103451
0.102932
0.102415
0.101901
0.101389
0.10088
0.100374
0.0998697
0.0993682
0.0988691
0.0983729
0.0978791
0.0973872
0.0968985
0.096412
0.0959279
0.0954463
0.0949669
0.09449
0.0940156
0.0935438
0.0930742
0.0926072
0.0921422
0.0916798
0.0912196
0.090762
0.0903064
0.0898532
0.0894023
0.0889539
0.0885078
0.0880639
0.0876222
0.0871825
0.0867455
0.0863104
0.085878
0.0854474
0.0850191
0.0845929
0.0841689
0.0837471
0.0833279
0.0829103
0.082495
0.0820818
0.0816708
0.0812621
0.0808552
0.0804504
0.0800479
0.0796472
0.0792489
0.0788522
0.0784582
0.0780656
0.0776755
0.0772868
0.0769008
0.0765166
0.076134
0.0757534
0.0753751
0.0749988
0.0746239
0.0742513
0.0738805
0.0735116
0.0731445
0.07278
0.0724166
0.0720551
0.0716956
0.0713379
0.0709819
0.0706281
0.0702762
0.0699256
0.0695768
0.0692303
0.0688852
0.0685417
0.0682001
0.0678605
0.0675222
0.0671857
0.066851
0.0665181
0.0661867
0.0658576
0.0655292
0.0652031
0.0648785
0.0645553
0.064234
0.0639142
0.0635959
0.0632793
0.0629642
0.062651
0.0623392
0.0620289
0.0617198
0.0614128
0.0611071
0.0608027
0.0605
0.0601991
0.0598992
0.0596013
0.0593046
0.0590092
0.0587157
0.0584235
0.0581323
0.057843
0.0575549
0.0572686
0.0569832
0.0566994
0.0564171
0.0561361
0.0558565
0.0555783
0.0553016
0.0550257
0.0547517
0.0544787
0.0542072
0.0539369
0.0536683
0.0534006
0.0531342
0.0528693
0.0526055
0.0523432
0.052082
0.0518221
0.0515635
0.0513062
0.05105
0.0507952
0.0505415
0.0502889
0.0500378
0.0497877
0.0495391
0.0492913
0.0490452
0.0488002
0.0485559
0.0483128
0.0480715
0.0478311
0.0475918
0.0473535
0.0471164
0.0468807
0.0466459
0.0464123
0.04618
0.0459486
0.0457183
0.0454893
0.0452609
0.0450343
0.0448082
0.0445838
0.0443599
0.0441373
0.0439159
0.0436955
0.0434762
0.043258
0.0430408
0.0428246
0.0426096
0.0423955
0.0421823
0.0419705
0.0417595
0.0415496
0.0413408
0.0411328
0.0409261
0.0407201
0.0405155
0.0403113
0.0401088
0.0399069
0.039706
0.0395061
0.0393069
0.0391093
0.0389124
0.0387162
0.0385215
0.0383273
0.0381341
0.0379422
0.0377513
0.0375606
0.0373716
0.0371833
0.0369959
0.0368094
0.0366237
0.0364392
0.0362555
0.0360727
0.035891
0.0357101
0.0355297
0.0353508
0.0351725
0.034995
0.0348184
0.0346427
0.0344683
0.0342942
0.0341213
0.0339493
0.0337782
0.0336078
0.0334383
0.0332697
0.0331019
0.0329348
0.0327688
0.0326032
0.0324389
0.0322754
0.0321129
0.0319509
0.0317898
0.0316292
0.0314699
0.0313111
0.0311535
0.0309964
0.0308402
0.0306848
0.0305302
0.0303763
0.0302231
0.0300706
0.0299193
0.0297687
0.0296187
0.0294693
0.029321
0.0291731
0.0290264
0.02888
0.0287347
0.0285901
0.0284461
0.028303
0.0281605
0.0280187
0.0278776
0.0277372
0.0275976
0.0274589
0.0273205
0.0271834
0.0270468
0.0269108
0.0267754
0.0266403
0.0265069
0.0263736
0.0262411
0.026109
0.025978
0.0258472
0.0257173
0.0255881
0.0254599
0.0253317
0.0252047
0.0250779
0.0249521
0.0248269
0.0247022
0.0245781
0.0244549
0.024332
0.0242099
0.0240883
0.0239674
0.0238471
0.0237275
0.0236086
0.0234902
0.0233721
0.0232551
0.0231384
0.0230225
0.0229071
0.0227923
0.0226777
0.0225644
0.0224512
0.0223385
0.0222265
0.0221154
0.0220043
0.021894
0.0217846
0.0216753
0.0215664
0.0214585
0.0213509
0.0212439
0.0211375
0.0210316
0.0209261
0.0208212
0.0207171
0.0206131
0.0205099
0.0204071
0.020305
0.0202031
0.0201019
0.0200012
0.019901
0.0198013
0.0197023
0.0196034
0.019505
0.0194075
0.0193102
0.0192137
0.0191172
0.0190216
0.0189258
0.0188313
0.0187369
0.0186428
0.0185493
0.0184564
0.0183639
0.0182721
0.0181802
0.0180891
0.0179984
0.017908
0.0178183
0.0177286
0.0176397
0.0175517
0.0174632
0.0173758
0.0172886
0.0172017
0.0171153
0.0170294
0.0169439
0.0168587
0.0167745
0.0166902
0.0166062
0.0165227
0.01644
0.0163572
0.0162751
0.0161932
0.0161117
0.0160308
0.0159502
0.0158698
0.0157901
0.0157107
0.0156314
0.0155531
0.015475
0.015397
0.0153197
0.0152425
0.0151656
0.0150893
0.0150133
0.0149376
0.0148623
0.0147875
0.0147126
0.0146391
0.0145651
0.0144915
0.0144184
0.014346
0.0142734
0.0142016
0.0141297
0.0140587
0.0139877
0.0139169
0.0138465
0.0137764
0.013707
0.0136379
0.013569
0.0135005
0.0134325
0.0133647
0.0132969
0.0132295
0.0131629
0.013096
0.0130301
0.0129642
0.0128986
0.0128334
0.0127683
0.0127038
0.0126394
0.0125756
0.0125119
0.0124487
0.0123858
0.0123229
0.0122607
0.0121988
0.0121366
0.0120754
0.0120142
0.0119537
0.011893
0.0118325
0.0117729
0.0117133
0.0116539
0.0115947
0.0115362
0.0114775
0.0114195
0.0113614
0.011304
0.0112467
0.0111899
0.0111331
0.0110765
0.0110204
0.0109646
0.0109088
0.0108536
0.0107986
0.010744
0.0106895
0.0106355
0.0105815
0.010528
0.0104744
0.0104216
0.0103688
0.0103164
0.0102642
0.0102119
0.0101602
0.0101089
0.0100579
0.0100067
0.00995618
0.0099056
0.00985563
0.00980589
0.00975616
0.00970672
0.00965775
0.00960908
0.00956018
0.009512
0.00946392
0.00941627
0.00936851
0.0093212
0.00927408
0.00922715
0.00918072
0.00913421
0.00908823
0.00904232
0.00899642
0.00895122
0.00890606
0.00886139
0.00881661
0.00877211
0.00872783
0.00868407
0.00864016
0.00859662
0.00855342
0.00851035
0.0084675
0.00842477
0.00838274
0.00834021
0.00829859
0.00825694
0.00821512
0.00817397
0.00813281
0.0080921
0.00805166
0.00801143
0.00797105
0.00793134
0.0078915
0.00785164
0.00781247
0.00777338
0.00773446
0.00769554
0.00765716
0.00761904
0.00758093
0.00754301
0.00750521
0.00746789
0.00743071
0.00739338
0.0073567
0.00731999
0.00728351
0.0072473
0.00721111
0.00717516
0.00713936
0.00710394
0.00706873
0.00703349
0.00699849
0.00696366
0.00692921
0.00689478
0.00686063
0.00682637
0.00679252
0.00675883
0.00672552
0.00669208
0.00665883
0.0066263
0.00659322
0.00656063
0.00652832
0.006496
0.00646389
0.00643188
0.00640022
0.00636871
0.00633725
0.00630598
0.00627486
0.00624395
0.00621328
0.00618267
0.00615215
0.00612192
0.00609143
0.00606198
0.00603204
0.00600226
0.00597328
0.00594392
0.00591439
0.00588532
0.00585662
0.00582801
0.00579963
0.00577105
0.00574265
0.00571447
0.0056866
0.00565887
0.00563105
0.00560368
0.00557638
0.00554907
0.00552197
0.00549511
0.00546852
0.0054417
0.0054152
0.00538894
0.00536248
0.00533648
0.00531061
0.0052848
0.00525884
0.00523356
0.00520812
0.00518263
0.00515753
0.00513273
0.00510765
0.00508301
0.00505819
0.00503367
0.00500955
0.00498517
0.00496112
0.004937
0.00491299
0.00488943
0.00486583
0.00484246
0.00481892
0.00479572
0.00477268
0.00474944
0.00472674
0.00470377
0.00468129
0.00465847
0.00463617
0.00461396
0.00459161
0.00456958
0.00454773
0.00452591
0.0045042
0.00448234
0.00446076
0.00443969
0.00441822
0.00439706
0.00437636
0.00435485
0.00433427
0.00431357
0.00429274
0.00427217
0.00425184
0.00423143
0.00421145
0.00419115
0.00417122
0.00415125
0.00413144
0.00411173
0.00409212
0.00407247
0.00405303
0.00403369
0.00401462
0.0039955
0.00397635
0.00395758
0.00393877
0.00392008
0.00390126
0.00388308
0.00386436
0.00384601
0.00382789
0.00380978
0.00379161
0.0037736
0.00375587
0.00373785
0.00372007
0.00370263
0.00368505
0.00366748
0.00365016
0.0036329
0.00361579
0.0035988
0.00358164
0.00356491
0.00354804
0.00353127
0.00351447
0.00349786
0.00348157
0.00346504
0.00344866
0.00343247
0.00341634
0.00340004
0.00338416
0.00336846
0.00335228
0.00333645
0.00332084
0.00330515
0.00328963
0.00327456
0.00325891
0.00324356
0.0032283
0.00321327
0.00319817
0.0031831
0.00316813
0.00315333
0.00313848
0.00312367
0.00310906
0.00309445
0.00307996
0.00306539
0.00305127
0.00303697
0.00302264
0.00300859
0.00299454
0.0029805
0.00296635
0.00295247
0.00293869
0.00292515
0.00291143
0.00289775
0.00288431
0.0028707
0.00285723
0.00284415
0.00283064
0.00281751
0.00280438
0.00279143
0.00277843
0.00276528
0.00275237
0.00273964
0.00272684
0.00271418
0.0027014
0.00268883
0.00267619
0.0026638
0.00265145
0.00263914
0.00262683
0.00261428
0.00260232
0.00259025
0.00257822
0.0025662
0.00255423
0.00254225
0.00253054
0.00251866
0.00250703
0.00249535
0.00248369
0.00247243
0.00246085
0.00244936
0.00243785
0.0024265
0.0024156
0.00240418
0.00239296
0.00238176
0.0023709
0.00235982
0.0023488
0.0023379
0.0023272
0.00231619
0.00230544
0.00229511
0.0022843
0.0022736
0.00226317
0.00225259
0.00224187
0.0022316
0.0022213
0.00221127
0.00220089
0.00219075
0.00218057
0.00217025
0.00216042
0.00215046
0.00214046
0.00213056
0.00212059
0.00211085
0.00210112
0.00209131
0.0020816
0.00207188
0.00206255
0.00205308
0.00204353
0.00203383
0.00202453
0.00201536
0.00200591
0.00199665
0.00198745
0.00197827
0.00196913
0.0019599
0.00195069
0.00194182
0.00193292
0.00192395
0.00191505
0.00190638
0.0018976
0.00188867
0.00188002
0.0018714
0.00186281
0.00185413
0.00184558
0.00183721
0.0018287
0.00182045
0.00181192
0.00180352
0.00179525
0.00178706
0.00177874
0.00177055
0.0017625
0.00175436
0.00174622
0.00173825
0.00173022
0.00172232
0.0017145
0.00170646
0.00169873
0.00169078
0.00168313
0.00167521
0.00166775
0.00166002
0.00165245
0.00164492
0.00163739
0.00162973
0.00162237
0.00161487
0.00160753
0.00160006
0.00159294
0.00158553
0.0015784
0.00157105
0.00156392
0.0015567
0.0015498
0.00154245
0.00153554
0.00152826
0.00152158
0.00151452
0.00150779
0.00150067
0.00149395
0.00148713
0.00148027
0.00147349
0.00146674
0.00146022
0.00145356
0.00144674
0.00144041
0.00143386
0.00142713
0.00142077
0.00141432
0.00140784
0.00140144
0.0013952
0.00138888
0.00138241
0.00137639
0.00137004
0.00136385
0.00135776
0.00135157
0.00134533
0.00133932
0.00133325
0.00132725
0.00132112
0.0013152
0.00130923
0.00130334
0.00129751
0.00129158
0.00128581
0.00127998
0.0012741
0.00126862
0.00126265
0.0012572
0.00125134
0.00124588
0.00124008
0.00123457
0.00122902
0.00122364
0.001218
0.00121267
0.00120712
0.00120158
0.00119639
0.00119091
0.00118571
0.00118023
0.00117512
0.00116982
0.00116473
0.00115946
0.00115432
0.00114887
0.00114393
0.0011387
0.00113373
0.00112852
0.00112355
0.00111863
0.00111368
0.00110864
0.00110349
0.00109878
0.00109385
0.00108896
0.00108416
0.00107951
0.00107459
0.00106977
0.00106509
0.00106043
0.00105563
0.00105086
0.00104632
0.00104168
0.00103693
0.00103242
0.00102796
0.00102344
0.00101887
0.00101436
0.00100995
0.00100553
0.00100097
0.000996494
0.000992229
0.0009878
0.000983396
0.000979096
0.000974817
0.000970516
0.00096627
0.000962047
0.00095781
0.000953563
0.000949278
0.00094527
0.00094111
0.000936978
0.000932816
0.000928671
0.000924722
0.000920797
0.000916588
0.000912619
0.000908725
0.00090471
0.000900757
0.000896821
0.000892841
0.000889003
0.000885128
0.000881378
0.000877391
0.000873552
0.000869824
0.000865987
0.000862112
0.000858508
0.000854835
0.000850992
0.00084735
0.000843735
0.00084005
0.000836445
0.000832708
0.000829159
0.000825588
0.000821972
0.000818342
0.000814883
0.000811415
0.000807927
0.000804345
0.000800901
0.000797557
0.000794018
0.000790561
0.000787118
0.000783788
0.000780435
0.000777033
0.000773607
0.000770298
0.000766994
0.000763777
0.00076039
0.000757246
0.000753932
0.00075075
0.000747464
0.000744191
0.000741122
0.000737922
0.000734724
0.000731631
0.000728562
0.000725367
0.000722291
0.000719051
0.000716114
0.000713073
0.000709941
0.000706891
0.000703949
0.000700997
0.000697934
0.000695036
0.000692107
0.000689025
0.000686066
0.000683258
0.000680373
0.000677376
0.00067455
0.000671664
0.000668904
0.000665936
0.000663176
0.000660449
0.000657659
0.000654774
0.000651899
0.00064928
0.000646544
0.000643806
0.000640984
0.000638347
0.000635651
0.000632908
0.0006302
0.000627588
0.000624914
0.000622316
0.000619766
0.000617028
0.000614505
0.000611844
0.00060924
0.000606759
0.00060408
0.000601739
0.000599068
0.000596583
0.000594054
0.000591627
0.00058918
0.000586645
0.000584213
0.000581718
0.000579409
0.000576909
0.000574575
0.000572018
0.000569657
0.000567317
0.000564847
0.000562645
0.000560119
0.000557929
0.000555495
0.000553156
0.000550902
0.000548611
0.000546314
0.000544045
0.000541759
0.000539495
0.000537236
0.000534985
0.000532766
0.000530728
0.000528411
0.000526049
0.000524026
0.000521856
0.000519664
0.000517529
0.000515387
0.000513197
0.000511083
0.000509024
0.000506817
0.000504673
0.000502573
0.000500558
0.000498493
0.00049642
0.000494456
0.000492305
0.000490235
0.000488166
0.000486205
0.000484226
0.00048215
0.000480152
0.000478275
0.000476255
0.000474263
0.000472407
0.000470409
0.000468538
0.000466564
0.000464681
0.000462748
0.00046088
0.000458958
0.000457066
0.000455151
0.000453265
0.00045146
0.000449623
0.000447776
0.000445895
0.000444039
0.000442247
0.000440439
0.000438632
0.000436904
0.000435134
0.000433289
0.000431457
0.000429794
0.000428007
0.000426251
0.000424477
0.000422766
0.00042104
0.000419263
0.000417581
0.000415849
0.00041413
0.000412506
0.000410796
0.000409122
0.000407512
0.00040583
0.000404169
0.000402495
0.000400892
0.00039927
0.000397598
0.000395989
0.000394369
0.00039282
0.000391233
0.0003896
0.000388093
0.000386504
0.000384993
0.000383412
0.000381875
0.00038023
0.00037884
0.00037713
0.000375662
0.000374149
0.000372582
0.000371123
0.00036964
0.000368157
0.000366668
0.000365173
0.000363714
0.000362237
0.000360721
0.000359251
0.000357905
0.000356413
0.000354957
0.000353565
0.000352147
0.00035066
0.000349236
0.000347832
0.000346359
0.00034498
0.000343638
0.000342283
0.000340851
0.000339515
0.0003381
0.000336813
0.000335411
0.000334107
0.000332733
0.000331318
0.00033018
0.000328823
0.000327479
0.000326105
0.000324863
0.000323526
0.000322254
0.000320951
0.000319633
0.000318368
0.000317184
0.000315839
0.000314572
0.000313283
0.000312064
0.000310768
0.000309559
0.000308342
0.000307095
0.000305826
0.000304664
0.000303424
0.000302233
0.000300987
0.000299756
0.000298576
0.000297383
0.00029619
0.000295007
0.000293823
0.000292586
0.000291554
0.000290298
0.000289127
0.000287923
0.000286791
0.000285758
0.000284549
0.000283402
0.000282275
0.000281195
0.000280058
0.000278915
0.000277855
0.000276695
0.000275672
0.000274499
0.000273375
0.000272404
0.000271239
0.000270252
0.000269002
0.000268111
0.000266977
0.000265864
0.000264885
0.000263758
0.000262721
0.000261631
0.000260632
0.000259616
0.00025857
0.000257589
0.000256568
0.000255494
0.000254488
0.000253477
0.000252438
0.000251542
0.000250494
0.000249407
0.000248453
0.00024755
0.000246511
0.000245543
0.000244538
0.000243601
0.000242608
0.000241644
0.000240655
0.000239724
0.00023879
0.000237761
0.000236884
0.000235923
0.000235045
0.000234048
0.000233157
0.000232249
0.000231318
0.000230427
0.000229553
0.000228531
0.00022769
0.000226754
0.000225885
0.000224964
0.000224041
0.000223197
0.000222251
0.000221369
0.000220551
0.000219641
0.000218791
0.0002179
0.000217062
0.000216193
0.000215353
0.000214513
0.000213613
0.000212789
0.000211961
0.000211153
0.000210323
0.000209475
0.000208609
0.000207828
0.000206967
0.000206179
0.000205405
0.000204542
0.000203778
0.000202941
0.000202142
0.000201316
0.000200573
0.00019966
0.000198929
0.000198172
0.000197328
0.000196592
0.000195784
0.000194995
0.000194269
0.000193455
0.000192728
0.00019199
0.000191238
0.000190415
0.000189678
0.000188943
0.000188204
0.000187422
0.000186683
0.000185934
0.000185252
0.000184545
0.000183784
0.000183075
0.000182294
0.000181509
0.000180877
0.000180141
0.000179421
0.000178752
0.000177993
0.000177358
0.000176622
0.00017594
0.000175235
0.000174559
0.000173869
0.000173146
0.000172525
0.000171783
0.000171107
0.000170433
0.000169752
0.000169142
0.000168445
0.000167828
0.000167133
0.000166409
0.000165779
0.000165168
0.000164498
0.00016382
0.000163171
0.000162534
0.000161918
0.00016131
0.000160643
0.000160006
0.000159388
0.000158781
0.000158093
0.00015754
0.000156912
0.000156329
0.000155622
0.000154976
0.000154374
0.000153777
0.000153163
0.000152592
0.000151957
0.00015138
0.000150733
0.000150122
0.000149586
0.000149079
0.000148348
0.000147845
0.000147241
0.000146717
0.000146048
0.000145495
0.000144925
0.000144359
0.00014381
0.000143261
0.000142688
0.000142156
0.000141537
0.000140945
0.000140391
0.000139875
0.000139274
0.000138717
0.000138133
0.000137665
0.000137115
0.000136597
0.000136007
0.0001354
0.000134963
0.000134408
0.000133899
0.000133333
0.000132969
0.000132325
0.0001318
0.000131307
0.000130741
0.000130283
0.000129656
0.000129166
0.000128677
0.000128212
0.000127715
0.00012715
0.0001267
0.000126121
0.00012561
0.000125138
0.000124621
0.000124174
0.000123649
0.000123178
0.000122677
0.000122137
0.000121766
0.000121266
0.000120734
0.000120268
0.000119771
0.000119386
0.000118763
0.0001184
0.000117954
0.000117435
0.000117035
0.000116604
0.00011609
0.000115628
0.000115166
0.000114741
0.000114269
0.000113868
0.000113469
0.000112948
0.000112597
0.000112092
0.000111658
0.000111236
0.000110808
0.000110312
0.00010994
0.000109492
0.000109013
0.000108598
0.000108177
0.000107776
0.000107372
0.0001069
0.00010649
0.000106149
0.000105678
0.00010528
0.00010483
0.000104425
0.000104047
0.000103666
0.000103288
0.0001028
0.000102424
0.000101992
0.000101622
0.000101246
0.000100835
0.000100336
9.99732e-05
9.95948e-05
9.92261e-05
9.87642e-05
9.84154e-05
9.81263e-05
9.75741e-05
9.72107e-05
9.68707e-05
9.65196e-05
9.61792e-05
9.57143e-05
9.52974e-05
9.48907e-05
9.45865e-05
9.40952e-05
9.38171e-05
9.33904e-05
9.30041e-05
9.26905e-05
9.22603e-05
9.18857e-05
9.15184e-05
9.11208e-05
9.08025e-05
9.04675e-05
9.01287e-05
8.97198e-05
8.93439e-05
8.90613e-05
8.86779e-05
8.83544e-05
8.79814e-05
8.76442e-05
8.72953e-05
8.69054e-05
8.66256e-05
8.63068e-05
8.59319e-05
8.55676e-05
8.52465e-05
8.48744e-05
8.45502e-05
8.42299e-05
8.38882e-05
8.36564e-05
8.32312e-05
8.29295e-05
8.2616e-05
8.22633e-05
8.19527e-05
8.16797e-05
8.13271e-05
8.10231e-05
8.06978e-05
8.04219e-05
8.01297e-05
7.97355e-05
7.95268e-05
7.91923e-05
7.88327e-05
7.85396e-05
7.81976e-05
7.79248e-05
7.76537e-05
7.73504e-05
7.70576e-05
7.66765e-05
7.64365e-05
7.61372e-05
7.5805e-05
7.55175e-05
7.52783e-05
7.48676e-05
7.47548e-05
7.43671e-05
7.40498e-05
7.38439e-05
7.35691e-05
7.31888e-05
7.29696e-05
7.27078e-05
7.23891e-05
7.21174e-05
7.18277e-05
7.15777e-05
7.12286e-05
7.10014e-05
7.07196e-05
7.04279e-05
7.02464e-05
6.98518e-05
6.95361e-05
6.94019e-05
6.90086e-05
6.87513e-05
6.84842e-05
6.81317e-05
6.79992e-05
6.75789e-05
6.73993e-05
6.71896e-05
6.68377e-05
6.6578e-05
6.63069e-05
6.60828e-05
6.56705e-05
6.54976e-05
6.52248e-05
6.50227e-05
6.47388e-05
6.44762e-05
6.42091e-05
6.38792e-05
6.36322e-05
6.34166e-05
6.31539e-05
6.28659e-05
6.25623e-05
6.23307e-05
6.20603e-05
6.18815e-05
6.16312e-05
6.1343e-05
6.10859e-05
6.0882e-05
6.05815e-05
6.03061e-05
6.00449e-05
5.98865e-05
5.95879e-05
5.93303e-05
5.90642e-05
5.88903e-05
5.85144e-05
5.83345e-05
5.81371e-05
5.78798e-05
5.76761e-05
5.74186e-05
5.71661e-05
5.69055e-05
5.68018e-05
5.64597e-05
5.62917e-05
5.60457e-05
5.58849e-05
5.55549e-05
5.54083e-05
5.51795e-05
5.49553e-05
5.47525e-05
5.44668e-05
5.43455e-05
5.40488e-05
5.38189e-05
5.3678e-05
5.34218e-05
5.31936e-05
5.29834e-05
5.28391e-05
5.25674e-05
5.24372e-05
5.21745e-05
5.19973e-05
5.17247e-05
5.14354e-05
5.13802e-05
5.11207e-05
5.08807e-05
5.06788e-05
5.05374e-05
5.02977e-05
5.00184e-05
4.98227e-05
4.96757e-05
4.94972e-05
4.9356e-05
4.91145e-05
4.88781e-05
4.87442e-05
4.84861e-05
4.8405e-05
4.81275e-05
4.79611e-05
4.77521e-05
4.75809e-05
4.73537e-05
4.72149e-05
4.70118e-05
4.67925e-05
4.66688e-05
4.64266e-05
4.62688e-05
4.61231e-05
4.58792e-05
4.57435e-05
4.55399e-05
4.53521e-05
4.51995e-05
4.49514e-05
4.48301e-05
4.46478e-05
4.44892e-05
4.43114e-05
4.41246e-05
4.40082e-05
4.37889e-05
4.36208e-05
4.34991e-05
4.32892e-05
4.31273e-05
4.29079e-05
4.27551e-05
4.25562e-05
4.24447e-05
4.22936e-05
4.20899e-05
4.19422e-05
4.17634e-05
4.15355e-05
4.13769e-05
4.12767e-05
4.10815e-05
4.09517e-05
4.06685e-05
4.05758e-05
4.04503e-05
4.0304e-05
4.01412e-05
3.99482e-05
3.97364e-05
3.96175e-05
3.95395e-05
3.92977e-05
3.92179e-05
3.89767e-05
3.88402e-05
3.87006e-05
3.85721e-05
3.83513e-05
3.83052e-05
3.8136e-05
3.80069e-05
3.77787e-05
3.76894e-05
3.75581e-05
3.73923e-05
3.72149e-05
3.71195e-05
3.68667e-05
3.68775e-05
3.66626e-05
3.65003e-05
3.63436e-05
3.62065e-05
3.60472e-05
3.60035e-05
3.58254e-05
3.56915e-05
3.55261e-05
3.53306e-05
3.51941e-05
3.50847e-05
3.49239e-05
3.47717e-05
3.46175e-05
3.45276e-05
3.44224e-05
3.42594e-05
3.41215e-05
3.39862e-05
3.3865e-05
3.36972e-05
3.35643e-05
3.33984e-05
3.33146e-05
3.31527e-05
3.30061e-05
3.2895e-05
3.27046e-05
3.26451e-05
3.24712e-05
3.2376e-05
3.22605e-05
3.22052e-05
3.20303e-05
3.18791e-05
3.17545e-05
3.16381e-05
3.15486e-05
3.13619e-05
3.12584e-05
3.12075e-05
3.10441e-05
3.09149e-05
3.07827e-05
3.0655e-05
3.05511e-05
3.04595e-05
3.03475e-05
3.01921e-05
3.00301e-05
2.99069e-05
2.98286e-05
2.98034e-05
2.96697e-05
2.95524e-05
2.94076e-05
2.92412e-05
2.91345e-05
2.89811e-05
2.89054e-05
2.88235e-05
2.86964e-05
2.85439e-05
2.83639e-05
2.83105e-05
2.82332e-05
2.81662e-05
2.80255e-05
2.78656e-05
2.77881e-05
2.76973e-05
2.76133e-05
2.74071e-05
2.73793e-05
2.72831e-05
2.7123e-05
2.69731e-05
2.68552e-05
2.67407e-05
2.67423e-05
2.66294e-05
2.65113e-05
2.64343e-05
2.62839e-05
2.61684e-05
2.60623e-05
2.58666e-05
2.5904e-05
2.57441e-05
2.56485e-05
2.56232e-05
2.55095e-05
2.53249e-05
2.51983e-05
2.50167e-05
2.50868e-05
2.48524e-05
2.47898e-05
2.46641e-05
2.45843e-05
2.44275e-05
2.43194e-05
2.42523e-05
2.42014e-05
2.41147e-05
2.40534e-05
2.38964e-05
2.37483e-05
2.36509e-05
2.35179e-05
2.34141e-05
2.33673e-05
2.32608e-05
2.31056e-05
2.30075e-05
2.29264e-05
2.28527e-05
2.27752e-05
2.25911e-05
2.25398e-05
2.24246e-05
2.24032e-05
2.22463e-05
2.21862e-05
2.20367e-05
2.19905e-05
2.18958e-05
2.16994e-05
2.16468e-05
2.1503e-05
2.1348e-05
2.13634e-05
2.12575e-05
2.12135e-05
2.1037e-05
2.10483e-05
2.0919e-05
2.07608e-05
2.07738e-05
2.0635e-05
2.05319e-05
2.04473e-05
2.03736e-05
2.03043e-05
2.019e-05
2.01171e-05
1.99794e-05
1.98585e-05
1.9761e-05
1.95662e-05
1.93944e-05
1.93488e-05
1.92592e-05
1.92519e-05
1.92176e-05
1.91134e-05
1.91779e-05
1.90641e-05
1.89644e-05
1.88741e-05
1.87562e-05
1.87043e-05
1.85795e-05
1.85252e-05
1.83995e-05
1.83689e-05
1.8243e-05
1.81837e-05
1.79896e-05
1.79241e-05
1.78694e-05
1.77176e-05
1.75396e-05
1.75104e-05
1.74186e-05
1.74386e-05
1.72752e-05
1.72533e-05
1.71503e-05
1.709e-05
1.69484e-05
1.69049e-05
1.68077e-05
1.68283e-05
1.66797e-05
1.66713e-05
1.65994e-05
1.65206e-05
1.64472e-05
1.64609e-05
1.63307e-05
1.62496e-05
1.62043e-05
1.61986e-05
1.6089e-05
1.59883e-05
1.60283e-05
1.59269e-05
1.58636e-05
1.56291e-05
1.55634e-05
1.54968e-05
1.53859e-05
1.52974e-05
1.52304e-05
1.50529e-05
1.51569e-05
1.4981e-05
1.49071e-05
1.48536e-05
1.47885e-05
1.46948e-05
1.45758e-05
1.45239e-05
1.45234e-05
1.44153e-05
1.42679e-05
1.43006e-05
1.41261e-05
1.40129e-05
1.40006e-05
1.39176e-05
1.38657e-05
1.37995e-05
1.37662e-05
1.37819e-05
1.36815e-05
1.36547e-05
1.36082e-05
1.35264e-05
1.34167e-05
1.3485e-05
1.33147e-05
1.3291e-05
1.32515e-05
1.3183e-05
1.30582e-05
1.30372e-05
1.29335e-05
1.29788e-05
1.30102e-05
1.29536e-05
1.27884e-05
1.28139e-05
1.27062e-05
1.26016e-05
1.26558e-05
1.2666e-05
1.25748e-05
1.25065e-05
1.24298e-05
1.22819e-05
1.2272e-05
1.2108e-05
1.20731e-05
1.20331e-05
1.18675e-05
1.18227e-05
1.19042e-05
1.18543e-05
1.18189e-05
1.15989e-05
1.15337e-05
1.15667e-05
1.15354e-05
1.13945e-05
1.14145e-05
1.14018e-05
1.13372e-05
1.11761e-05
1.10659e-05
1.10256e-05
1.09823e-05
1.08991e-05
1.07737e-05
1.06451e-05
1.05819e-05
1.06419e-05
1.05145e-05
1.04541e-05
1.03868e-05
1.04351e-05
1.03457e-05
1.02698e-05
1.02398e-05
1.02641e-05
1.02594e-05
1.01342e-05
1.00731e-05
1.01019e-05
9.99602e-06
