Residual: 
22.6207
13.5403
8.929
6.4568
5.05155
4.19981
3.64908
3.27104
2.99775
2.79148
2.63021
2.50042
2.39335
2.30311
2.2256
2.15785
2.09769
2.04349
1.99401
1.94833
1.90571
1.86563
1.82765
1.79145
1.7568
1.72351
1.69144
1.66048
1.63054
1.60157
1.5735
1.54629
1.5199
1.49429
1.46943
1.44528
1.42179
1.39894
1.37669
1.35499
1.33381
1.31312
1.29288
1.27307
1.25365
1.23462
1.21594
1.19761
1.17961
1.16193
1.14457
1.12752
1.11077
1.09432
1.07815
1.06227
1.04665
1.03129
1.01618
1.0013
0.986645
0.972195
0.95794
0.943868
0.929968
0.916234
0.902659
0.889238
0.875973
0.862862
0.849908
0.837117
0.824494
0.812044
0.799777
0.787697
0.775812
0.764127
0.752646
0.741372
0.730308
0.719453
0.708805
0.698363
0.688121
0.678076
0.668221
0.658549
0.649055
0.63973
0.630568
0.621561
0.612702
0.603984
0.595402
0.586948
0.578619
0.570409
0.562313
0.554327
0.546447
0.53867
0.530994
0.523415
0.51593
0.508538
0.501236
0.494023
0.486896
0.479855
0.472898
0.466023
0.459229
0.452515
0.445881
0.439324
0.432846
0.426443
0.420117
0.413866
0.407691
0.40159
0.395564
0.389613
0.383736
0.377934
0.372208
0.366556
0.360981
0.355482
0.35006
0.344715
0.339449
0.334261
0.329152
0.324123
0.319174
0.314305
0.309516
0.304808
0.300179
0.295629
0.291158
0.286765
0.282448
0.278207
0.274039
0.269943
0.265917
0.26196
0.258069
0.254244
0.250481
0.246779
0.243135
0.239549
0.236018
0.232542
0.229119
0.225747
0.222425
0.219153
0.215928
0.212752
0.209622
0.206538
0.203499
0.200505
0.197555
0.194649
0.191786
0.188965
0.186186
0.183449
0.180752
0.178095
0.175477
0.172897
0.170356
0.167852
0.165384
0.162952
0.160554
0.15819
0.15586
0.153561
0.151295
0.14906
0.146855
0.144679
0.142533
0.140416
0.138328
0.136266
0.134233
0.132228
0.13025
0.128299
0.126374
0.124477
0.122606
0.120763
0.118946
0.117156
0.115393
0.113657
0.111948
0.110264
0.108608
0.106979
0.105375
0.103798
0.102246
0.100721
0.0992202
0.0977445
0.0962935
0.0948671
0.0934645
0.0920846
0.0907283
0.0893937
0.0880818
0.0867905
0.0855202
0.08427
0.0830393
0.0818286
0.0806364
0.0794616
0.0783046
0.077165
0.0760422
0.0749356
0.0738444
0.0727685
0.0717076
0.0706615
0.0696294
0.0686113
0.0676071
0.0666153
0.0656374
0.0646722
0.0637202
0.0627804
0.0618534
0.0609387
0.060036
0.059145
0.0582668
0.0573998
0.0565459
0.0557025
0.0548716
0.0540523
0.0532445
0.0524485
0.0516636
0.050891
0.0501297
0.0493793
0.0486407
0.0479133
0.0471964
0.0464906
0.0457964
0.045112
0.044439
0.043776
0.043123
0.0424802
0.0418469
0.0412235
0.0406094
0.0400044
0.0394084
0.0388214
0.0382427
0.0376723
0.0371099
0.0365556
0.0360086
0.0354689
0.0349371
0.0344122
0.0338941
0.0333831
0.0328784
0.0323809
0.0318898
0.0314046
0.0309265
0.0304545
0.0299888
0.0295296
0.0290764
0.0286298
0.02819
0.0277559
0.0273287
0.0269084
0.0264941
0.0260869
0.0256863
0.0252926
0.0249056
0.0245256
0.0241523
0.0237857
0.0234261
0.023074
0.022728
0.0223888
0.0220569
0.0217308
0.0214111
0.0210981
0.0207913
0.0204902
0.0201949
0.0199053
0.0196212
0.0193422
0.0190685
0.0187994
0.0185351
0.0182748
0.0180189
0.0177674
0.0175193
0.0172751
0.0170345
0.0167969
0.0165629
0.0163318
0.0161037
0.0158791
0.0156562
0.0154363
0.0152194
0.0150048
0.0147931
0.0145831
0.0143763
0.0141721
0.0139701
0.0137708
0.0135739
0.0133794
0.0131878
0.0129988
0.0128121
0.0126286
0.0124473
0.0122692
0.0120934
0.011921
0.0117517
0.0115843
0.0114202
0.0112592
0.0111011
0.0109454
0.0107928
0.0106432
0.0104964
0.010352
0.0102104
0.0100717
0.00993507
0.00980109
0.00966968
0.00954034
0.00941342
0.00928833
0.00916584
0.00904505
0.00892615
0.00880902
0.00869421
0.00858038
0.00846829
0.00835768
0.00824851
0.00814073
0.0080341
0.00792875
0.00782497
0.007722
0.00762014
0.00751963
0.00741979
0.00732082
0.00722288
0.00712618
0.00703024
0.00693556
0.00684143
0.00674835
0.00665593
0.00656472
0.00647456
0.00638555
0.00629729
0.00620984
0.0061237
0.0060386
0.00595427
0.00587132
0.00578965
0.00570892
0.00562937
0.00555052
0.00547307
0.00539711
0.00532177
0.00524778
0.00517506
0.00510348
0.00503293
0.00496347
0.00489559
0.00482808
0.00476216
0.00469743
0.00463369
0.00457084
0.00450915
0.00444877
0.00438895
0.00433027
0.00427272
0.00421595
0.00416033
0.00410535
0.00405123
0.00399813
0.0039459
0.00389445
0.00384375
0.00379406
0.00374504
0.00369653
0.00364903
0.00360195
0.00355597
0.00351034
0.00346526
0.00342081
0.00337728
0.00333407
0.00329163
0.0032496
0.00320818
0.00316753
0.00312723
0.00308729
0.00304787
0.00300913
0.00297081
0.00293305
0.00289549
0.00285853
0.0028221
0.00278606
0.00275035
0.00271538
0.00268072
0.00264624
0.00261245
0.00257903
0.00254602
0.00251334
0.00248131
0.00244939
0.00241798
0.00238692
0.00235657
0.00232653
0.00229661
0.00226718
0.00223829
0.00221003
0.00218183
0.00215408
0.00212668
0.00209991
0.00207319
0.00204723
0.00202132
0.00199613
0.00197102
0.00194642
0.00192205
0.00189816
0.00187447
0.00185123
0.00182838
0.00180574
0.00178344
0.00176161
0.00173988
0.00171852
0.00169755
0.00167679
0.00165619
0.00163595
0.00161598
0.00159642
0.00157695
0.00155769
0.00153873
0.00151991
0.00150144
0.0014834
0.00146526
0.0014474
0.00142972
0.00141246
0.00139531
0.00137839
0.00136167
0.001345
0.00132888
0.00131269
0.00129674
0.00128094
0.00126546
0.00125017
0.00123505
0.00122022
0.00120543
0.00119081
0.00117651
0.00116241
0.00114839
0.00113469
0.00112119
0.00110763
0.00109452
0.00108142
0.00106861
0.00105587
0.00104329
0.00103104
0.00101878
0.00100674
0.000994908
0.000983094
0.00097167
0.000960203
0.000948955
0.000937708
0.00092682
0.000915958
0.000905151
0.00089452
0.000884003
0.000873638
0.000863436
0.00085334
0.000843351
0.000833354
0.000823531
0.000813914
0.000804453
0.000794894
0.000785649
0.000776434
0.000767327
0.000758253
0.000749236
0.000740327
0.000731797
0.000723101
0.000714655
0.00070619
0.000697809
0.000689654
0.000681428
0.00067345
0.000665506
0.00065755
0.00064985
0.000642144
0.000634692
0.000627217
0.000619799
0.000612472
0.000605341
0.000598165
0.00059108
0.000584205
0.00057708
0.000570356
0.000563687
0.000557086
0.000550624
0.000543943
0.000537692
0.000531384
0.000524966
0.000518797
0.000512812
0.000506649
0.000500785
0.000494803
0.00048917
0.000483447
0.000477577
0.000472024
0.000466468
0.00046099
0.000455621
0.000450304
0.000444879
0.000439734
0.000434482
0.000429518
0.000424432
0.000419449
0.000414446
0.000409631
0.000404803
0.000400081
0.00039545
0.000390709
0.000386347
0.000381705
0.000377151
0.00037274
0.000368429
0.000364134
0.000359795
0.000355693
0.000351555
0.000347366
0.000343396
0.000339344
0.000335301
0.000331423
0.00032748
0.00032355
0.000319766
0.000316079
0.000312318
0.000308655
0.00030499
0.000301385
0.000297942
0.000294443
0.000290874
0.000287424
0.000284067
0.000280666
0.000277279
0.000274024
0.000270882
0.000267534
0.00026441
0.000261401
0.000258219
0.000255273
0.000252212
0.000249076
0.00024626
0.000243352
0.00024046
0.000237571
0.000234885
0.000232058
0.000229305
0.000226639
0.000223891
0.000221338
0.000218633
0.000216073
0.000213551
0.000211034
0.000208536
0.000206082
0.000203583
0.000201204
0.000198775
0.000196566
0.000194243
0.000191961
0.000189647
0.000187389
0.000185094
0.000183
0.000180917
0.000178763
0.000176665
0.000174473
0.000172442
0.000170447
0.000168326
0.000166316
0.000164352
0.000162509
0.00016056
0.000158466
0.000156625
0.000154763
0.000152978
0.000151144
0.000149296
0.000147391
0.000145678
0.000143962
0.000142262
0.00014051
0.000138801
0.000137161
0.000135405
0.000133721
0.00013208
0.000130486
0.000128892
0.000127198
0.000125777
0.000124136
0.000122719
0.000121092
0.000119494
0.000118199
0.000116619
0.000115178
0.000113769
0.000112222
0.000110968
0.000109486
0.000108118
0.000106862
0.000105479
0.000104197
0.000102747
0.000101483
0.000100181
9.89823e-05
9.76522e-05
9.64158e-05
9.5176e-05
9.40172e-05
9.27518e-05
9.15338e-05
9.04471e-05
8.92688e-05
8.81535e-05
8.70379e-05
8.57595e-05
8.483e-05
8.37003e-05
8.2686e-05
8.15093e-05
8.05345e-05
7.95066e-05
7.84106e-05
7.74638e-05
7.65406e-05
7.54376e-05
7.4481e-05
7.35087e-05
7.26365e-05
7.1584e-05
7.06691e-05
6.99712e-05
6.90582e-05
6.79973e-05
6.71068e-05
6.65466e-05
6.54669e-05
6.4781e-05
6.38378e-05
6.30089e-05
6.22503e-05
6.14066e-05
6.06322e-05
5.9963e-05
5.91499e-05
5.84193e-05
5.76757e-05
5.68612e-05
5.62825e-05
5.55708e-05
5.47519e-05
5.41146e-05
5.3455e-05
5.27557e-05
5.21044e-05
5.14449e-05
5.0848e-05
5.02392e-05
4.95233e-05
4.89206e-05
4.8271e-05
4.76958e-05
4.7e-05
4.6542e-05
4.58672e-05
4.52365e-05
4.4557e-05
4.40381e-05
4.34642e-05
4.27701e-05
4.23628e-05
4.16977e-05
4.10841e-05
4.05667e-05
4.0039e-05
3.93885e-05
3.89369e-05
3.84736e-05
3.77741e-05
3.72146e-05
3.67583e-05
3.62452e-05
3.55921e-05
3.50243e-05
3.44927e-05
3.40411e-05
3.36056e-05
3.29539e-05
3.24872e-05
3.19167e-05
3.14661e-05
3.08896e-05
3.02504e-05
2.9832e-05
2.94215e-05
2.87891e-05
2.83639e-05
2.78913e-05
2.74495e-05
2.68096e-05
2.63611e-05
2.59428e-05
2.549e-05
2.50696e-05
2.45457e-05
2.40923e-05
2.36128e-05
2.30447e-05
2.27134e-05
2.22942e-05
2.18427e-05
2.13949e-05
2.0943e-05
2.06321e-05
2.00514e-05
1.96404e-05
1.9208e-05
1.88087e-05
1.83905e-05
1.80165e-05
1.77513e-05
1.75299e-05
1.71531e-05
1.67814e-05
1.64832e-05
1.60615e-05
1.58262e-05
1.55001e-05
1.51821e-05
1.49389e-05
1.45922e-05
1.42702e-05
1.40441e-05
1.38657e-05
1.3819e-05
1.32906e-05
1.28984e-05
1.27988e-05
1.24518e-05
1.21868e-05
1.20705e-05
1.17015e-05
1.14559e-05
1.13837e-05
1.12069e-05
1.10018e-05
1.09271e-05
1.08166e-05
1.07818e-05
1.05399e-05
1.06538e-05
1.05829e-05
1.05443e-05
1.03777e-05
1.04408e-05
1.01438e-05
9.91075e-06
