Residual: 
15.5919
10.6609
7.5693
5.56789
4.24925
3.36597
2.76408
2.34621
2.05007
1.83548
1.67631
1.55546
1.4616
1.38711
1.32681
1.27711
1.23545
1.20001
1.16945
1.14276
1.1192
1.09818
1.07925
1.06206
1.04632
1.0318
1.01832
1.00571
0.99387
0.982675
0.972044
0.961902
0.952185
0.942842
0.933826
0.9251
0.916629
0.908386
0.900346
0.892488
0.884794
0.877249
0.869839
0.862553
0.85538
0.848313
0.841345
0.834468
0.827678
0.820969
0.814339
0.807783
0.801299
0.794884
0.788537
0.782256
0.776038
0.769884
0.763791
0.757759
0.751787
0.745874
0.74002
0.734224
0.728486
0.722804
0.717179
0.711609
0.706096
0.700637
0.695232
0.689881
0.684583
0.679338
0.674145
0.669003
0.663911
0.65887
0.653878
0.648934
0.644038
0.639189
0.634386
0.629629
0.624916
0.620247
0.615621
0.611037
0.606494
0.601992
0.59753
0.593106
0.58872
0.584372
0.58006
0.575784
0.571542
0.567334
0.56316
0.559019
0.554909
0.550831
0.546783
0.542765
0.538776
0.534816
0.530885
0.526981
0.523104
0.519253
0.51543
0.511632
0.507859
0.504112
0.50039
0.496692
0.493019
0.48937
0.485745
0.482144
0.478567
0.475013
0.471483
0.467976
0.464494
0.461034
0.457598
0.454186
0.450797
0.447432
0.444091
0.440773
0.437479
0.434209
0.430963
0.427741
0.424543
0.421368
0.418218
0.415092
0.411991
0.408913
0.40586
0.402831
0.399826
0.396845
0.393889
0.390956
0.388047
0.385163
0.382302
0.379464
0.376651
0.37386
0.371094
0.36835
0.365629
0.362931
0.360255
0.357602
0.354971
0.352362
0.349774
0.347209
0.344664
0.34214
0.339637
0.337155
0.334693
0.332251
0.329829
0.327426
0.325042
0.322677
0.320332
0.318004
0.315695
0.313404
0.31113
0.308874
0.306635
0.304414
0.302208
0.30002
0.297848
0.295692
0.293551
0.291427
0.289318
0.287224
0.285145
0.283081
0.281032
0.278997
0.276977
0.27497
0.272978
0.271
0.269035
0.267083
0.265146
0.263221
0.261309
0.259411
0.257525
0.255652
0.253792
0.251944
0.250108
0.248285
0.246474
0.244675
0.242888
0.241112
0.239349
0.237598
0.235857
0.234129
0.232412
0.230706
0.229012
0.227329
0.225657
0.223997
0.222347
0.220708
0.219081
0.217464
0.215858
0.214263
0.212679
0.211105
0.209542
0.207989
0.206447
0.204916
0.203395
0.201884
0.200384
0.198894
0.197415
0.195945
0.194486
0.193037
0.191598
0.190169
0.18875
0.187342
0.185943
0.184554
0.183175
0.181805
0.180446
0.179096
0.177756
0.176425
0.175105
0.173793
0.172492
0.1712
0.169916
0.168643
0.167379
0.166124
0.164878
0.163642
0.162414
0.161196
0.159987
0.158787
0.157596
0.156413
0.15524
0.154075
0.152919
0.151772
0.150633
0.149503
0.148382
0.147269
0.146165
0.145068
0.143981
0.142901
0.14183
0.140767
0.139712
0.138665
0.137626
0.136595
0.135572
0.134557
0.13355
0.13255
0.131558
0.130574
0.129597
0.128628
0.127666
0.126711
0.125765
0.124825
0.123893
0.122967
0.122049
0.121138
0.120234
0.119337
0.118447
0.117564
0.116687
0.115818
0.114955
0.114098
0.113249
0.112406
0.111569
0.110739
0.109915
0.109097
0.108286
0.107481
0.106682
0.105889
0.105102
0.104322
0.103547
0.102778
0.102015
0.101258
0.100507
0.0997608
0.0990207
0.0982859
0.097557
0.0968335
0.0961156
0.0954028
0.0946957
0.0939935
0.0932969
0.0926054
0.091919
0.0912376
0.090561
0.0898901
0.0892237
0.0885623
0.0879058
0.0872542
0.0866073
0.085965
0.0853283
0.0846955
0.0840672
0.0834435
0.0828245
0.0822102
0.0816002
0.0809948
0.0803937
0.0797969
0.0792041
0.0786163
0.0780325
0.0774525
0.0768773
0.0763059
0.0757387
0.0751758
0.0746166
0.0740616
0.0735107
0.0729635
0.0724203
0.0718812
0.071346
0.0708141
0.0702868
0.0697631
0.0692426
0.0687264
0.068214
0.067705
0.0671999
0.0666982
0.0662004
0.0657062
0.0652155
0.0647284
0.0642448
0.0637648
0.063288
0.062815
0.0623454
0.0618792
0.0614163
0.0609568
0.060501
0.0600481
0.0595989
0.0591529
0.0587099
0.0582701
0.0578344
0.0574012
0.0569715
0.0565443
0.0561211
0.055701
0.0552836
0.0548694
0.0544588
0.0540508
0.0536458
0.0532442
0.0528451
0.0524495
0.0520567
0.0516667
0.0512799
0.0508958
0.050515
0.0501368
0.0497612
0.0493886
0.0490187
0.0486522
0.0482879
0.0479266
0.0475677
0.0472118
0.0468588
0.0465085
0.0461607
0.0458154
0.0454725
0.0451326
0.0447952
0.0444603
0.0441284
0.0437984
0.0434716
0.0431466
0.0428244
0.0425046
0.0421871
0.0418722
0.0415598
0.0412494
0.0409418
0.0406364
0.0403329
0.0400322
0.0397335
0.039437
0.0391432
0.0388512
0.0385616
0.0382741
0.0379886
0.0377056
0.0374247
0.0371455
0.0368689
0.0365943
0.0363218
0.0360513
0.0357825
0.035516
0.0352516
0.0349889
0.0347285
0.0344696
0.034213
0.0339581
0.0337054
0.0334546
0.0332052
0.032958
0.0327125
0.0324688
0.032227
0.031987
0.0317488
0.0315126
0.0312778
0.0310447
0.0308133
0.030584
0.030356
0.0301301
0.0299055
0.0296827
0.0294613
0.0292417
0.029024
0.0288072
0.0285924
0.0283792
0.0281677
0.0279577
0.027749
0.0275423
0.0273368
0.0271323
0.0269299
0.0267287
0.0265293
0.0263311
0.0261346
0.0259392
0.0257453
0.0255528
0.0253617
0.0251721
0.0249839
0.024797
0.0246113
0.0244269
0.0242439
0.0240625
0.0238821
0.0237035
0.0235257
0.0233497
0.0231744
0.0230003
0.0228279
0.0226566
0.0224867
0.0223176
0.0221501
0.0219835
0.0218186
0.0216544
0.0214913
0.0213299
0.0211694
0.02101
0.0208521
0.020695
0.0205391
0.0203844
0.0202307
0.0200782
0.0199267
0.0197765
0.0196274
0.0194792
0.019332
0.0191864
0.0190414
0.0188976
0.018755
0.0186132
0.0184724
0.0183328
0.0181942
0.0180563
0.01792
0.0177845
0.0176497
0.0175166
0.0173837
0.0172523
0.0171217
0.016992
0.0168636
0.0167357
0.0166089
0.0164831
0.0163585
0.0162347
0.0161118
0.0159898
0.0158689
0.0157483
0.0156293
0.0155108
0.0153938
0.0152772
0.0151614
0.0150468
0.014933
0.0148201
0.014708
0.0145966
0.0144863
0.0143768
0.0142679
0.0141602
0.0140535
0.0139473
0.0138423
0.0137378
0.0136341
0.0135312
0.0134293
0.0133282
0.013228
0.0131281
0.0130293
0.0129316
0.0128344
0.0127375
0.0126421
0.0125472
0.0124529
0.0123594
0.0122669
0.012175
0.0120839
0.0119931
0.0119039
0.0118147
0.0117263
0.0116388
0.011552
0.0114656
0.0113804
0.0112958
0.0112115
0.0111279
0.0110453
0.0109629
0.0108818
0.0108009
0.0107207
0.0106414
0.0105627
0.0104843
0.0104069
0.0103298
0.0102533
0.0101775
0.0101028
0.0100282
0.00995424
0.00988092
0.00980802
0.00973584
0.00966461
0.00959338
0.0095228
0.00945312
0.00938372
0.00931482
0.00924677
0.00917899
0.00911179
0.00904521
0.00897917
0.00891367
0.00884876
0.00878416
0.0087199
0.00865646
0.00859336
0.00853077
0.00846895
0.00840745
0.00834629
0.008286
0.00822534
0.00816608
0.00810707
0.00804837
0.00799006
0.00793225
0.00787485
0.00781799
0.00776153
0.0077056
0.00765007
0.00759501
0.00754051
0.00748592
0.00743215
0.00737867
0.00732577
0.00727322
0.00722106
0.00716928
0.00711775
0.00706696
0.00701624
0.00696611
0.00691653
0.00686705
0.00681784
0.00676932
0.00672081
0.00667301
0.00662532
0.00657811
0.00653162
0.00648513
0.00643897
0.00639316
0.0063479
0.00630269
0.00625794
0.00621375
0.00616973
0.00612597
0.00608267
0.00603984
0.00599719
0.00595495
0.00591287
0.00587093
0.0058296
0.00578852
0.00574792
0.00570744
0.00566729
0.00562734
0.0055877
0.00554842
0.00550965
0.00547067
0.00543267
0.00539472
0.00535685
0.00531932
0.00528192
0.00524514
0.00520854
0.00517216
0.00513597
0.00510019
0.00506455
0.00502939
0.00499427
0.0049595
0.00492481
0.00489087
0.00485646
0.00482292
0.00478928
0.0047559
0.00472311
0.0046903
0.00465766
0.00462553
0.00459326
0.00456168
0.00452991
0.00449844
0.00446724
0.00443655
0.00440565
0.00437517
0.00434514
0.00431485
0.0042851
0.00425546
0.00422594
0.0041969
0.00416797
0.0041391
0.00411058
0.00408219
0.00405395
0.004026
0.00399813
0.00397079
0.00394333
0.00391617
0.00388908
0.00386247
0.0038359
0.00380937
0.00378307
0.00375701
0.00373124
0.00370559
0.00368016
0.00365478
0.00362958
0.00360455
0.00357987
0.00355534
0.00353076
0.00350665
0.00348262
0.00345851
0.00343484
0.00341114
0.0033879
0.00336437
0.00334128
0.00331833
0.0032955
0.00327294
0.00325046
0.00322808
0.00320586
0.00318383
0.00316186
0.00314017
0.00311892
0.00309732
0.00307627
0.00305511
0.00303412
0.00301335
0.00299273
0.00297207
0.00295185
0.00293161
0.00291153
0.00289139
0.00287184
0.0028521
0.0028325
0.00281288
0.00279373
0.00277474
0.00275566
0.00273707
0.00271844
0.00269972
0.00268104
0.00266302
0.00264458
0.00262644
0.00260859
0.0025907
0.00257312
0.00255562
0.0025382
0.00252089
0.00250367
0.00248665
0.00246964
0.00245276
0.00243611
0.0024196
0.00240309
0.00238669
0.00237054
0.00235439
0.00233853
0.00232252
0.00230686
0.0022913
0.0022755
0.00226001
0.00224489
0.00222961
0.00221447
0.00219947
0.0021846
0.00216987
0.00215526
0.00214063
0.00212637
0.00211203
0.00209756
0.00208355
0.00206945
0.00205564
0.00204167
0.002028
0.00201433
0.00200077
0.00198731
0.00197408
0.00196086
0.00194769
0.00193466
0.00192157
0.00190871
0.00189581
0.00188338
0.00187072
0.00185827
0.00184577
0.00183343
0.00182135
0.00180903
0.00179717
0.00178508
0.00177305
0.00176154
0.00174972
0.00173814
0.00172659
0.00171519
0.00170363
0.00169252
0.0016812
0.00167015
0.00165911
0.00164809
0.00163715
0.00162644
0.00161577
0.00160506
0.00159458
0.00158392
0.00157362
0.00156328
0.00155297
0.00154272
0.00153261
0.00152236
0.0015126
0.00150261
0.00149281
0.00148302
0.00147335
0.00146376
0.00145418
0.00144453
0.00143533
0.00142579
0.00141647
0.00140732
0.00139819
0.00138885
0.00137987
0.001371
0.00136202
0.00135331
0.00134429
0.00133567
0.00132701
0.00131851
0.00130991
0.00130138
0.00129311
0.00128471
0.00127639
0.00126811
0.00126001
0.00125182
0.00124379
0.00123583
0.00122775
0.00122003
0.00121206
0.0012042
0.0011965
0.00118891
0.00118126
0.0011737
0.00116614
0.00115863
0.00115124
0.00114388
0.00113652
0.00112932
0.00112213
0.00111483
0.00110782
0.00110075
0.00109373
0.0010868
0.00107992
0.00107309
0.00106612
0.0010593
0.00105262
0.00104587
0.00103919
0.00103278
0.00102617
0.00101969
0.00101331
0.00100688
0.00100051
0.000994164
0.00098778
0.000981663
0.000975465
0.000969379
0.000963275
0.000957181
0.000951104
0.000945029
0.000939207
0.00093322
0.000927382
0.000921522
0.000915848
0.000910064
0.000904376
0.000898619
0.000893142
0.000887487
0.000881867
0.000876397
0.000870996
0.00086554
0.000860106
0.000854812
0.000849384
0.000844129
0.000838988
0.000833617
0.000828451
0.000823298
0.000818208
0.000813088
0.000808169
0.000803164
0.000798179
0.000793148
0.000788233
0.000783288
0.00077853
0.000773699
0.000768874
0.000764141
0.00075942
0.000754706
0.000750098
0.000745505
0.000740937
0.000736283
0.00073184
0.000727304
0.000722891
0.000718346
0.000714023
0.000709574
0.000705238
0.000700879
0.000696631
0.000692265
0.000688075
0.000683889
0.000679804
0.000675565
0.000671439
0.000667418
0.000663276
0.000659348
0.000655216
0.000651222
0.000647306
0.000643402
0.000639377
0.00063558
0.000631784
0.000627907
0.000624005
0.00062018
0.000616487
0.000612689
0.000609094
0.000605432
0.00060166
0.000598047
0.000594496
0.000590749
0.000587213
0.000583767
0.000580189
0.000576671
0.000573231
0.000569825
0.000566319
0.000562917
0.000559571
0.000556282
0.000552863
0.000549512
0.000546218
0.000542841
0.000539681
0.000536439
0.000533179
0.000529916
0.000526838
0.000523671
0.000520562
0.00051747
0.000514393
0.000511272
0.000508201
0.000505181
0.000502168
0.000499106
0.000496117
0.000493155
0.000490201
0.00048729
0.000484334
0.000481508
0.000478603
0.000475779
0.000472948
0.000470176
0.000467321
0.000464594
0.000461801
0.000459069
0.000456288
0.000453577
0.000450833
0.000448186
0.000445589
0.000442871
0.000440187
0.000437665
0.000435095
0.000432514
0.000429885
0.000427375
0.000424838
0.00042228
0.000419794
0.000417283
0.000414847
0.000412378
0.000409977
0.000407558
0.000405076
0.000402639
0.000400301
0.000397926
0.000395592
0.0003932
0.000390892
0.000388558
0.000386275
0.000384
0.00038174
0.000379507
0.000377232
0.000375002
0.000372815
0.00037057
0.000368393
0.000366229
0.000364033
0.00036195
0.000359769
0.000357633
0.000355536
0.000353456
0.000351386
0.000349278
0.000347215
0.000345174
0.000343172
0.000341117
0.000339115
0.000337205
0.000335149
0.000333177
0.000331251
0.000329252
0.000327215
0.000325358
0.000323419
0.000321527
0.000319713
0.000317724
0.000315894
0.000313999
0.000312194
0.000310325
0.000308535
0.000306651
0.000304842
0.000303113
0.000301275
0.000299449
0.000297732
0.000296003
0.00029424
0.000292503
0.000290792
0.000289052
0.000287367
0.000285598
0.000283939
0.000282266
0.000280628
0.000278988
0.000277311
0.000275632
0.000274108
0.000272424
0.00027086
0.000269231
0.000267667
0.000266129
0.000264532
0.000263034
0.000261513
0.000259891
0.000258343
0.000256874
0.000255316
0.000253865
0.000252334
0.000250796
0.00024931
0.000247902
0.000246412
0.00024493
0.000243472
0.000242082
0.00024058
0.000239245
0.000237719
0.000236373
0.000235088
0.000233635
0.00023233
0.000230866
0.000229594
0.000228256
0.000226898
0.000225511
0.00022428
0.000222938
0.000221596
0.000220266
0.000219008
0.000217763
0.000216425
0.000215161
0.000213918
0.000212587
0.000211396
0.000210167
0.000208875
0.000207609
0.000206453
0.000205265
0.000204046
0.000202838
0.000201657
0.000200443
0.00019926
0.000198048
0.000196877
0.000195803
0.000194581
0.000193427
0.000192302
0.000191162
0.000190082
0.00018897
0.000187917
0.0001867
0.000185667
0.00018453
0.000183515
0.000182353
0.000181324
0.000180237
0.00017917
0.000178102
0.000177124
0.000176043
0.000175027
0.000174029
0.000172912
0.000171927
0.00017092
0.000169955
0.000168893
0.000167895
0.000166929
0.000165972
0.000164967
0.000164029
0.000163105
0.000162075
0.000161166
0.000160231
0.000159355
0.000158345
0.000157492
0.000156612
0.000155595
0.000154687
0.000153816
0.000152904
0.000151987
0.000151052
0.00015014
0.000149362
0.000148405
0.000147589
0.00014668
0.00014583
0.000145071
0.000144076
0.000143308
0.000142452
0.000141543
0.000140785
0.000139964
0.000139111
0.000138358
0.000137478
0.000136682
0.000135861
0.000135033
0.000134359
0.000133467
0.000132698
0.000131855
0.000131116
0.000130338
0.00012948
0.000128867
0.000128045
0.000127249
0.000126566
0.000125717
0.00012504
0.000124281
0.000123575
0.00012289
0.000122117
0.0001214
0.000120722
0.000119929
0.000119338
0.000118615
0.000117893
0.000117175
0.000116522
0.00011588
0.000115213
0.000114507
0.000113849
0.000113168
0.000112495
0.000111876
0.000111216
0.000110624
0.000109871
0.000109328
0.000108605
0.000107932
0.000107366
0.000106657
0.000106048
0.000105488
0.000104781
0.000104234
0.000103593
0.000103016
0.00010241
0.000101735
0.00010112
0.000100435
9.99395e-05
9.9288e-05
9.86559e-05
9.81064e-05
9.74565e-05
9.68988e-05
9.64737e-05
9.5748e-05
9.51705e-05
9.46666e-05
9.4072e-05
9.35717e-05
9.29432e-05
9.23336e-05
9.18467e-05
9.12959e-05
9.07024e-05
9.02247e-05
8.96871e-05
8.91329e-05
8.86406e-05
8.80784e-05
8.75694e-05
8.70974e-05
8.65159e-05
8.59815e-05
8.55764e-05
8.49901e-05
8.45472e-05
8.40175e-05
8.35361e-05
8.3002e-05
8.25231e-05
8.20519e-05
8.15888e-05
8.11238e-05
8.05837e-05
8.01286e-05
7.9656e-05
7.92233e-05
7.87568e-05
7.82231e-05
7.78465e-05
7.73773e-05
7.68777e-05
7.6508e-05
7.60192e-05
7.55804e-05
7.51506e-05
7.46833e-05
7.42612e-05
7.37989e-05
7.32994e-05
7.29501e-05
7.25232e-05
7.21161e-05
7.1661e-05
7.12017e-05
7.06865e-05
7.03913e-05
6.98159e-05
6.95235e-05
6.9004e-05
6.85541e-05
6.81689e-05
6.78057e-05
6.72641e-05
6.68457e-05
6.65276e-05
6.59748e-05
6.56924e-05
6.53202e-05
6.47474e-05
6.44796e-05
6.39556e-05
6.35309e-05
6.32861e-05
6.28061e-05
6.23613e-05
6.20704e-05
6.16179e-05
6.12363e-05
6.08432e-05
6.03716e-05
6.01046e-05
5.97627e-05
5.93176e-05
5.8986e-05
5.8631e-05
5.82628e-05
5.79774e-05
5.74948e-05
5.71682e-05
5.67927e-05
5.64906e-05
5.61802e-05
5.57993e-05
5.55493e-05
5.51756e-05
5.4724e-05
5.44321e-05
5.40572e-05
5.37487e-05
5.33639e-05
5.30697e-05
5.28408e-05
5.24101e-05
5.21971e-05
5.18011e-05
5.14771e-05
5.12255e-05
5.09131e-05
5.05688e-05
5.02373e-05
5.0033e-05
4.96214e-05
4.92765e-05
4.91899e-05
4.87678e-05
4.84598e-05
4.81886e-05
4.79407e-05
4.7584e-05
4.72953e-05
4.70949e-05
4.68199e-05
4.63862e-05
4.6175e-05
4.58508e-05
4.56272e-05
4.52762e-05
4.50927e-05
4.48243e-05
4.44607e-05
4.43394e-05
4.39548e-05
4.37346e-05
4.34732e-05
4.3157e-05
4.30286e-05
4.25798e-05
4.2377e-05
4.20807e-05
4.18795e-05
4.1669e-05
4.13421e-05
4.1121e-05
4.0818e-05
4.05795e-05
4.03626e-05
4.00373e-05
3.98655e-05
3.95866e-05
3.93371e-05
3.91238e-05
3.88819e-05
3.86847e-05
3.8376e-05
3.81787e-05
3.79044e-05
3.7631e-05
3.74637e-05
3.7255e-05
3.69984e-05
3.67675e-05
3.65445e-05
3.63086e-05
3.60651e-05
3.58664e-05
3.56268e-05
3.54187e-05
3.52183e-05
3.50012e-05
3.4693e-05
3.45606e-05
3.43547e-05
3.41099e-05
3.38889e-05
3.37344e-05
3.35537e-05
3.32905e-05
3.30533e-05
3.27538e-05
3.26479e-05
3.24923e-05
3.22101e-05
3.20669e-05
3.19241e-05
3.16377e-05
3.14326e-05
3.12007e-05
3.10296e-05
3.08796e-05
3.06877e-05
3.04639e-05
3.02989e-05
3.00706e-05
2.99521e-05
2.97952e-05
2.95898e-05
2.93395e-05
2.91615e-05
2.89776e-05
2.87179e-05
2.86639e-05
2.84437e-05
2.82464e-05
2.80555e-05
2.78902e-05
2.774e-05
2.7584e-05
2.73589e-05
2.71915e-05
2.69468e-05
2.68437e-05
2.65946e-05
2.63902e-05
2.61888e-05
2.60728e-05
2.59212e-05
2.57323e-05
2.55399e-05
2.53709e-05
2.51457e-05
2.50877e-05
2.49008e-05
2.46802e-05
2.45067e-05
2.43416e-05
2.42551e-05
2.41009e-05
2.39427e-05
2.37395e-05
2.35682e-05
2.33702e-05
2.31565e-05
2.30736e-05
2.29514e-05
2.2789e-05
2.2618e-05
2.2417e-05
2.23034e-05
2.21015e-05
2.19169e-05
2.17131e-05
2.16003e-05
2.14273e-05
2.14323e-05
2.12236e-05
2.09796e-05
2.0869e-05
2.06101e-05
2.05597e-05
2.04287e-05
2.03104e-05
2.02908e-05
2.01359e-05
1.99831e-05
1.97963e-05
1.96602e-05
1.94351e-05
1.93122e-05
1.9135e-05
1.89945e-05
1.88591e-05
1.86501e-05
1.85814e-05
1.84802e-05
1.8285e-05
1.81018e-05
1.79267e-05
1.77293e-05
1.77062e-05
1.75463e-05
1.75056e-05
1.73569e-05
1.71772e-05
1.70134e-05
1.69229e-05
1.68729e-05
1.6845e-05
1.66184e-05
1.65116e-05
1.63235e-05
1.61249e-05
1.59714e-05
1.59076e-05
1.58215e-05
1.56638e-05
1.563e-05
1.54936e-05
1.53405e-05
1.54048e-05
1.51276e-05
1.50197e-05
1.48538e-05
1.48382e-05
1.47155e-05
1.46047e-05
1.45344e-05
1.43418e-05
1.43334e-05
1.40778e-05
1.40522e-05
1.40305e-05
1.39615e-05
1.38862e-05
1.37434e-05
1.36087e-05
1.35461e-05
1.3353e-05
1.32614e-05
1.31191e-05
1.29751e-05
1.28074e-05
1.28117e-05
1.26012e-05
1.26829e-05
1.25736e-05
1.25212e-05
1.23409e-05
1.22204e-05
1.22321e-05
1.21204e-05
1.20498e-05
1.19959e-05
1.18827e-05
1.16346e-05
1.16548e-05
1.16718e-05
1.14636e-05
1.14175e-05
1.14404e-05
1.12501e-05
1.11298e-05
1.10618e-05
1.09105e-05
1.07005e-05
1.06429e-05
1.07028e-05
1.06985e-05
1.05337e-05
1.03237e-05
1.03152e-05
1.03526e-05
1.02426e-05
1.00609e-05
9.96646e-06
